0.0 9.120943 3.6343443393707275 157.7575225830078
1.0 9.120943 9.505021095275879 163.44483947753906
2.0 9.120943 15.66547966003418 103.95342254638672
3.0 9.120943 19.773897171020508 29.594423294067383
4.0 9.120943 19.773897171020508 29.594423294067383
5.0 9.120943 39.33399963378906 28.39954376220703
6.0 9.120943 41.29217529296875 64.19548797607422
7.0 9.120943 63.45746994018555 40.091712951660156
8.0 9.120943 63.45746994018555 40.091712951660156
9.0 9.120943 76.59278869628906 80.70263671875
10.0 9.120943 132.40599060058594 102.49069213867188
11.0 9.120943 132.40599060058594 102.49069213867188
12.0 9.120943 132.40599060058594 102.49069213867188
13.0 9.120943 155.26904296875 115.77659606933594
14.0 9.120943 177.9087677001953 121.64556121826172
15.0 9.120943 188.4856719970703 98.28561401367188
16.0 9.120943 203.86297607421875 154.04022216796875
17.0 9.120943 203.86297607421875 154.04022216796875
18.0 9.120943 203.86297607421875 154.04022216796875
19.0 9.120943 224.79629516601562 63.19012451171875
20.0 9.120943 224.79629516601562 63.19012451171875
0.0 9.167007999 3.0897438526153564 157.50433349609375
1.0 9.167007999 8.627683639526367 163.51089477539062
2.0 9.167007999 15.944095611572266 104.06268310546875
3.0 9.167007999 20.699308395385742 29.595863342285156
4.0 9.167007999 20.699308395385742 29.595863342285156
5.0 9.167007999 39.27676773071289 29.17108154296875
6.0 9.167007999 41.74271774291992 64.3533935546875
7.0 9.167007999 64.18810272216797 40.53920364379883
8.0 9.167007999 64.18810272216797 40.53920364379883
9.0 9.167007999 77.09849548339844 81.3763427734375
10.0 9.167007999 133.17999267578125 103.64786529541016
11.0 9.167007999 133.17999267578125 103.64786529541016
12.0 9.167007999 133.17999267578125 103.64786529541016
13.0 9.167007999 155.42640686035156 116.9433364868164
14.0 9.167007999 177.88926696777344 123.00824737548828
15.0 9.167007999 188.76068115234375 99.6572265625
16.0 9.167007999 203.71630859375 155.51341247558594
17.0 9.167007999 203.71630859375 155.51341247558594
18.0 9.167007999 203.71630859375 155.51341247558594
19.0 9.167007999 225.29415893554688 64.70274353027344
20.0 9.167007999 225.29415893554688 64.70274353027344
0.0 9.213073 1.294248342514038 155.60122680664062
1.0 9.213073 7.0998005867004395 161.77032470703125
2.0 9.213073 16.08922004699707 102.60206604003906
3.0 9.213073 22.47348976135254 27.974323272705078
4.0 9.213073 22.47348976135254 27.974323272705078
5.0 9.213073 40.667236328125 28.42715072631836
6.0 9.213073 42.635498046875 63.16996765136719
7.0 9.213073 65.56892395019531 40.049068450927734
8.0 9.213073 65.56892395019531 40.049068450927734
9.0 9.213073 77.74968719482422 81.20185852050781
10.0 9.213073 133.7034912109375 104.94832611083984
11.0 9.213073 133.7034912109375 104.94832611083984
12.0 9.213073 133.7034912109375 104.94832611083984
13.0 9.213073 155.31134033203125 118.21991729736328
14.0 9.213073 177.6865234375 124.70574951171875
15.0 9.213073 188.9941864013672 101.54116821289062
16.0 9.213073 202.81398010253906 157.67507934570312
17.0 9.213073 202.81398010253906 157.67507934570312
18.0 9.213073 202.81398010253906 157.67507934570312
19.0 9.213073 226.18589782714844 67.43553161621094
20.0 9.213073 226.18589782714844 67.43553161621094
0.0 9.259139 -34.03554153442383 151.999755859375
1.0 9.259139 -4.26980447769165 159.6364288330078
2.0 9.259139 16.79433822631836 100.92999267578125
3.0 9.259139 26.157941818237305 26.44424057006836
4.0 9.259139 26.157941818237305 26.44424057006836
5.0 9.259139 43.18342208862305 28.198993682861328
6.0 9.259139 44.801231384277344 62.82667922973633
7.0 9.259139 68.51882934570312 40.52325439453125
8.0 9.259139 68.51882934570312 40.52325439453125
9.0 9.259139 79.29457092285156 82.29168701171875
10.0 9.259139 134.35232543945312 108.16435241699219
11.0 9.259139 134.35232543945312 108.16435241699219
12.0 9.259139 134.35232543945312 108.16435241699219
13.0 9.259139 155.4636993408203 122.01145935058594
14.0 9.259139 177.55810546875 129.33749389648438
15.0 9.259139 189.60047912597656 106.5196762084961
16.0 9.259139 201.4539337158203 163.0786590576172
17.0 9.259139 201.4539337158203 163.0786590576172
18.0 9.259139 201.4539337158203 163.0786590576172
19.0 9.259139 227.91336059570312 73.58110809326172
20.0 9.259139 227.91336059570312 73.58110809326172
0.0 9.305203999 -56.57715606689453 148.0782928466797
1.0 9.305203999 -15.866133689880371 155.455322265625
2.0 9.305203999 17.255510330200195 98.5511474609375
3.0 9.305203999 30.971633911132812 24.243736267089844
4.0 9.305203999 30.971633911132812 24.243736267089844
5.0 9.305203999 46.90998458862305 27.516820907592773
6.0 9.305203999 47.19403839111328 62.14891815185547
7.0 9.305203999 72.123291015625 41.18681716918945
8.0 9.305203999 72.123291015625 41.18681716918945
9.0 9.305203999 80.67001342773438 83.5794448852539
10.0 9.305203999 134.1310577392578 112.30658721923828
11.0 9.305203999 134.1310577392578 112.30658721923828
12.0 9.305203999 134.1310577392578 112.30658721923828
13.0 9.305203999 154.8140411376953 127.13666534423828
14.0 9.305203999 176.4287109375 135.65597534179688
15.0 9.305203999 189.62950134277344 113.4036636352539
16.0 9.305203999 205.73374938964844 158.68936157226562
17.0 9.305203999 205.73374938964844 158.68936157226562
18.0 9.305203999 205.73374938964844 158.68936157226562
19.0 9.305203999 229.48672485351562 82.25292205810547
20.0 9.305203999 229.48672485351562 82.25292205810547
0.0 9.351268999 -97.38314819335938 151.19122314453125
1.0 9.351268999 -63.80224609375 157.72885131835938
2.0 9.351268999 17.395627975463867 95.63905334472656
3.0 9.351268999 35.38917541503906 21.854515075683594
4.0 9.351268999 35.38917541503906 21.854515075683594
5.0 9.351268999 49.55024337768555 26.365751266479492
6.0 9.351268999 49.1686897277832 61.147987365722656
7.0 9.351268999 75.14437103271484 41.49986267089844
8.0 9.351268999 75.14437103271484 41.49986267089844
9.0 9.351268999 81.54827880859375 84.47478485107422
10.0 9.351268999 133.3832550048828 115.97761535644531
11.0 9.351268999 133.3832550048828 115.97761535644531
12.0 9.351268999 133.3832550048828 115.97761535644531
13.0 9.351268999 153.4344940185547 131.6480712890625
14.0 9.351268999 174.55276489257812 141.4205780029297
15.0 9.351268999 188.8376007080078 119.71318817138672
16.0 9.351268999 201.1950225830078 155.3010711669922
17.0 9.351268999 201.1950225830078 155.3010711669922
18.0 9.351268999 201.1950225830078 155.3010711669922
19.0 9.351268999 230.15089416503906 90.45999908447266
20.0 9.351268999 230.15089416503906 90.45999908447266
0.0 9.397334999 -119.19756317138672 147.27488708496094
1.0 9.397334999 -82.26519775390625 154.6234130859375
2.0 9.397334999 17.380718231201172 92.79389190673828
3.0 9.397334999 38.91604232788086 19.74199104309082
4.0 9.397334999 38.91604232788086 19.74199104309082
5.0 9.397334999 50.72589111328125 25.120037078857422
6.0 9.397334999 50.54755401611328 59.858489990234375
7.0 9.397334999 77.4622573852539 41.48834991455078
8.0 9.397334999 77.4622573852539 41.48834991455078
9.0 9.397334999 81.92475128173828 84.80284881591797
10.0 9.397334999 132.35946655273438 118.6768569946289
11.0 9.397334999 132.35946655273438 118.6768569946289
12.0 9.397334999 132.35946655273438 118.6768569946289
13.0 9.397334999 151.79925537109375 135.12208557128906
14.0 9.397334999 172.42300415039062 145.72671508789062
15.0 9.397334999 187.63836669921875 124.54789733886719
16.0 9.397334999 198.30947875976562 160.52500915527344
17.0 9.397334999 198.30947875976562 160.52500915527344
18.0 9.397334999 198.30947875976562 160.52500915527344
19.0 9.397334999 230.13250732421875 96.97053527832031
20.0 9.397334999 230.13250732421875 96.97053527832031
0.0 9.4434 -152.6210479736328 157.70558166503906
1.0 9.4434 -117.2589111328125 151.56033325195312
2.0 9.4434 18.234485626220703 89.72047424316406
3.0 9.4434 43.75885772705078 17.625612258911133
4.0 9.4434 43.75885772705078 17.625612258911133
5.0 9.4434 53.269744873046875 23.908979415893555
6.0 9.4434 52.838871002197266 58.82929611206055
7.0 9.4434 80.75511169433594 41.76627731323242
8.0 9.4434 80.75511169433594 41.76627731323242
9.0 9.4434 83.08822631835938 85.3545913696289
10.0 9.4434 131.77345275878906 121.58428955078125
11.0 9.4434 131.77345275878906 121.58428955078125
12.0 9.4434 131.77345275878906 121.58428955078125
13.0 9.4434 150.61859130859375 138.8800506591797
14.0 9.4434 170.614501953125 150.62008666992188
15.0 9.4434 186.81802368164062 130.08346557617188
16.0 9.4434 195.8453826904297 166.44921875
17.0 9.4434 195.8453826904297 166.44921875
18.0 9.4434 195.8453826904297 166.44921875
19.0 9.4434 230.4678497314453 104.37493133544922
20.0 9.4434 230.4678497314453 104.37493133544922
0.0 9.489466 -186.47279357910156 154.9189453125
1.0 9.489466 -150.6642608642578 149.35096740722656
2.0 9.489466 19.632823944091797 86.17928314208984
3.0 9.489466 50.62993621826172 15.761241912841797
4.0 9.489466 50.62993621826172 15.761241912841797
5.0 9.489466 59.12765884399414 23.215944290161133
6.0 9.489466 56.218406677246094 58.293357849121094
7.0 9.489466 85.31971740722656 43.03323745727539
8.0 9.489466 85.31971740722656 43.03323745727539
9.0 9.489466 84.75030517578125 86.8012466430664
10.0 9.489466 129.428466796875 121.88445281982422
11.0 9.489466 129.428466796875 121.88445281982422
12.0 9.489466 129.428466796875 121.88445281982422
13.0 9.489466 148.71475219726562 144.69577026367188
14.0 9.489466 167.80772399902344 157.78182983398438
15.0 9.489466 185.2724609375 138.23390197753906
16.0 9.489466 204.3280029296875 157.3258056640625
17.0 9.489466 204.3280029296875 157.3258056640625
18.0 9.489466 204.3280029296875 157.3258056640625
19.0 9.489466 230.50518798828125 115.23982238769531
20.0 9.489466 230.50518798828125 115.23982238769531
0.0 9.535530999 -200.16207885742188 153.9139404296875
1.0 9.535530999 -174.3891143798828 148.35372924804688
2.0 9.535530999 20.60157585144043 83.22171020507812
3.0 9.535530999 56.52299880981445 14.887500762939453
4.0 9.535530999 56.52299880981445 14.887500762939453
5.0 9.535530999 64.13296508789062 23.238561630249023
6.0 9.535530999 58.660438537597656 58.16725158691406
7.0 9.535530999 88.7862548828125 44.8213996887207
8.0 9.535530999 88.7862548828125 44.8213996887207
9.0 9.535530999 85.45652770996094 88.54166412353516
10.0 9.535530999 128.00852966308594 126.77252960205078
11.0 9.535530999 128.00852966308594 126.77252960205078
12.0 9.535530999 128.00852966308594 126.77252960205078
13.0 9.535530999 145.91754150390625 150.31871032714844
14.0 9.535530999 164.08547973632812 164.78411865234375
15.0 9.535530999 182.68226623535156 146.13157653808594
16.0 9.535530999 201.16818237304688 166.1451873779297
17.0 9.535530999 201.16818237304688 166.1451873779297
18.0 9.535530999 201.16818237304688 166.1451873779297
19.0 9.535530999 229.27516174316406 125.5915756225586
20.0 9.535530999 229.27516174316406 125.5915756225586
0.0 9.581596 -251.94708251953125 158.8977508544922
1.0 9.581596 -196.26820373535156 144.35995483398438
2.0 9.581596 21.657514572143555 78.33323669433594
3.0 9.581596 61.38689422607422 11.94703197479248
4.0 9.581596 61.38689422607422 11.94703197479248
5.0 9.581596 68.19579315185547 20.978918075561523
6.0 9.581596 61.02330017089844 55.36199188232422
7.0 9.581596 91.67977142333984 43.82313537597656
8.0 9.581596 91.67977142333984 43.82313537597656
9.0 9.581596 86.14723205566406 87.33126068115234
10.0 9.581596 127.14158630371094 128.06143188476562
11.0 9.581596 127.14158630371094 128.06143188476562
12.0 9.581596 127.14158630371094 128.06143188476562
13.0 9.581596 143.5789337158203 151.9576873779297
14.0 9.581596 160.82034301757812 167.53683471679688
15.0 9.581596 180.42515563964844 149.5963134765625
16.0 9.581596 198.27532958984375 170.44129943847656
17.0 9.581596 198.27532958984375 170.44129943847656
18.0 9.581596 198.27532958984375 170.44129943847656
19.0 9.581596 227.92462158203125 131.44210815429688
20.0 9.581596 227.92462158203125 131.44210815429688
0.0 9.627662 -270.7287292480469 154.68862915039062
1.0 9.627662 -223.64303588867188 141.23194885253906
2.0 9.627662 22.85076904296875 75.16449737548828
3.0 9.627662 65.27870178222656 10.274099349975586
4.0 9.627662 65.27870178222656 10.274099349975586
5.0 9.627662 71.51365661621094 19.703336715698242
6.0 9.627662 63.07732391357422 53.639434814453125
7.0 9.627662 94.11029052734375 43.37731170654297
8.0 9.627662 94.11029052734375 43.37731170654297
9.0 9.627662 86.95135498046875 86.59534454345703
10.0 9.627662 126.54230499267578 128.89199829101562
11.0 9.627662 126.54230499267578 128.89199829101562
12.0 9.627662 126.54230499267578 128.89199829101562
13.0 9.627662 142.08807373046875 153.43118286132812
14.0 9.627662 158.67848205566406 169.63711547851562
15.0 9.627662 178.95480346679688 152.32113647460938
16.0 9.627662 196.4399871826172 173.71080017089844
17.0 9.627662 196.4399871826172 173.71080017089844
18.0 9.627662 196.4399871826172 173.71080017089844
19.0 9.627662 227.1393585205078 135.88156127929688
20.0 9.627662 227.1393585205078 135.88156127929688
0.0 9.673726999 -253.29208374023438 159.55955505371094
1.0 9.673726999 -245.69479370117188 144.07427978515625
2.0 9.673726999 20.666263580322266 76.09852600097656
3.0 9.673726999 70.69026184082031 7.455804347991943
4.0 9.673726999 70.69026184082031 7.455804347991943
5.0 9.673726999 76.10674285888672 17.40505027770996
6.0 9.673726999 66.03206634521484 50.70328903198242
7.0 9.673726999 97.59178161621094 42.14568328857422
8.0 9.673726999 97.59178161621094 42.14568328857422
9.0 9.673726999 88.41712188720703 84.92505645751953
10.0 9.673726999 124.87772369384766 128.9484100341797
11.0 9.673726999 124.87772369384766 128.9484100341797
12.0 9.673726999 124.87772369384766 128.9484100341797
13.0 9.673726999 140.3973846435547 154.29750061035156
14.0 9.673726999 156.07652282714844 171.4542694091797
15.0 9.673726999 177.22923278808594 154.8961639404297
16.0 9.673726999 195.40769958496094 197.9512481689453
17.0 9.673726999 195.40769958496094 197.9512481689453
18.0 9.673726999 195.40769958496094 197.9512481689453
19.0 9.673726999 226.06658935546875 140.79261779785156
20.0 9.673726999 226.06658935546875 140.79261779785156
0.0 9.719791999 -274.33544921875 159.45059204101562
1.0 9.719791999 -244.3594970703125 144.8566131591797
2.0 9.719791999 21.595821380615234 71.36238861083984
3.0 9.719791999 75.45881652832031 5.015562534332275
4.0 9.719791999 75.45881652832031 5.015562534332275
5.0 9.719791999 79.84172821044922 15.641998291015625
6.0 9.719791999 68.0062026977539 48.43073272705078
7.0 9.719791999 100.10614013671875 41.63378143310547
8.0 9.719791999 100.10614013671875 41.63378143310547
9.0 9.719791999 88.67654418945312 83.81145477294922
10.0 9.719791999 122.90033721923828 130.0631103515625
11.0 9.719791999 122.90033721923828 130.0631103515625
12.0 9.719791999 122.90033721923828 130.0631103515625
13.0 9.719791999 137.1556396484375 155.82142639160156
14.0 9.719791999 151.65841674804688 174.04788208007812
15.0 9.719791999 173.80935668945312 158.32972717285156
16.0 9.719791999 198.5279541015625 202.21875
17.0 9.719791999 198.5279541015625 202.21875
18.0 9.719791999 198.5279541015625 202.21875
19.0 9.719791999 223.48880004882812 146.73399353027344
20.0 9.719791999 223.48880004882812 146.73399353027344
0.0 9.765858 -316.47821044921875 148.04043579101562
1.0 9.765858 -264.6482238769531 146.03753662109375
2.0 9.765858 22.568470001220703 67.63106536865234
3.0 9.765858 79.90677642822266 2.3249990940093994
4.0 9.765858 79.90677642822266 2.3249990940093994
5.0 9.765858 83.0875244140625 14.427532196044922
6.0 9.765858 69.87519836425781 46.81441879272461
7.0 9.765858 102.21035766601562 41.53440856933594
8.0 9.765858 102.21035766601562 41.53440856933594
9.0 9.765858 88.94025421142578 83.1961898803711
10.0 9.765858 120.92967987060547 131.04396057128906
11.0 9.765858 120.92967987060547 131.04396057128906
12.0 9.765858 120.92967987060547 131.04396057128906
13.0 9.765858 134.38803100585938 157.30271911621094
14.0 9.765858 147.93601989746094 176.427001953125
15.0 9.765858 170.85848999023438 161.33148193359375
16.0 9.765858 278.5085754394531 221.29830932617188
17.0 9.765858 278.5085754394531 221.29830932617188
18.0 9.765858 278.5085754394531 221.29830932617188
19.0 9.765858 221.0078887939453 151.79644775390625
20.0 9.765858 221.0078887939453 151.79644775390625
0.0 9.811923 -346.6692199707031 142.26211547851562
1.0 9.811923 -294.3577880859375 139.88595581054688
2.0 9.811923 24.223386764526367 64.2216796875
3.0 9.811923 84.30213165283203 -1.7011829614639282
4.0 9.811923 84.30213165283203 -1.7011829614639282
5.0 9.811923 86.41093444824219 13.137404441833496
6.0 9.811923 72.16059112548828 45.2109260559082
7.0 9.811923 104.77713775634766 41.264427185058594
8.0 9.811923 104.77713775634766 41.264427185058594
9.0 9.811923 89.9261245727539 82.34233856201172
10.0 9.811923 120.23603820800781 131.58164978027344
11.0 9.811923 120.23603820800781 131.58164978027344
12.0 9.811923 120.23603820800781 131.58164978027344
13.0 9.811923 132.66903686523438 158.09068298339844
14.0 9.811923 145.386474609375 177.9823760986328
15.0 9.811923 168.9716796875 163.44821166992188
16.0 9.811923 246.50857543945312 185.29830932617188
17.0 9.811923 246.50857543945312 185.29830932617188
18.0 9.811923 246.50857543945312 185.29830932617188
19.0 9.811923 219.46119689941406 155.735595703125
20.0 9.811923 219.46119689941406 155.735595703125
0.0 9.857987999 -380.26983642578125 140.2530975341797
1.0 9.857987999 -326.477783203125 137.2020263671875
2.0 9.857987999 25.49728775024414 62.262367248535156
3.0 9.857987999 88.66841125488281 -17.367475509643555
4.0 9.857987999 88.66841125488281 -17.367475509643555
5.0 9.857987999 89.13488006591797 12.812637329101562
6.0 9.857987999 73.95417022705078 44.69489288330078
7.0 9.857987999 106.60538482666016 41.738651275634766
8.0 9.857987999 106.60538482666016 41.738651275634766
9.0 9.857987999 90.61074829101562 82.50341796875
10.0 9.857987999 119.34207916259766 132.65611267089844
11.0 9.857987999 119.34207916259766 132.65611267089844
12.0 9.857987999 119.34207916259766 132.65611267089844
13.0 9.857987999 131.18499755859375 159.51670837402344
14.0 9.857987999 141.82310485839844 207.19781494140625
15.0 9.857987999 167.30625915527344 165.7818145751953
16.0 9.857987999 248.77207946777344 242.8283233642578
17.0 9.857987999 248.77207946777344 242.8283233642578
18.0 9.857987999 248.77207946777344 242.8283233642578
19.0 9.857987999 218.00930786132812 159.50869750976562
20.0 9.857987999 218.00930786132812 159.50869750976562
0.0 9.904053999 -407.27935791015625 137.7643280029297
1.0 9.904053999 -350.07672119140625 136.00894165039062
2.0 9.904053999 25.72766876220703 61.148704528808594
3.0 9.904053999 91.18583679199219 -49.312591552734375
4.0 9.904053999 91.18583679199219 -49.312591552734375
5.0 9.904053999 89.93280029296875 12.327192306518555
6.0 9.904053999 74.41310119628906 44.194679260253906
7.0 9.904053999 107.00664520263672 41.60060501098633
8.0 9.904053999 107.00664520263672 41.60060501098633
9.0 9.904053999 90.48946380615234 82.20057678222656
10.0 9.904053999 118.6167221069336 132.81100463867188
11.0 9.904053999 118.6167221069336 132.81100463867188
12.0 9.904053999 118.6167221069336 132.81100463867188
13.0 9.904053999 130.10804748535156 159.79151916503906
14.0 9.904053999 140.39434814453125 244.03286743164062
15.0 9.904053999 166.26268005371094 166.41795349121094
16.0 9.904053999 236.77207946777344 250.8283233642578
17.0 9.904053999 236.77207946777344 250.8283233642578
18.0 9.904053999 236.77207946777344 250.8283233642578
19.0 9.904053999 217.09793090820312 160.70767211914062
20.0 9.904053999 217.09793090820312 160.70767211914062
0.0 9.950119 -430.0408935546875 139.82064819335938
1.0 9.950119 -371.03778076171875 138.51492309570312
2.0 9.950119 24.419570922851562 62.671302795410156
3.0 9.950119 90.0082015991211 -62.624961853027344
4.0 9.950119 90.0082015991211 -62.624961853027344
5.0 9.950119 87.62161254882812 12.706836700439453
6.0 9.950119 73.13801574707031 44.92127990722656
7.0 9.950119 105.28585052490234 41.71517562866211
8.0 9.950119 105.28585052490234 41.71517562866211
9.0 9.950119 89.3595962524414 82.55630493164062
10.0 9.950119 117.86505889892578 132.46624755859375
11.0 9.950119 117.86505889892578 132.46624755859375
12.0 9.950119 117.86505889892578 132.46624755859375
13.0 9.950119 130.1656036376953 159.66043090820312
14.0 9.950119 140.91517639160156 262.4786376953125
15.0 9.950119 166.5587615966797 165.54933166503906
16.0 9.950119 262.68560791015625 260.72637939453125
17.0 9.950119 262.68560791015625 260.72637939453125
18.0 9.950119 262.68560791015625 260.72637939453125
19.0 9.950119 217.41885375976562 159.04286193847656
20.0 9.950119 217.41885375976562 159.04286193847656
0.0 9.996185 -470.54736328125 143.9181671142578
1.0 9.996185 -417.0662841796875 145.64553833007812
2.0 9.996185 21.90180015563965 67.257568359375
3.0 9.996185 85.6265640258789 -84.11166381835938
4.0 9.996185 85.6265640258789 -84.11166381835938
5.0 9.996185 81.97039794921875 13.985626220703125
6.0 9.996185 69.99635314941406 46.885311126708984
7.0 9.996185 101.48779296875 41.78132247924805
8.0 9.996185 101.48779296875 41.78132247924805
9.0 9.996185 87.62537384033203 83.35757446289062
10.0 9.996185 118.80463409423828 131.54837036132812
11.0 9.996185 118.80463409423828 131.54837036132812
12.0 9.996185 118.80463409423828 131.54837036132812
13.0 9.996185 132.21791076660156 158.42723083496094
14.0 9.996185 141.62538146972656 235.3077850341797
15.0 9.996185 169.1529998779297 162.26438903808594
16.0 9.996185 275.18560791015625 316.97637939453125
17.0 9.996185 275.18560791015625 316.97637939453125
18.0 9.996185 275.18560791015625 316.97637939453125
19.0 9.996185 219.6692352294922 153.1835479736328
20.0 9.996185 219.6692352294922 153.1835479736328
0.0 10.042249999 -553.0714721679688 142.12083435058594
1.0 10.042249999 -489.6112976074219 141.5587615966797
2.0 10.042249999 19.447927474975586 73.84727478027344
3.0 10.042249999 78.9387435913086 -129.4031219482422
4.0 10.042249999 78.9387435913086 -129.4031219482422
5.0 10.042249999 74.25572967529297 15.917737007141113
6.0 10.042249999 66.05021667480469 49.494651794433594
7.0 10.042249999 96.59970092773438 41.31104278564453
8.0 10.042249999 96.59970092773438 41.31104278564453
9.0 10.042249999 86.12626647949219 83.84043884277344
10.0 10.042249999 121.41549682617188 128.77146911621094
11.0 10.042249999 121.41549682617188 128.77146911621094
12.0 10.042249999 121.41549682617188 128.77146911621094
13.0 10.042249999 136.56944274902344 155.2072296142578
14.0 10.042249999 135.40174865722656 216.31776428222656
15.0 10.042249999 173.91900634765625 155.80496215820312
16.0 10.042249999 262.68560791015625 366.97637939453125
17.0 10.042249999 262.68560791015625 366.97637939453125
18.0 10.042249999 262.68560791015625 366.97637939453125
19.0 10.042249999 223.580078125 142.7911834716797
20.0 10.042249999 223.580078125 142.7911834716797
0.0 10.088315 -579.3671264648438 142.07713317871094
1.0 10.088315 -515.3436889648438 141.49940490722656
2.0 10.088315 19.078481674194336 82.20463562011719
3.0 10.088315 73.01364135742188 -174.50387573242188
4.0 10.088315 73.01364135742188 -174.50387573242188
5.0 10.088315 67.42220306396484 19.727275848388672
6.0 10.088315 63.56013870239258 53.33176040649414
7.0 10.088315 92.88179779052734 42.12158203125
8.0 10.088315 92.88179779052734 42.12158203125
9.0 10.088315 86.35625457763672 85.44805908203125
10.0 10.088315 125.67494201660156 126.34146118164062
11.0 10.088315 125.67494201660156 126.34146118164062
12.0 10.088315 125.67494201660156 126.34146118164062
13.0 10.088315 142.82843017578125 151.93975830078125
14.0 10.088315 147.60797119140625 276.0738830566406
15.0 10.088315 180.32562255859375 149.04443359375
16.0 10.088315 265.81060791015625 373.22637939453125
17.0 10.088315 265.81060791015625 373.22637939453125
18.0 10.088315 265.81060791015625 373.22637939453125
19.0 10.088315 228.5284423828125 131.62783813476562
20.0 10.088315 228.5284423828125 131.62783813476562
0.0 10.134381 -615.2517700195312 137.369140625
1.0 10.134381 -550.1959838867188 136.97340393066406
2.0 10.134381 20.693798065185547 90.61685180664062
3.0 10.134381 68.4506607055664 -225.04531860351562
4.0 10.134381 68.4506607055664 -225.04531860351562
5.0 10.134381 62.67937088012695 24.531206130981445
6.0 10.134381 62.55333709716797 57.787681579589844
7.0 10.134381 90.64704132080078 43.87358474731445
8.0 10.134381 90.64704132080078 43.87358474731445
9.0 10.134381 87.98005676269531 87.58180236816406
10.0 10.134381 130.81260681152344 124.45519256591797
11.0 10.134381 130.81260681152344 124.45519256591797
12.0 10.134381 130.81260681152344 124.45519256591797
13.0 10.134381 149.8204803466797 149.0847625732422
14.0 10.134381 199.50091552734375 389.96075439453125
15.0 10.134381 187.11219787597656 142.84046936035156
16.0 10.134381 239.81060791015625 326.22637939453125
17.0 10.134381 239.81060791015625 326.22637939453125
18.0 10.134381 239.81060791015625 326.22637939453125
19.0 10.134381 233.56704711914062 121.47756958007812
20.0 10.134381 233.56704711914062 121.47756958007812
0.0 10.180445999 -635.2843627929688 121.47296905517578
1.0 10.180445999 -585.032958984375 132.74916076660156
2.0 10.180445999 21.497421264648438 99.92646789550781
3.0 10.180445999 79.71134185791016 -296.7773132324219
4.0 10.180445999 79.71134185791016 -296.7773132324219
5.0 10.180445999 57.16450500488281 30.928165435791016
6.0 10.180445999 60.904300689697266 63.055328369140625
7.0 10.180445999 87.12703704833984 47.304962158203125
8.0 10.180445999 87.12703704833984 47.304962158203125
9.0 10.180445999 88.38059997558594 91.13558197021484
10.0 10.180445999 133.920654296875 123.42733001708984
11.0 10.180445999 133.920654296875 123.42733001708984
12.0 10.180445999 133.920654296875 123.42733001708984
13.0 10.180445999 154.84146118164062 147.29124450683594
14.0 10.180445999 208.4188995361328 332.8785400390625
15.0 10.180445999 191.759521484375 137.64573669433594
16.0 10.180445999 244.8700408935547 282.2818298339844
17.0 10.180445999 244.8700408935547 282.2818298339844
18.0 10.180445999 244.8700408935547 282.2818298339844
19.0 10.180445999 249.01438903808594 112.55872344970703
20.0 10.180445999 249.01438903808594 112.55872344970703
0.0 10.226510999 -659.1614379882812 133.7207794189453
1.0 10.226510999 -591.5887451171875 133.2392120361328
2.0 10.226510999 18.88558006286621 111.12081909179688
3.0 10.226510999 79.77318572998047 -330.7384948730469
4.0 10.226510999 79.77318572998047 -330.7384948730469
5.0 10.226510999 52.52615737915039 39.242279052734375
6.0 10.226510999 59.76744079589844 69.87020874023438
7.0 10.226510999 84.0387191772461 52.523624420166016
8.0 10.226510999 84.0387191772461 52.523624420166016
9.0 10.226510999 89.1327133178711 96.18193054199219
10.0 10.226510999 137.05372619628906 123.70840454101562
11.0 10.226510999 137.05372619628906 123.70840454101562
12.0 10.226510999 137.05372619628906 123.70840454101562
13.0 10.226510999 159.70550537109375 146.6553497314453
14.0 10.226510999 224.56634521484375 311.2558898925781
15.0 10.226510999 195.81988525390625 133.69998168945312
16.0 10.226510999 244.8700408935547 282.2818298339844
17.0 10.226510999 244.8700408935547 282.2818298339844
18.0 10.226510999 244.8700408935547 282.2818298339844
19.0 10.226510999 282.4052429199219 102.86065673828125
20.0 10.226510999 282.4052429199219 102.86065673828125
0.0 10.272576999 -677.8511352539062 135.17864990234375
1.0 10.272576999 -611.0568237304688 139.85256958007812
2.0 10.272576999 34.222469329833984 92.31343078613281
3.0 10.272576999 149.0587921142578 -362.7023620605469
4.0 10.272576999 149.0587921142578 -362.7023620605469
5.0 10.272576999 49.65467071533203 47.752742767333984
6.0 10.272576999 60.04416275024414 76.65925598144531
7.0 10.272576999 82.58146667480469 57.70934295654297
8.0 10.272576999 82.58146667480469 57.70934295654297
9.0 10.272576999 91.49755859375 100.78133392333984
10.0 10.272576999 141.80006408691406 123.8258285522461
11.0 10.272576999 141.80006408691406 123.8258285522461
12.0 10.272576999 141.80006408691406 123.8258285522461
13.0 10.272576999 165.80894470214844 145.23837280273438
14.0 10.272576999 21.212303161621094 1976.341064453125
15.0 10.272576999 200.90823364257812 129.14920043945312
16.0 10.272576999 244.8700408935547 282.2818298339844
17.0 10.272576999 244.8700408935547 282.2818298339844
18.0 10.272576999 244.8700408935547 282.2818298339844
19.0 10.272576999 310.87615966796875 94.96926879882812
20.0 10.272576999 310.87615966796875 94.96926879882812
0.0 10.318642 -689.5478515625 121.46466064453125
1.0 10.318642 -633.101806640625 148.26622009277344
2.0 10.318642 30.934246063232422 100.36524200439453
3.0 10.318642 137.5191192626953 -387.8661804199219
4.0 10.318642 137.5191192626953 -387.8661804199219
5.0 10.318642 41.9051513671875 54.87487030029297
6.0 10.318642 55.65678405761719 82.14199829101562
7.0 10.318642 75.93669128417969 60.88726043701172
8.0 10.318642 75.93669128417969 60.88726043701172
9.0 10.318642 89.20541381835938 102.902099609375
10.0 10.318642 141.0534210205078 120.48461151123047
11.0 10.318642 141.0534210205078 120.48461151123047
12.0 10.318642 141.0534210205078 120.48461151123047
13.0 10.318642 167.19139099121094 140.27783203125
14.0 10.318642 27.772188186645508 2012.6920166015625
15.0 10.318642 194.82009887695312 139.31378173828125
16.0 10.318642 260.1978759765625 262.5726623535156
17.0 10.318642 260.1978759765625 262.5726623535156
18.0 10.318642 260.1978759765625 262.5726623535156
19.0 10.318642 250.37081909179688 97.48124694824219
20.0 10.318642 250.37081909179688 97.48124694824219
0.0 10.364706999 -761.108642578125 108.57234191894531
1.0 10.364706999 -671.8973388671875 130.75592041015625
2.0 10.364706999 29.797077178955078 108.31591033935547
3.0 10.364706999 149.7919921875 -333.865234375
4.0 10.364706999 149.7919921875 -333.865234375
5.0 10.364706999 35.76055908203125 62.654388427734375
6.0 10.364706999 52.57866287231445 87.09748077392578
7.0 10.364706999 70.50665283203125 64.09916687011719
8.0 10.364706999 70.50665283203125 64.09916687011719
9.0 10.364706999 88.01566314697266 104.53945922851562
10.0 10.364706999 141.04896545410156 116.08509826660156
11.0 10.364706999 141.04896545410156 116.08509826660156
12.0 10.364706999 141.04896545410156 116.08509826660156
13.0 10.364706999 169.06927490234375 133.8209228515625
14.0 10.364706999 30.377553939819336 2040.5020751953125
15.0 10.364706999 195.92141723632812 139.5249786376953
16.0 10.364706999 272.6978759765625 187.57266235351562
17.0 10.364706999 272.6978759765625 187.57266235351562
18.0 10.364706999 272.6978759765625 187.57266235351562
19.0 10.364706999 242.28802490234375 90.49994659423828
20.0 10.364706999 242.28802490234375 90.49994659423828
0.0 10.410772999 -784.108642578125 116.36888885498047
1.0 10.410772999 -743.1550903320312 120.85442352294922
2.0 10.410772999 30.02496337890625 113.98145294189453
3.0 10.410772999 143.41212463378906 -353.63909912109375
4.0 10.410772999 143.41212463378906 -353.63909912109375
5.0 10.410772999 32.96147918701172 68.43185424804688
6.0 10.410772999 51.984771728515625 91.1095962524414
7.0 10.410772999 67.78026580810547 67.12254333496094
8.0 10.410772999 67.78026580810547 67.12254333496094
9.0 10.410772999 87.91034698486328 106.2824935913086
10.0 10.410772999 141.32110595703125 114.31474304199219
11.0 10.410772999 141.32110595703125 114.31474304199219
12.0 10.410772999 141.32110595703125 114.31474304199219
13.0 10.410772999 170.431640625 130.30426025390625
14.0 10.410772999 38.1482048034668 2098.219482421875
15.0 10.410772999 197.48007202148438 134.13705444335938
16.0 10.410772999 272.6978759765625 187.57266235351562
17.0 10.410772999 272.6978759765625 187.57266235351562
18.0 10.410772999 272.6978759765625 187.57266235351562
19.0 10.410772999 237.82635498046875 81.99463653564453
20.0 10.410772999 237.82635498046875 81.99463653564453
0.0 10.456838 -810.5435180664062 124.56875610351562
1.0 10.456838 -752.9838256835938 131.85630798339844
2.0 10.456838 31.296131134033203 119.45122528076172
3.0 10.456838 138.6532440185547 -385.9693908691406
4.0 10.456838 138.6532440185547 -385.9693908691406
5.0 10.456838 31.480915069580078 74.0765151977539
6.0 10.456838 51.9051399230957 94.77082824707031
7.0 10.456838 66.15869903564453 70.28453063964844
8.0 10.456838 66.15869903564453 70.28453063964844
9.0 10.456838 88.64306640625 108.09371948242188
10.0 10.456838 142.18722534179688 112.74130249023438
11.0 10.456838 142.18722534179688 112.74130249023438
12.0 10.456838 142.18722534179688 112.74130249023438
13.0 10.456838 172.32083129882812 127.43681335449219
14.0 10.456838 31.329357147216797 2099.847900390625
15.0 10.456838 199.4983673095703 129.40753173828125
16.0 10.456838 386.6978759765625 155.57266235351562
17.0 10.456838 386.6978759765625 155.57266235351562
18.0 10.456838 386.6978759765625 155.57266235351562
19.0 10.456838 235.81703186035156 75.25000762939453
20.0 10.456838 235.81703186035156 75.25000762939453
0.0 10.502904 -838.9061279296875 130.52133178710938
1.0 10.502904 -771.9432983398438 139.14942932128906
2.0 10.502904 30.33561134338379 123.50061798095703
3.0 10.502904 139.55035400390625 -423.8674621582031
4.0 10.502904 139.55035400390625 -423.8674621582031
5.0 10.502904 28.212444305419922 78.4518051147461
6.0 10.502904 49.67974853515625 97.5835952758789
7.0 10.502904 62.59405517578125 72.47602081298828
8.0 10.502904 62.59405517578125 72.47602081298828
9.0 10.502904 86.88166046142578 109.10758209228516
10.0 10.502904 140.3428192138672 110.87642669677734
11.0 10.502904 140.3428192138672 110.87642669677734
12.0 10.502904 140.3428192138672 110.87642669677734
13.0 10.502904 171.31565856933594 124.34938049316406
14.0 10.502904 32.47575759887695 2087.86767578125
15.0 10.502904 198.430908203125 124.7813949584961
16.0 10.502904 436.0908508300781 169.3333282470703
17.0 10.502904 436.0908508300781 169.3333282470703
18.0 10.502904 436.0908508300781 169.3333282470703
19.0 10.502904 263.20306396484375 63.24522018432617
20.0 10.502904 263.20306396484375 63.24522018432617
0.0 10.548968999 -861.545654296875 138.04002380371094
1.0 10.548968999 -779.183349609375 139.63186645507812
2.0 10.548968999 29.114355087280273 128.24488830566406
3.0 10.548968999 142.63739013671875 -417.7112731933594
4.0 10.548968999 142.63739013671875 -417.7112731933594
5.0 10.548968999 25.202844619750977 83.46939086914062
6.0 10.548968999 47.18950271606445 101.29804229736328
7.0 10.548968999 59.231346130371094 75.7967758178711
8.0 10.548968999 59.231346130371094 75.7967758178711
9.0 10.548968999 84.79821014404297 111.44024658203125
10.0 10.548968999 138.02711486816406 110.69731903076172
11.0 10.548968999 138.02711486816406 110.69731903076172
12.0 10.548968999 138.02711486816406 110.69731903076172
13.0 10.548968999 169.73895263671875 123.35420989990234
14.0 10.548968999 34.1408576965332 2113.679931640625
15.0 10.548968999 196.8806610107422 122.59516906738281
16.0 10.548968999 458.54840087890625 165.38787841796875
17.0 10.548968999 458.54840087890625 165.38787841796875
18.0 10.548968999 458.54840087890625 165.38787841796875
19.0 10.548968999 264.1805114746094 67.26353454589844
20.0 10.548968999 264.1805114746094 67.26353454589844
0.0 10.595033999 -892.4552612304688 139.94854736328125
1.0 10.595033999 -805.4716186523438 142.18667602539062
2.0 10.595033999 27.197662353515625 130.03526306152344
3.0 10.595033999 143.64151000976562 -466.5374450683594
4.0 10.595033999 143.64151000976562 -466.5374450683594
5.0 10.595033999 22.09357261657715 85.51780700683594
6.0 10.595033999 44.51009750366211 102.218017578125
7.0 10.595033999 55.611961364746094 76.59700775146484
8.0 10.595033999 55.611961364746094 76.59700775146484
9.0 10.595033999 82.14436340332031 111.4398422241211
10.0 10.595033999 135.01324462890625 108.95494842529297
11.0 10.595033999 135.01324462890625 108.95494842529297
12.0 10.595033999 135.01324462890625 108.95494842529297
13.0 10.595033999 167.27598571777344 120.8427734375
14.0 10.595033999 33.5068244934082 2145.6513671875
15.0 10.595033999 194.26690673828125 119.48772430419922
16.0 10.595033999 445.1887512207031 160.19908142089844
17.0 10.595033999 445.1887512207031 160.19908142089844
18.0 10.595033999 445.1887512207031 160.19908142089844
19.0 10.595033999 308.9193420410156 74.92208099365234
20.0 10.595033999 308.9193420410156 74.92208099365234
0.0 10.6411 -919.7811279296875 143.51107788085938
1.0 10.6411 -835.9380493164062 144.40550231933594
2.0 10.6411 25.017833709716797 131.5288848876953
3.0 10.6411 145.45590209960938 -509.2886047363281
4.0 10.6411 145.45590209960938 -509.2886047363281
5.0 10.6411 18.29942512512207 87.38581085205078
6.0 10.6411 41.08278274536133 102.95572662353516
7.0 10.6411 51.463504791259766 76.79566192626953
8.0 10.6411 51.463504791259766 76.79566192626953
9.0 10.6411 79.0856704711914 110.62413787841797
10.0 10.6411 136.1953582763672 108.86290740966797
11.0 10.6411 136.1953582763672 108.86290740966797
12.0 10.6411 136.1953582763672 108.86290740966797
13.0 10.6411 164.4384307861328 117.29721069335938
14.0 10.6411 32.1860237121582 2181.890869140625
15.0 10.6411 191.24900817871094 114.9164810180664
16.0 10.6411 441.7986145019531 162.42713928222656
17.0 10.6411 441.7986145019531 162.42713928222656
18.0 10.6411 441.7986145019531 162.42713928222656
19.0 10.6411 437.0907897949219 53.95086669921875
20.0 10.6411 437.0907897949219 53.95086669921875
0.0 10.687165 -949.7274780273438 143.86962890625
1.0 10.687165 -865.0404052734375 144.62481689453125
2.0 10.687165 23.378890991210938 131.9667510986328
3.0 10.687165 143.71826171875 -539.0559692382812
4.0 10.687165 143.71826171875 -539.0559692382812
5.0 10.687165 16.240074157714844 87.95616149902344
6.0 10.687165 39.050323486328125 103.16184997558594
7.0 10.687165 49.18245315551758 76.81401824951172
8.0 10.687165 49.18245315551758 76.81401824951172
9.0 10.687165 77.12319946289062 110.33585357666016
10.0 10.687165 134.70538330078125 108.49919128417969
11.0 10.687165 134.70538330078125 108.49919128417969
12.0 10.687165 134.70538330078125 108.49919128417969
13.0 10.687165 162.4427032470703 116.07362365722656
14.0 10.687165 31.087675094604492 2209.813232421875
15.0 10.687165 189.14540100097656 113.414306640625
16.0 10.687165 420.6513671875 159.71810913085938
17.0 10.687165 420.6513671875 159.71810913085938
18.0 10.687165 420.6513671875 159.71810913085938
19.0 10.687165 590.245849609375 50.233028411865234
20.0 10.687165 590.245849609375 50.233028411865234
0.0 10.733229999 -977.6974487304688 144.5066375732422
1.0 10.733229999 -892.6987915039062 145.20497131347656
2.0 10.733229999 22.99097442626953 132.9541778564453
3.0 10.733229999 143.134521484375 -571.383056640625
4.0 10.733229999 143.134521484375 -571.383056640625
5.0 10.733229999 16.112424850463867 88.71713256835938
6.0 10.733229999 38.83187484741211 103.92375183105469
7.0 10.733229999 49.00986099243164 77.92201232910156
8.0 10.733229999 49.00986099243164 77.92201232910156
9.0 10.733229999 76.8573226928711 111.58846282958984
10.0 10.733229999 134.6443634033203 110.01280212402344
11.0 10.733229999 134.6443634033203 110.01280212402344
12.0 10.733229999 134.6443634033203 110.01280212402344
13.0 10.733229999 162.1148681640625 117.70362854003906
14.0 10.733229999 30.465730667114258 2236.911376953125
15.0 10.733229999 188.71810913085938 115.13333129882812
16.0 10.733229999 414.3428955078125 160.60496520996094
17.0 10.733229999 414.3428955078125 160.60496520996094
18.0 10.733229999 414.3428955078125 160.60496520996094
19.0 10.733229999 642.7725830078125 51.065731048583984
20.0 10.733229999 642.7725830078125 51.065731048583984
0.0 10.779295999 -1000.1918334960938 145.4083251953125
1.0 10.779295999 -915.6993408203125 145.87936401367188
2.0 10.779295999 24.459447860717773 134.31497192382812
3.0 10.779295999 146.39991760253906 -593.0792846679688
4.0 10.779295999 146.39991760253906 -593.0792846679688
5.0 10.779295999 18.30923843383789 89.86974334716797
6.0 10.779295999 40.853702545166016 105.37519836425781
7.0 10.779295999 51.382789611816406 79.87508392333984
8.0 10.779295999 51.382789611816406 79.87508392333984
9.0 10.779295999 78.9520492553711 114.04198455810547
10.0 10.779295999 136.68434143066406 113.4800796508789
11.0 10.779295999 136.68434143066406 113.4800796508789
12.0 10.779295999 136.68434143066406 113.4800796508789
13.0 10.779295999 163.96701049804688 121.37126159667969
14.0 10.779295999 33.48052978515625 2270.222412109375
15.0 10.779295999 190.59242248535156 119.08216857910156
16.0 10.779295999 424.33685302734375 157.9849395751953
17.0 10.779295999 424.33685302734375 157.9849395751953
18.0 10.779295999 424.33685302734375 157.9849395751953
19.0 10.779295999 717.1704711914062 41.97129440307617
20.0 10.779295999 717.1704711914062 41.97129440307617
0.0 10.825361 -1022.7478637695312 142.39910888671875
1.0 10.825361 -938.9541015625 142.78781127929688
2.0 10.825361 25.236801147460938 133.5660400390625
3.0 10.825361 152.9564666748047 -605.0675048828125
4.0 10.825361 152.9564666748047 -605.0675048828125
5.0 10.825361 20.9242000579834 88.70789337158203
6.0 10.825361 42.85927200317383 105.13674926757812
7.0 10.825361 54.32179260253906 80.52664947509766
8.0 10.825361 54.32179260253906 80.52664947509766
9.0 10.825361 80.79844665527344 115.8248062133789
10.0 10.825361 134.09091186523438 113.99284362792969
11.0 10.825361 134.09091186523438 113.99284362792969
12.0 10.825361 134.09091186523438 113.99284362792969
13.0 10.825361 165.49131774902344 126.431884765625
14.0 10.825361 32.20024108886719 2287.31396484375
15.0 10.825361 190.26829528808594 117.54205322265625
16.0 10.825361 398.8810119628906 150.4942626953125
17.0 10.825361 398.8810119628906 150.4942626953125
18.0 10.825361 398.8810119628906 150.4942626953125
19.0 10.825361 797.6004028320312 42.821128845214844
20.0 10.825361 797.6004028320312 42.821128845214844
0.0 10.871427 -1019.395263671875 156.07838439941406
1.0 10.871427 -935.42333984375 156.4722900390625
2.0 10.871427 24.55559539794922 129.1035614013672
3.0 10.871427 163.69073486328125 -634.3702392578125
4.0 10.871427 163.69073486328125 -634.3702392578125
5.0 10.871427 23.487825393676758 83.76507568359375
6.0 10.871427 44.292232513427734 101.57042694091797
7.0 10.871427 57.15700912475586 78.41526794433594
8.0 10.871427 57.15700912475586 78.41526794433594
9.0 10.871427 81.54737854003906 115.45831298828125
10.0 10.871427 134.92283630371094 117.40225219726562
11.0 10.871427 134.92283630371094 117.40225219726562
12.0 10.871427 134.92283630371094 117.40225219726562
13.0 10.871427 165.37026977539062 131.36083984375
14.0 10.871427 32.29572296142578 2289.669921875
15.0 10.871427 189.23464965820312 113.32002258300781
16.0 10.871427 387.1667175292969 143.41482543945312
17.0 10.871427 387.1667175292969 143.41482543945312
18.0 10.871427 387.1667175292969 143.41482543945312
19.0 10.871427 827.3317260742188 50.97425079345703
20.0 10.871427 827.3317260742188 50.97425079345703
0.0 10.917491999 -1045.6397705078125 148.85179138183594
1.0 10.917491999 -962.1305541992188 149.25747680664062
2.0 10.917491999 23.806249618530273 123.927001953125
3.0 10.917491999 173.59661865234375 -655.0478515625
4.0 10.917491999 173.59661865234375 -655.0478515625
5.0 10.917491999 26.297801971435547 78.25788116455078
6.0 10.917491999 45.6057014465332 97.56681060791016
7.0 10.917491999 60.068138122558594 75.89678955078125
8.0 10.917491999 60.068138122558594 75.89678955078125
9.0 10.917491999 81.97000885009766 114.66011047363281
10.0 10.917491999 135.6644744873047 120.70108032226562
11.0 10.917491999 135.6644744873047 120.70108032226562
12.0 10.917491999 135.6644744873047 120.70108032226562
13.0 10.917491999 164.5233917236328 136.39013671875
14.0 10.917491999 34.89292526245117 2334.0166015625
15.0 10.917491999 189.3590850830078 120.5531234741211
16.0 10.917491999 340.1085510253906 175.98638916015625
17.0 10.917491999 340.1085510253906 175.98638916015625
18.0 10.917491999 340.1085510253906 175.98638916015625
19.0 10.917491999 841.1095581054688 56.8461799621582
20.0 10.917491999 841.1095581054688 56.8461799621582
0.0 10.963557 -1080.7437744140625 141.0810089111328
1.0 10.963557 -996.4185791015625 141.7595672607422
2.0 10.963557 22.361772537231445 118.84818267822266
3.0 10.963557 211.296630859375 -924.8355712890625
4.0 10.963557 211.296630859375 -924.8355712890625
5.0 10.963557 28.357818603515625 73.14095306396484
6.0 10.963557 46.44040298461914 93.60428619384766
7.0 10.963557 61.89339065551758 73.63893127441406
8.0 10.963557 61.89339065551758 73.63893127441406
9.0 10.963557 81.13542938232422 113.92818450927734
10.0 10.963557 134.40078735351562 123.9446792602539
11.0 10.963557 134.40078735351562 123.9446792602539
12.0 10.963557 134.40078735351562 123.9446792602539
13.0 10.963557 162.2066650390625 141.17625427246094
14.0 10.963557 29.23251724243164 2387.708984375
15.0 10.963557 187.73207092285156 127.61936950683594
16.0 10.963557 764.2857055664062 1020.4158935546875
17.0 10.963557 764.2857055664062 1020.4158935546875
18.0 10.963557 764.2857055664062 1020.4158935546875
19.0 10.963557 844.1544799804688 66.37789916992188
20.0 10.963557 844.1544799804688 66.37789916992188
0.0 11.009623 -1118.9879150390625 134.96273803710938
1.0 11.009623 -1034.61474609375 135.7147979736328
2.0 11.009623 21.579959869384766 112.71553039550781
3.0 11.009623 214.0255889892578 -969.5892944335938
4.0 11.009623 214.0255889892578 -969.5892944335938
5.0 11.009623 31.005613327026367 67.23995971679688
6.0 11.009623 47.48447799682617 88.74714660644531
7.0 11.009623 64.24716186523438 70.4661636352539
8.0 11.009623 64.24716186523438 70.4661636352539
9.0 11.009623 80.6572036743164 112.10075378417969
10.0 11.009623 133.6029052734375 125.9263687133789
11.0 11.009623 133.6029052734375 125.9263687133789
12.0 11.009623 133.6029052734375 125.9263687133789
13.0 11.009623 159.8591766357422 144.77687072753906
14.0 11.009623 14.50374698638916 2532.180419921875
15.0 11.009623 185.94517517089844 133.64651489257812
16.0 11.009623 464.28570556640625 220.4158935546875
17.0 11.009623 464.28570556640625 220.4158935546875
18.0 11.009623 464.28570556640625 220.4158935546875
19.0 11.009623 835.8278198242188 74.68009948730469
20.0 11.009623 835.8278198242188 74.68009948730469
0.0 11.055688 -1130.722412109375 134.17523193359375
1.0 11.055688 -1045.90673828125 134.41531372070312
2.0 11.055688 19.41046714782715 104.67945098876953
3.0 11.055688 219.2498321533203 -993.1459350585938
4.0 11.055688 219.2498321533203 -993.1459350585938
5.0 11.055688 32.270023345947266 59.69248962402344
6.0 11.055688 47.20444869995117 82.10227966308594
7.0 11.055688 65.00884246826172 65.4913558959961
8.0 11.055688 65.00884246826172 65.4913558959961
9.0 11.055688 78.32024383544922 108.22286987304688
10.0 11.055688 130.19390869140625 126.12279510498047
11.0 11.055688 130.19390869140625 126.12279510498047
12.0 11.055688 130.19390869140625 126.12279510498047
13.0 11.055688 155.24468994140625 146.3238525390625
14.0 11.055688 3.6976795196533203 2560.609619140625
15.0 11.055688 181.77725219726562 137.698974609375
16.0 11.055688 714.2857055664062 270.4158935546875
17.0 11.055688 714.2857055664062 270.4158935546875
18.0 11.055688 714.2857055664062 270.4158935546875
19.0 11.055688 847.159423828125 76.06295013427734
20.0 11.055688 847.159423828125 76.06295013427734
0.0 11.101752999 -1175.674072265625 121.82086181640625
1.0 11.101752999 -1089.3104248046875 122.2115478515625
2.0 11.101752999 17.966665267944336 96.6958999633789
3.0 11.101752999 225.2159423828125 -1008.6369018554688
4.0 11.101752999 225.2159423828125 -1008.6369018554688
5.0 11.101752999 34.256858825683594 52.40536117553711
6.0 11.101752999 47.79235076904297 75.64940643310547
7.0 11.101752999 66.3282241821289 60.92951965332031
8.0 11.101752999 66.3282241821289 60.92951965332031
9.0 11.101752999 76.31251525878906 104.46653747558594
10.0 11.101752999 126.87696075439453 126.68836975097656
11.0 11.101752999 126.87696075439453 126.68836975097656
12.0 11.101752999 126.87696075439453 126.68836975097656
13.0 11.101752999 150.54290771484375 148.15859985351562
14.0 11.101752999 -16.033916473388672 2544.74072265625
15.0 11.101752999 177.21014404296875 142.0696258544922
16.0 11.101752999 714.2857055664062 270.4158935546875
17.0 11.101752999 714.2857055664062 270.4158935546875
18.0 11.101752999 714.2857055664062 270.4158935546875
19.0 11.101752999 885.2734985351562 84.8321533203125
20.0 11.101752999 885.2734985351562 84.8321533203125
0.0 11.147818999 -1208.360107421875 126.99727630615234
1.0 11.147818999 -1122.4610595703125 126.95072174072266
2.0 11.147818999 18.64090919494629 90.25691986083984
3.0 11.147818999 366.6673583984375 -991.5672607421875
4.0 11.147818999 366.6673583984375 -991.5672607421875
5.0 11.147818999 37.784427642822266 46.71507263183594
6.0 11.147818999 50.11582946777344 70.74374389648438
7.0 11.147818999 69.09839630126953 57.5982666015625
8.0 11.147818999 69.09839630126953 57.5982666015625
9.0 11.147818999 76.37712860107422 101.69611358642578
10.0 11.147818999 125.66490936279297 127.28048706054688
11.0 11.147818999 125.66490936279297 127.28048706054688
12.0 11.147818999 125.66490936279297 127.28048706054688
13.0 11.147818999 147.87481689453125 149.94580078125
14.0 11.147818999 -616.033935546875 2244.74072265625
15.0 11.147818999 174.46607971191406 146.04617309570312
16.0 11.147818999 714.2857055664062 270.4158935546875
17.0 11.147818999 714.2857055664062 270.4158935546875
18.0 11.147818999 714.2857055664062 270.4158935546875
19.0 11.147818999 908.8990478515625 92.44243621826172
20.0 11.147818999 908.8990478515625 92.44243621826172
0.0 11.193884 -1217.27783203125 129.85667419433594
1.0 11.193884 -1131.414794921875 129.86074829101562
2.0 11.193884 21.59085464477539 84.69878387451172
3.0 11.193884 466.6673583984375 -991.5672607421875
4.0 11.193884 466.6673583984375 -991.5672607421875
5.0 11.193884 43.19490051269531 42.051231384277344
6.0 11.193884 54.2900390625 66.68555450439453
7.0 11.193884 73.77100372314453 54.982547760009766
8.0 11.193884 73.77100372314453 54.982547760009766
9.0 11.193884 78.66254425048828 99.42054748535156
10.0 11.193884 126.95514678955078 128.1001434326172
11.0 11.193884 126.95514678955078 128.1001434326172
12.0 11.193884 126.95514678955078 128.1001434326172
13.0 11.193884 147.5026092529297 151.66249084472656
14.0 11.193884 -619.158935546875 2249.42822265625
15.0 11.193884 173.91036987304688 149.63771057128906
16.0 11.193884 714.2857055664062 5389.166015625
17.0 11.193884 714.2857055664062 5389.166015625
18.0 11.193884 714.2857055664062 5389.166015625
19.0 11.193884 975.022216796875 104.75415802001953
20.0 11.193884 975.022216796875 104.75415802001953
0.0 11.239948999 -1234.4444580078125 120.88563537597656
1.0 11.239948999 -1148.6265869140625 120.89320373535156
2.0 11.239948999 24.986785888671875 77.63143157958984
3.0 11.239948999 716.6673583984375 -891.5672607421875
4.0 11.239948999 716.6673583984375 -891.5672607421875
5.0 11.239948999 49.57196044921875 36.35769271850586
6.0 11.239948999 59.1412467956543 61.79576873779297
7.0 11.239948999 79.12796783447266 51.88288497924805
8.0 11.239948999 79.12796783447266 51.88288497924805
9.0 11.239948999 80.79964447021484 96.60125732421875
10.0 11.239948999 126.9704818725586 129.20765686035156
11.0 11.239948999 126.9704818725586 129.20765686035156
12.0 11.239948999 126.9704818725586 129.20765686035156
13.0 11.239948999 145.9195556640625 153.73838806152344
14.0 11.239948999 -619.158935546875 2299.42822265625
15.0 11.239948999 171.9309844970703 154.15943908691406
16.0 11.239948999 814.2857055664062 5376.666015625
17.0 11.239948999 814.2857055664062 5376.666015625
18.0 11.239948999 814.2857055664062 5376.666015625
19.0 11.239948999 987.7702026367188 114.03341674804688
20.0 11.239948999 987.7702026367188 114.03341674804688
0.0 11.286014999 -1272.27783203125 122.3158187866211
1.0 11.286014999 -1186.471435546875 122.31409454345703
2.0 11.286014999 26.65221405029297 70.78667449951172
3.0 11.286014999 741.6673583984375 -891.5672607421875
4.0 11.286014999 741.6673583984375 -891.5672607421875
5.0 11.286014999 53.86288833618164 30.75244903564453
6.0 11.286014999 61.947078704833984 57.00702667236328
7.0 11.286014999 82.29470825195312 48.80172348022461
8.0 11.286014999 82.29470825195312 48.80172348022461
9.0 11.286014999 81.00360107421875 93.4793472290039
10.0 11.286014999 124.88050079345703 129.00244140625
11.0 11.286014999 124.88050079345703 129.00244140625
12.0 11.286014999 124.88050079345703 129.00244140625
13.0 11.286014999 142.3154296875 154.90013122558594
14.0 11.286014999 -681.658935546875 2299.42822265625
15.0 11.286014999 167.85064697265625 157.4723663330078
16.0 11.286014999 1614.28564453125 5576.666015625
17.0 11.286014999 1614.28564453125 5576.666015625
18.0 11.286014999 1614.28564453125 5576.666015625
19.0 11.286014999 1007.12939453125 119.85253143310547
20.0 11.286014999 1007.12939453125 119.85253143310547
0.0 11.33208 -1300.18994140625 114.97731018066406
1.0 11.33208 -1214.37158203125 114.9770736694336
2.0 11.33208 28.57718849182129 65.11470794677734
3.0 11.33208 816.6673583984375 -879.0672607421875
4.0 11.33208 816.6673583984375 -879.0672607421875
5.0 11.33208 58.2506217956543 26.436317443847656
6.0 11.33208 64.46410369873047 53.340248107910156
7.0 11.33208 85.305908203125 46.74592590332031
8.0 11.33208 85.305908203125 46.74592590332031
9.0 11.33208 81.214599609375 91.2762222290039
10.0 11.33208 122.9202651977539 129.79144287109375
11.0 11.33208 122.9202651977539 129.79144287109375
12.0 11.33208 122.9202651977539 129.79144287109375
13.0 11.33208 138.76344299316406 156.50433349609375
14.0 11.33208 -581.658935546875 2374.42822265625
15.0 11.33208 163.69569396972656 160.9358367919922
16.0 11.33208 1714.28564453125 5376.666015625
17.0 11.33208 1714.28564453125 5376.666015625
18.0 11.33208 1714.28564453125 5376.666015625
19.0 11.33208 1002.6483764648438 123.72237396240234
20.0 11.33208 1002.6483764648438 123.72237396240234
0.0 11.378146 -1323.73046875 124.73905181884766
1.0 11.378146 -1237.918701171875 124.73905944824219
2.0 11.378146 30.640262603759766 58.52226638793945
3.0 11.378146 816.6673583984375 -866.5672607421875
4.0 11.378146 816.6673583984375 -866.5672607421875
5.0 11.378146 62.63732147216797 21.232675552368164
6.0 11.378146 67.25366973876953 48.52042770385742
7.0 11.378146 88.36410522460938 43.51700973510742
8.0 11.378146 88.36410522460938 43.51700973510742
9.0 11.378146 81.54762268066406 87.6611557006836
10.0 11.378146 120.97118377685547 128.9992218017578
11.0 11.378146 120.97118377685547 128.9992218017578
12.0 11.378146 120.97118377685547 128.9992218017578
13.0 11.378146 135.332763671875 156.33522033691406
14.0 11.378146 -381.658935546875 2574.42822265625
15.0 11.378146 159.59080505371094 162.5214385986328
16.0 11.378146 1914.28564453125 5476.666015625
17.0 11.378146 1914.28564453125 5476.666015625
18.0 11.378146 1914.28564453125 5476.666015625
19.0 11.378146 1075.3167724609375 123.47349548339844
20.0 11.378146 1075.3167724609375 123.47349548339844
0.0 11.424210999 -1333.164306640625 126.52442932128906
1.0 11.424210999 -1247.3525390625 126.52445220947266
2.0 11.424210999 32.872596740722656 53.53132629394531
3.0 11.424210999 835.4173583984375 -872.8172607421875
4.0 11.424210999 835.4173583984375 -872.8172607421875
5.0 11.424210999 67.06127166748047 17.79837989807129
6.0 11.424210999 70.13790130615234 45.49042510986328
7.0 11.424210999 91.30049896240234 42.114036560058594
8.0 11.424210999 91.30049896240234 42.114036560058594
9.0 11.424210999 81.87474822998047 85.7662582397461
10.0 11.424210999 118.85504150390625 129.80020141601562
11.0 11.424210999 118.85504150390625 129.80020141601562
12.0 11.424210999 118.85504150390625 129.80020141601562
13.0 11.424210999 131.65797424316406 157.5348358154297
14.0 11.424210999 28.341064453125 3124.42822265625
15.0 11.424210999 155.10435485839844 165.3671112060547
16.0 11.424210999 2039.28564453125 5476.666015625
17.0 11.424210999 2039.28564453125 5476.666015625
18.0 11.424210999 2039.28564453125 5476.666015625
19.0 11.424210999 1013.8104858398438 125.18473815917969
20.0 11.424210999 1013.8104858398438 125.18473815917969
0.0 11.470275999 -1329.8370361328125 153.2041473388672
1.0 11.470275999 -1244.0252685546875 153.2041778564453
2.0 11.470275999 37.195770263671875 49.761573791503906
3.0 11.470275999 846.3548583984375 -873.5985107421875
4.0 11.470275999 846.3548583984375 -873.5985107421875
5.0 11.470275999 73.62081146240234 15.880233764648438
6.0 11.470275999 75.03617858886719 43.80857467651367
7.0 11.470275999 96.12793731689453 42.206321716308594
8.0 11.470275999 96.12793731689453 42.206321716308594
9.0 11.470275999 83.9825668334961 85.20674133300781
10.0 11.470275999 118.27708435058594 131.89695739746094
11.0 11.470275999 118.27708435058594 131.89695739746094
12.0 11.470275999 118.27708435058594 131.89695739746094
13.0 11.470275999 129.24407958984375 159.9927520751953
14.0 11.470275999 19.105762481689453 3161.01953125
15.0 11.470275999 151.64617919921875 169.6107177734375
16.0 11.470275999 2039.28564453125 5551.666015625
17.0 11.470275999 2039.28564453125 5551.666015625
18.0 11.470275999 2039.28564453125 5551.666015625
19.0 11.470275999 997.0992431640625 141.024169921875
20.0 11.470275999 997.0992431640625 141.024169921875
0.0 11.516342 -1344.024169921875 154.46694946289062
1.0 11.516342 -1258.21240234375 154.46697998046875
2.0 11.516342 41.40060806274414 45.16842269897461
3.0 11.516342 896.3548583984375 -886.0985107421875
4.0 11.516342 896.3548583984375 -886.0985107421875
5.0 11.516342 79.45838165283203 12.855840682983398
6.0 11.516342 79.82227325439453 40.932987213134766
7.0 11.516342 100.6927490234375 40.62172317504883
8.0 11.516342 100.6927490234375 40.62172317504883
9.0 11.516342 86.4715576171875 82.95724487304688
10.0 11.516342 118.33265686035156 131.47535705566406
11.0 11.516342 118.33265686035156 131.47535705566406
12.0 11.516342 118.33265686035156 131.47535705566406
13.0 11.516342 128.06393432617188 159.8726806640625
14.0 11.516342 27.83975601196289 3215.288330078125
15.0 11.516342 149.67242431640625 170.72268676757812
16.0 11.516342 2058.03564453125 5551.666015625
17.0 11.516342 2058.03564453125 5551.666015625
18.0 11.516342 2058.03564453125 5551.666015625
19.0 11.516342 744.669189453125 -1027.80419921875
20.0 11.516342 744.669189453125 -1027.80419921875
0.0 11.562407 -1367.4405517578125 143.76089477539062
1.0 11.562407 -1281.628662109375 143.7608184814453
2.0 11.562407 46.43428039550781 43.610965728759766
3.0 11.562407 908.8548583984375 -911.0985107421875
4.0 11.562407 908.8548583984375 -911.0985107421875
5.0 11.562407 86.04109954833984 12.831735610961914
6.0 11.562407 85.31352996826172 40.95024490356445
7.0 11.562407 105.94473266601562 41.81958770751953
8.0 11.562407 105.94473266601562 41.81958770751953
9.0 11.562407 90.02021789550781 83.55209350585938
10.0 11.562407 119.56464385986328 133.4628448486328
11.0 11.562407 119.56464385986328 133.4628448486328
12.0 11.562407 119.56464385986328 133.4628448486328
13.0 11.562407 128.1924285888672 162.16543579101562
14.0 11.562407 30.71783447265625 3239.534423828125
15.0 11.562407 148.96986389160156 174.3158416748047
16.0 11.562407 2158.03564453125 5601.666015625
17.0 11.562407 2158.03564453125 5601.666015625
18.0 11.562407 2158.03564453125 5601.666015625
19.0 11.562407 757.169189453125 -1052.80419921875
20.0 11.562407 757.169189453125 -1052.80419921875
0.0 11.608471999 -1384.5235595703125 140.49649047851562
1.0 11.608471999 -1298.7135009765625 140.50180053710938
2.0 11.608471999 49.72846221923828 41.75275421142578
3.0 11.608471999 921.3548583984375 -926.7235107421875
4.0 11.608471999 921.3548583984375 -926.7235107421875
5.0 11.608471999 90.451416015625 12.273208618164062
6.0 11.608471999 88.9470443725586 40.45379638671875
7.0 11.608471999 109.21708679199219 42.23127365112305
8.0 11.608471999 109.21708679199219 42.23127365112305
9.0 11.608471999 91.86013793945312 83.36810302734375
10.0 11.608471999 119.77686309814453 134.84043884277344
11.0 11.608471999 119.77686309814453 134.84043884277344
12.0 11.608471999 119.77686309814453 134.84043884277344
13.0 11.608471999 127.27276611328125 163.37234497070312
14.0 11.608471999 32.80086135864258 3265.635986328125
15.0 11.608471999 147.41868591308594 176.50209045410156
16.0 11.608471999 2159.59814453125 5604.791015625
17.0 11.608471999 2159.59814453125 5604.791015625
18.0 11.608471999 2159.59814453125 5604.791015625
19.0 11.608471999 769.669189453125 -1068.42919921875
20.0 11.608471999 769.669189453125 -1068.42919921875
0.0 11.654537999 -1410.8509521484375 139.4359588623047
1.0 11.654537999 -1325.041015625 139.4363250732422
2.0 11.654537999 50.16619110107422 39.88135528564453
3.0 11.654537999 946.3548583984375 -951.7235107421875
4.0 11.654537999 946.3548583984375 -951.7235107421875
5.0 11.654537999 91.32901000976562 10.943594932556152
6.0 11.654537999 89.62324523925781 39.046607971191406
7.0 11.654537999 109.65150451660156 41.26180648803711
8.0 11.654537999 109.65150451660156 41.26180648803711
9.0 11.654537999 91.67646026611328 82.11463928222656
10.0 11.654537999 118.56851959228516 133.93130493164062
11.0 11.654537999 118.56851959228516 133.93130493164062
12.0 11.654537999 118.56851959228516 133.93130493164062
13.0 11.654537999 125.85446166992188 162.7025909423828
14.0 11.654537999 41.42383575439453 3288.048095703125
15.0 11.654537999 146.11131286621094 176.35223388671875
16.0 11.654537999 2209.59814453125 5629.791015625
17.0 11.654537999 2209.59814453125 5629.791015625
18.0 11.654537999 2209.59814453125 5629.791015625
19.0 11.654537999 794.669189453125 -1093.42919921875
20.0 11.654537999 794.669189453125 -1093.42919921875
0.0 11.700603 -1430.7540283203125 141.5457763671875
1.0 11.700603 -1345.18603515625 140.74270629882812
2.0 11.700603 49.44657897949219 40.59009552001953
3.0 11.700603 990.1048583984375 -961.0985107421875
4.0 11.700603 990.1048583984375 -961.0985107421875
5.0 11.700603 90.52420806884766 11.455584526062012
6.0 11.700603 89.01892852783203 39.6000862121582
7.0 11.700603 108.94253540039062 41.70941162109375
8.0 11.700603 108.94253540039062 41.70941162109375
9.0 11.700603 91.180419921875 82.69391632080078
10.0 11.700603 118.15959167480469 134.3367462158203
11.0 11.700603 118.15959167480469 134.3367462158203
12.0 11.700603 118.15959167480469 134.3367462158203
13.0 11.700603 125.65714263916016 163.16390991210938
14.0 11.700603 42.4235725402832 3317.34423828125
15.0 11.700603 146.20509338378906 176.67477416992188
16.0 11.700603 2009.59814453125 5629.791015625
17.0 11.700603 2009.59814453125 5629.791015625
18.0 11.700603 2009.59814453125 5629.791015625
19.0 11.700603 838.419189453125 -1102.80419921875
20.0 11.700603 838.419189453125 -1102.80419921875
0.0 11.746667999 -1446.8624267578125 141.38829040527344
1.0 11.746667999 -1361.194580078125 140.59237670898438
2.0 11.746667999 47.78388977050781 43.431678771972656
3.0 11.746667999 1002.6048583984375 -979.8485107421875
4.0 11.746667999 1002.6048583984375 -979.8485107421875
5.0 11.746667999 87.60134887695312 13.007349014282227
6.0 11.746667999 87.3031234741211 41.2772216796875
7.0 11.746667999 107.3222427368164 42.7585334777832
8.0 11.746667999 107.3222427368164 42.7585334777832
9.0 11.746667999 90.79288482666016 84.27721405029297
10.0 11.746667999 119.8841323852539 135.31690979003906
11.0 11.746667999 119.8841323852539 135.31690979003906
12.0 11.746667999 119.8841323852539 135.31690979003906
13.0 11.746667999 127.56501770019531 163.78504943847656
14.0 11.746667999 43.5872802734375 3352.52587890625
15.0 11.746667999 148.92562866210938 176.6537628173828
16.0 11.746667999 2059.59814453125 5692.291015625
17.0 11.746667999 2059.59814453125 5692.291015625
18.0 11.746667999 2059.59814453125 5692.291015625
19.0 11.746667999 850.919189453125 -1121.55419921875
20.0 11.746667999 850.919189453125 -1121.55419921875
0.0 11.792733999 -1493.7138671875 143.91917419433594
1.0 11.792733999 -1406.0814208984375 143.3796844482422
2.0 11.792733999 45.96989059448242 47.542842864990234
3.0 11.792733999 1127.6048583984375 -979.8485107421875
4.0 11.792733999 1127.6048583984375 -979.8485107421875
5.0 11.792733999 83.5985107421875 15.1572847366333
6.0 11.792733999 85.45289611816406 43.31381607055664
7.0 11.792733999 105.4458236694336 43.49310302734375
8.0 11.792733999 105.4458236694336 43.49310302734375
9.0 11.792733999 91.32917022705078 85.88594055175781
10.0 11.792733999 123.24491882324219 135.05528259277344
11.0 11.792733999 123.24491882324219 135.05528259277344
12.0 11.792733999 123.24491882324219 135.05528259277344
13.0 11.792733999 132.13565063476562 163.46304321289062
14.0 11.792733999 49.05544662475586 3393.376708984375
15.0 11.792733999 154.93479919433594 174.8869171142578
16.0 11.792733999 2097.09814453125 5729.791015625
17.0 11.792733999 2097.09814453125 5729.791015625
18.0 11.792733999 2097.09814453125 5729.791015625
19.0 11.792733999 975.919189453125 -1121.55419921875
20.0 11.792733999 975.919189453125 -1121.55419921875
0.0 11.838799 -1528.3397216796875 147.36907958984375
1.0 11.838799 -1442.45703125 147.046630859375
2.0 11.838799 45.76475143432617 52.197288513183594
3.0 11.838799 1377.6048583984375 -879.8485107421875
4.0 11.838799 1377.6048583984375 -879.8485107421875
5.0 11.838799 80.93701934814453 17.897563934326172
6.0 11.838799 85.10752868652344 45.884605407714844
7.0 11.838799 105.0460205078125 44.6276969909668
8.0 11.838799 105.0460205078125 44.6276969909668
9.0 11.838799 93.60511016845703 87.77406311035156
10.0 11.838799 122.25988006591797 135.9911346435547
11.0 11.838799 122.25988006591797 135.9911346435547
12.0 11.838799 122.25988006591797 135.9911346435547
13.0 11.838799 138.5649871826172 163.05569458007812
14.0 11.838799 47.805660247802734 3426.025634765625
15.0 11.838799 162.1524200439453 173.21112060546875
16.0 11.838799 2172.09814453125 5742.291015625
17.0 11.838799 2172.09814453125 5742.291015625
18.0 11.838799 2172.09814453125 5742.291015625
19.0 11.838799 1225.919189453125 -1021.55419921875
20.0 11.838799 1225.919189453125 -1021.55419921875
0.0 11.884865 -1599.3016357421875 146.14772033691406
1.0 11.884865 -1519.723876953125 146.8489227294922
2.0 11.884865 44.96706008911133 54.724857330322266
3.0 11.884865 1327.6048583984375 -929.8485107421875
4.0 11.884865 1327.6048583984375 -929.8485107421875
5.0 11.884865 78.57427978515625 19.281972885131836
6.0 11.884865 84.25404357910156 47.03608703613281
7.0 11.884865 104.05998992919922 44.79144287109375
8.0 11.884865 104.05998992919922 44.79144287109375
9.0 11.884865 94.38733673095703 88.3317642211914
10.0 11.884865 125.11190032958984 134.90724182128906
11.0 11.884865 125.11190032958984 134.90724182128906
12.0 11.884865 125.11190032958984 134.90724182128906
13.0 11.884865 142.05706787109375 162.1124725341797
14.0 11.884865 52.86602783203125 3455.27734375
15.0 11.884865 166.15078735351562 171.1728515625
16.0 11.884865 2172.09814453125 5817.291015625
17.0 11.884865 2172.09814453125 5817.291015625
18.0 11.884865 2172.09814453125 5817.291015625
19.0 11.884865 1175.919189453125 -1071.55419921875
20.0 11.884865 1175.919189453125 -1071.55419921875
0.0 11.93093 -1663.6766357421875 152.80068969726562
1.0 11.93093 -1579.02685546875 155.36090087890625
2.0 11.93093 41.89318084716797 55.913551330566406
3.0 11.93093 1327.6048583984375 -929.8485107421875
4.0 11.93093 1327.6048583984375 -929.8485107421875
5.0 11.93093 73.71382141113281 19.211524963378906
6.0 11.93093 80.8938217163086 46.69412612915039
7.0 11.93093 100.69123077392578 43.372352600097656
8.0 11.93093 100.69123077392578 43.372352600097656
9.0 11.93093 92.79242706298828 87.12110900878906
10.0 11.93093 125.79613494873047 132.3179473876953
11.0 11.93093 125.79613494873047 132.3179473876953
12.0 11.93093 125.79613494873047 132.3179473876953
13.0 11.93093 143.4210968017578 159.0148162841797
14.0 11.93093 58.49732971191406 3490.09765625
15.0 11.93093 167.9827117919922 166.8979949951172
16.0 11.93093 2272.09814453125 6217.291015625
17.0 11.93093 2272.09814453125 6217.291015625
18.0 11.93093 2272.09814453125 6217.291015625
19.0 11.93093 1175.919189453125 -1071.55419921875
20.0 11.93093 1175.919189453125 -1071.55419921875
0.0 11.976994999 -1780.14453125 146.60121154785156
1.0 11.976994999 -1704.5 149.2470703125
2.0 11.976994999 40.20668411254883 63.74091720581055
3.0 11.976994999 927.6048583984375 -1029.8485107421875
4.0 11.976994999 927.6048583984375 -1029.8485107421875
5.0 11.976994999 68.20421600341797 24.86752700805664
6.0 11.976994999 78.43698120117188 51.60701370239258
7.0 11.976994999 97.79879760742188 46.210655212402344
8.0 11.976994999 97.79879760742188 46.210655212402344
9.0 11.976994999 93.6491470336914 90.53938293457031
10.0 11.976994999 130.7069854736328 132.47186279296875
11.0 11.976994999 130.7069854736328 132.47186279296875
12.0 11.976994999 130.7069854736328 132.47186279296875
13.0 11.976994999 149.65664672851562 158.18434143066406
14.0 11.976994999 58.09660339355469 3521.78271484375
15.0 11.976994999 175.10023498535156 163.77027893066406
16.0 11.976994999 2247.09814453125 6142.291015625
17.0 11.976994999 2247.09814453125 6142.291015625
18.0 11.976994999 2247.09814453125 6142.291015625
19.0 11.976994999 775.919189453125 -1171.55419921875
20.0 11.976994999 775.919189453125 -1171.55419921875
0.0 12.023060999 -1806.4906005859375 136.63121032714844
1.0 12.023060999 -1713.5020751953125 152.5811309814453
2.0 12.023060999 37.460609436035156 71.02011108398438
3.0 12.023060999 1002.6048583984375 -1042.3485107421875
4.0 12.023060999 1002.6048583984375 -1042.3485107421875
5.0 12.023060999 60.33033752441406 29.80109977722168
6.0 12.023060999 74.44264221191406 54.970035552978516
7.0 12.023060999 93.0621566772461 46.95085906982422
8.0 12.023060999 93.0621566772461 46.95085906982422
9.0 12.023060999 93.77189636230469 91.51273345947266
10.0 12.023060999 -32.696590423583984 60.45906448364258
11.0 12.023060999 -32.696590423583984 60.45906448364258
12.0 12.023060999 -32.696590423583984 60.45906448364258
13.0 12.023060999 156.3337860107422 152.99789428710938
14.0 12.023060999 59.59880828857422 3555.3505859375
15.0 12.023060999 178.5210723876953 163.488525390625
16.0 12.023060999 2250.22314453125 10942.291015625
17.0 12.023060999 2250.22314453125 10942.291015625
18.0 12.023060999 2250.22314453125 10942.291015625
19.0 12.023060999 850.919189453125 -1184.05419921875
20.0 12.023060999 850.919189453125 -1184.05419921875
0.0 12.069126 -1800.32177734375 132.84141540527344
1.0 12.069126 -1736.037841796875 150.2923126220703
2.0 12.069126 34.601436614990234 80.10841369628906
3.0 12.069126 1027.6048583984375 -1061.0985107421875
4.0 12.069126 1027.6048583984375 -1061.0985107421875
5.0 12.069126 51.476234436035156 37.03914260864258
6.0 12.069126 69.78752899169922 59.65296936035156
7.0 12.069126 86.99781799316406 49.01967239379883
8.0 12.069126 86.99781799316406 49.01967239379883
9.0 12.069126 93.23480224609375 93.31434631347656
10.0 12.069126 -22.645526885986328 52.09828186035156
11.0 12.069126 -22.645526885986328 52.09828186035156
12.0 12.069126 -22.645526885986328 52.09828186035156
13.0 12.069126 162.28822326660156 147.0073699951172
14.0 12.069126 49.776065826416016 3595.525146484375
15.0 12.069126 186.0382843017578 154.2490692138672
16.0 12.069126 2250.22314453125 10942.291015625
17.0 12.069126 2250.22314453125 10942.291015625
18.0 12.069126 2250.22314453125 10942.291015625
19.0 12.069126 875.919189453125 -1202.80419921875
20.0 12.069126 875.919189453125 -1202.80419921875
0.0 12.115190999 -1858.356689453125 147.1073455810547
1.0 12.115190999 -1768.3255615234375 143.51976013183594
2.0 12.115190999 34.047489166259766 90.39205932617188
3.0 12.115190999 1102.6048583984375 -1073.5985107421875
4.0 12.115190999 1102.6048583984375 -1073.5985107421875
5.0 12.115190999 45.41731262207031 46.27024459838867
6.0 12.115190999 67.1591567993164 66.1268081665039
7.0 12.115190999 82.6834945678711 53.60368347167969
8.0 12.115190999 82.6834945678711 53.60368347167969
9.0 12.115190999 93.85924530029297 97.00334167480469
10.0 12.115190999 -23.145265579223633 41.18017578125
11.0 12.115190999 -23.145265579223633 41.18017578125
12.0 12.115190999 -23.145265579223633 41.18017578125
13.0 12.115190999 167.876220703125 143.0935516357422
14.0 12.115190999 56.1637077331543 3651.8349609375
15.0 12.115190999 192.74578857421875 147.17556762695312
16.0 12.115190999 2250.22314453125 10942.291015625
17.0 12.115190999 2250.22314453125 10942.291015625
18.0 12.115190999 2250.22314453125 10942.291015625
19.0 12.115190999 950.919189453125 -1215.30419921875
20.0 12.115190999 950.919189453125 -1215.30419921875
0.0 12.161256999 -1850.953125 146.615478515625
1.0 12.161256999 -1757.1107177734375 142.5361328125
2.0 12.161256999 34.68324661254883 96.07293701171875
3.0 12.161256999 1202.6048583984375 -1048.5985107421875
4.0 12.161256999 1202.6048583984375 -1048.5985107421875
5.0 12.161256999 43.46632766723633 51.596927642822266
6.0 12.161256999 66.66456604003906 70.0077896118164
7.0 12.161256999 81.24297332763672 56.642337799072266
8.0 12.161256999 81.24297332763672 56.642337799072266
9.0 12.161256999 94.81011199951172 99.4424057006836
10.0 12.161256999 -51.966217041015625 48.18604278564453
11.0 12.161256999 -51.966217041015625 48.18604278564453
12.0 12.161256999 -51.966217041015625 48.18604278564453
13.0 12.161256999 170.9749755859375 141.64991760253906
14.0 12.161256999 36.39153289794922 3774.7568359375
15.0 12.161256999 196.2438507080078 144.06825256347656
16.0 12.161256999 2224.93017578125 10942.291015625
17.0 12.161256999 2224.93017578125 10942.291015625
18.0 12.161256999 2224.93017578125 10942.291015625
19.0 12.161256999 1050.919189453125 -1190.30419921875
20.0 12.161256999 1050.919189453125 -1190.30419921875
0.0 12.207322 -1865.49169921875 151.07090759277344
1.0 12.207322 -1777.78369140625 147.86685180664062
2.0 12.207322 33.625732421875 100.57164001464844
3.0 12.207322 1208.8548583984375 -1061.0985107421875
4.0 12.207322 1208.8548583984375 -1061.0985107421875
5.0 12.207322 40.655399322509766 55.853599548339844
6.0 12.207322 64.80130767822266 73.20391845703125
7.0 12.207322 78.58721923828125 59.28816223144531
8.0 12.207322 78.58721923828125 59.28816223144531
9.0 12.207322 93.87234497070312 101.55784606933594
10.0 12.207322 -80.0182113647461 52.618282318115234
11.0 12.207322 -80.0182113647461 52.618282318115234
12.0 12.207322 -80.0182113647461 52.618282318115234
13.0 12.207322 171.57156372070312 140.83236694335938
14.0 12.207322 40.23948669433594 3811.22802734375
15.0 12.207322 196.92420959472656 142.17404174804688
16.0 12.207322 2224.93017578125 17342.291015625
17.0 12.207322 2224.93017578125 17342.291015625
18.0 12.207322 2224.93017578125 17342.291015625
19.0 12.207322 1057.169189453125 -1202.80419921875
20.0 12.207322 1057.169189453125 -1202.80419921875
0.0 12.253388 -1923.6104736328125 144.63442993164062
1.0 12.253388 -1853.6011962890625 141.7069549560547
2.0 12.253388 34.95127487182617 106.98461151123047
3.0 12.253388 1227.6048583984375 -1054.8485107421875
4.0 12.253388 1227.6048583984375 -1054.8485107421875
5.0 12.253388 39.90275955200195 62.2562255859375
6.0 12.253388 65.1252670288086 78.09378814697266
7.0 12.253388 77.94348907470703 63.775672912597656
8.0 12.253388 77.94348907470703 63.775672912597656
9.0 12.253388 95.2646713256836 105.41484069824219
10.0 12.253388 -116.60881042480469 60.61149597167969
11.0 12.253388 -116.60881042480469 60.61149597167969
12.0 12.253388 -116.60881042480469 60.61149597167969
13.0 12.253388 174.3018798828125 141.169677734375
14.0 12.253388 36.61479568481445 3825.9423828125
15.0 12.253388 199.74951171875 141.16748046875
16.0 12.253388 2524.93017578125 17442.291015625
17.0 12.253388 2524.93017578125 17442.291015625
18.0 12.253388 2524.93017578125 17442.291015625
19.0 12.253388 1075.919189453125 -1196.55419921875
20.0 12.253388 1075.919189453125 -1196.55419921875
0.0 12.299452999 -1983.4459228515625 214.5767822265625
1.0 12.299452999 -1894.4866943359375 149.78976440429688
2.0 12.299452999 35.41608810424805 110.97283935546875
3.0 12.299452999 1427.6048583984375 -904.8485107421875
4.0 12.299452999 1427.6048583984375 -904.8485107421875
5.0 12.299452999 37.564266204833984 66.21881866455078
6.0 12.299452999 64.16462707519531 80.00760650634766
7.0 12.299452999 75.71229553222656 65.04051971435547
8.0 12.299452999 75.71229553222656 65.04051971435547
9.0 12.299452999 95.58026123046875 105.5209732055664
10.0 12.299452999 -155.11878967285156 65.64344024658203
11.0 12.299452999 -155.11878967285156 65.64344024658203
12.0 12.299452999 -155.11878967285156 65.64344024658203
13.0 12.299452999 176.4804229736328 136.69985961914062
14.0 12.299452999 38.649898529052734 3859.696044921875
15.0 12.299452999 202.17552185058594 135.19033813476562
16.0 12.299452999 2524.93017578125 17442.291015625
17.0 12.299452999 2524.93017578125 17442.291015625
18.0 12.299452999 2524.93017578125 17442.291015625
19.0 12.299452999 1275.919189453125 -1046.55419921875
20.0 12.299452999 1275.919189453125 -1046.55419921875
0.0 12.345517999 -2183.44580078125 214.5767822265625
1.0 12.345517999 -1928.6444091796875 155.7015838623047
2.0 12.345517999 34.603336334228516 113.50591278076172
3.0 12.345517999 1427.6048583984375 -804.8485107421875
4.0 12.345517999 1427.6048583984375 -804.8485107421875
5.0 12.345517999 34.51529312133789 68.91067504882812
6.0 12.345517999 61.898197174072266 80.90489196777344
7.0 12.345517999 72.54289245605469 65.48413848876953
8.0 12.345517999 72.54289245605469 65.48413848876953
9.0 12.345517999 94.46566772460938 104.82999420166016
10.0 12.345517999 -207.8449249267578 67.92681121826172
11.0 12.345517999 -207.8449249267578 67.92681121826172
12.0 12.345517999 -207.8449249267578 67.92681121826172
13.0 12.345517999 176.5235595703125 132.1120147705078
14.0 12.345517999 42.199005126953125 3892.024169921875
15.0 12.345517999 202.11094665527344 129.29417419433594
16.0 12.345517999 2624.93017578125 17461.041015625
17.0 12.345517999 2624.93017578125 17461.041015625
18.0 12.345517999 2624.93017578125 17461.041015625
19.0 12.345517999 1275.919189453125 -946.55419921875
20.0 12.345517999 1275.919189453125 -946.55419921875
0.0 12.391583999 -2183.44580078125 214.5767822265625
1.0 12.391583999 -1962.665283203125 162.2382354736328
2.0 12.391583999 36.91611862182617 118.43183135986328
3.0 12.391583999 1427.6048583984375 -804.8485107421875
4.0 12.391583999 1427.6048583984375 -804.8485107421875
5.0 12.391583999 34.552696228027344 74.03765869140625
6.0 12.391583999 62.87063980102539 84.324951171875
7.0 12.391583999 72.37232208251953 68.51985168457031
8.0 12.391583999 72.37232208251953 68.51985168457031
9.0 12.391583999 96.25460052490234 106.74354553222656
10.0 12.391583999 -274.5108337402344 74.03245544433594
11.0 12.391583999 -274.5108337402344 74.03245544433594
12.0 12.391583999 -274.5108337402344 74.03245544433594
13.0 12.391583999 179.32696533203125 130.2549591064453
14.0 12.391583999 42.124114990234375 3957.521728515625
15.0 12.391583999 204.9624786376953 126.1384048461914
16.0 12.391583999 1824.93017578125 17261.041015625
17.0 12.391583999 1824.93017578125 17261.041015625
18.0 12.391583999 1824.93017578125 17261.041015625
19.0 12.391583999 1275.919189453125 -946.55419921875
20.0 12.391583999 1275.919189453125 -946.55419921875
0.0 12.437649 -2083.44580078125 414.5767822265625
1.0 12.437649 -1971.62646484375 165.99290466308594
2.0 12.437649 37.82691192626953 120.84455108642578
3.0 12.437649 1427.6048583984375 -804.8485107421875
4.0 12.437649 1427.6048583984375 -804.8485107421875
5.0 12.437649 34.12558364868164 76.6590347290039
6.0 12.437649 62.873600006103516 85.7248306274414
7.0 12.437649 71.72071075439453 69.73419189453125
8.0 12.437649 71.72071075439453 69.73419189453125
9.0 12.437649 96.96007537841797 107.09042358398438
10.0 12.437649 -353.9658508300781 78.28947448730469
11.0 12.437649 -353.9658508300781 78.28947448730469
12.0 12.437649 -353.9658508300781 78.28947448730469
13.0 12.437649 180.55015563964844 127.90190887451172
14.0 12.437649 43.14970779418945 3960.00390625
15.0 12.437649 206.10838317871094 122.90979766845703
16.0 12.437649 2024.93017578125 17461.041015625
17.0 12.437649 2024.93017578125 17461.041015625
18.0 12.437649 2024.93017578125 17461.041015625
19.0 12.437649 1275.919189453125 -946.55419921875
20.0 12.437649 1275.919189453125 -946.55419921875
0.0 12.483713999 -1983.44580078125 489.5767822265625
1.0 12.483713999 -1976.3961181640625 170.34292602539062
2.0 12.483713999 37.904701232910156 123.81652069091797
3.0 12.483713999 1427.6048583984375 -12748.5986328125
4.0 12.483713999 1427.6048583984375 -12748.5986328125
5.0 12.483713999 33.172115325927734 79.77915954589844
6.0 12.483713999 62.22071075439453 87.9758071899414
7.0 12.483713999 70.58670043945312 71.88994598388672
8.0 12.483713999 70.58670043945312 71.88994598388672
9.0 12.483713999 96.75088500976562 108.67237091064453
10.0 12.483713999 -386.1486511230469 80.96116638183594
11.0 12.483713999 -386.1486511230469 80.96116638183594
12.0 12.483713999 -386.1486511230469 80.96116638183594
13.0 12.483713999 180.79449462890625 127.68888092041016
14.0 12.483713999 43.989044189453125 3973.685546875
15.0 12.483713999 206.27748107910156 122.04530334472656
16.0 12.483713999 2062.43017578125 17661.041015625
17.0 12.483713999 2062.43017578125 17661.041015625
18.0 12.483713999 2062.43017578125 17661.041015625
19.0 12.483713999 1275.919189453125 -12890.3046875
20.0 12.483713999 1275.919189453125 -12890.3046875
0.0 12.529779999 -1933.44580078125 639.5767822265625
1.0 12.529779999 -2005.8948974609375 174.3167724609375
2.0 12.529779999 35.94581604003906 125.22068786621094
3.0 12.529779999 1352.6048583984375 -12773.5986328125
4.0 12.529779999 1352.6048583984375 -12773.5986328125
5.0 12.529779999 30.998050689697266 81.2242431640625
6.0 12.529779999 60.05373764038086 89.21610260009766
7.0 12.529779999 68.29144287109375 73.13028717041016
8.0 12.529779999 68.29144287109375 73.13028717041016
9.0 12.529779999 94.52092742919922 109.75914001464844
10.0 12.529779999 -415.8293762207031 83.82941436767578
11.0 12.529779999 -415.8293762207031 83.82941436767578
12.0 12.529779999 -415.8293762207031 83.82941436767578
13.0 12.529779999 178.67086791992188 128.29092407226562
14.0 12.529779999 42.55839538574219 3999.677490234375
15.0 12.529779999 204.16294860839844 122.44451141357422
16.0 12.529779999 2060.86767578125 17670.416015625
17.0 12.529779999 2060.86767578125 17670.416015625
18.0 12.529779999 2060.86767578125 17670.416015625
19.0 12.529779999 1200.919189453125 -12915.3046875
20.0 12.529779999 1200.919189453125 -12915.3046875
0.0 12.575845 -1958.44580078125 739.5767822265625
1.0 12.575845 -2047.84619140625 174.34474182128906
2.0 12.575845 34.4633674621582 125.11221313476562
3.0 12.575845 1352.6048583984375 -12773.5986328125
4.0 12.575845 1352.6048583984375 -12773.5986328125
5.0 12.575845 29.661327362060547 81.05357360839844
6.0 12.575845 58.640506744384766 88.96013641357422
7.0 12.575845 66.81661987304688 72.95926666259766
8.0 12.575845 66.81661987304688 72.95926666259766
9.0 12.575845 93.059326171875 109.56637573242188
10.0 12.575845 -457.61322021484375 83.38018798828125
11.0 12.575845 -457.61322021484375 83.38018798828125
12.0 12.575845 -457.61322021484375 83.38018798828125
13.0 12.575845 177.2057647705078 128.20033264160156
14.0 12.575845 25.36709213256836 4031.73779296875
15.0 12.575845 202.69224548339844 122.52557373046875
16.0 12.575845 2035.86767578125 17720.416015625
17.0 12.575845 2035.86767578125 17720.416015625
18.0 12.575845 2035.86767578125 17720.416015625
19.0 12.575845 1200.919189453125 -12915.3046875
20.0 12.575845 1200.919189453125 -12915.3046875
0.0 12.621911 -2133.44580078125 639.5767822265625
1.0 12.621911 -2077.799072265625 173.59144592285156
2.0 12.621911 33.50767517089844 123.79277038574219
3.0 12.621911 1552.6048583984375 -12573.5986328125
4.0 12.621911 1552.6048583984375 -12573.5986328125
5.0 12.621911 29.099409103393555 79.70343017578125
6.0 12.621911 58.237125396728516 87.8479995727539
7.0 12.621911 66.5425796508789 72.01353454589844
8.0 12.621911 66.5425796508789 72.01353454589844
9.0 12.621911 92.43840789794922 108.87052154541016
10.0 12.621911 -485.56439208984375 81.715087890625
11.0 12.621911 -485.56439208984375 81.715087890625
12.0 12.621911 -485.56439208984375 81.715087890625
13.0 12.621911 176.34144592285156 128.56613159179688
14.0 12.621911 12.14714241027832 4047.861328125
15.0 12.621911 201.80609130859375 123.15699768066406
16.0 12.621911 2060.86767578125 17820.416015625
17.0 12.621911 2060.86767578125 17820.416015625
18.0 12.621911 2060.86767578125 17820.416015625
19.0 12.621911 1400.919189453125 -12715.3046875
20.0 12.621911 1400.919189453125 -12715.3046875
0.0 12.667975999 -2133.44580078125 739.5767822265625
1.0 12.667975999 -2118.439453125 170.43411254882812
2.0 12.667975999 31.027246475219727 121.07867431640625
3.0 12.667975999 1652.6048583984375 -12573.5986328125
4.0 12.667975999 1652.6048583984375 -12573.5986328125
5.0 12.667975999 28.305740356445312 76.6732406616211
6.0 12.667975999 57.11689376831055 86.1088638305664
7.0 12.667975999 66.09821319580078 70.68084716796875
8.0 12.667975999 66.09821319580078 70.68084716796875
9.0 12.667975999 90.54166412353516 108.49323272705078
10.0 12.667975999 -513.7545166015625 77.43194580078125
11.0 12.667975999 -513.7545166015625 77.43194580078125
12.0 12.667975999 -513.7545166015625 77.43194580078125
13.0 12.667975999 173.667236328125 131.22914123535156
14.0 12.667975999 17.11684226989746 4088.4365234375
15.0 12.667975999 199.31005859375 126.86647033691406
16.0 12.667975999 1910.86767578125 18120.416015625
17.0 12.667975999 1910.86767578125 18120.416015625
18.0 12.667975999 1910.86767578125 18120.416015625
19.0 12.667975999 1500.919189453125 -12715.3046875
20.0 12.667975999 1500.919189453125 -12715.3046875
0.0 12.714040999 -2158.44580078125 764.5767822265625
1.0 12.714040999 -2106.87109375 173.14517211914062
2.0 12.714040999 26.908695220947266 115.1209716796875
3.0 12.714040999 1652.6048583984375 -12523.5986328125
4.0 12.714040999 1652.6048583984375 -12523.5986328125
5.0 12.714040999 27.313817977905273 70.31546020507812
6.0 12.714040999 55.17684555053711 81.98995208740234
7.0 12.714040999 65.3233642578125 67.39990997314453
8.0 12.714040999 65.3233642578125 67.39990997314453
9.0 12.714040999 87.02877807617188 106.76078796386719
10.0 12.714040999 -541.1217041015625 69.6176528930664
11.0 12.714040999 -541.1217041015625 69.6176528930664
12.0 12.714040999 -541.1217041015625 69.6176528930664
13.0 12.714040999 168.60574340820312 135.0684051513672
14.0 12.714040999 16.12447166442871 4135.4794921875
15.0 12.714040999 194.32742309570312 132.57127380371094
16.0 12.714040999 1910.86767578125 18220.416015625
17.0 12.714040999 1910.86767578125 18220.416015625
18.0 12.714040999 1910.86767578125 18220.416015625
19.0 12.714040999 1500.919189453125 -12665.3046875
20.0 12.714040999 1500.919189453125 -12665.3046875
0.0 12.760107 -2008.44580078125 914.5767822265625
1.0 12.760107 -2192.253662109375 174.81971740722656
2.0 12.760107 23.57455825805664 110.47582244873047
3.0 12.760107 1677.6048583984375 -12123.5986328125
4.0 12.760107 1677.6048583984375 -12123.5986328125
5.0 12.760107 27.19038200378418 65.3825912475586
6.0 12.760107 53.89387893676758 79.50179290771484
7.0 12.760107 65.07508850097656 65.82281494140625
8.0 12.760107 65.07508850097656 65.82281494140625
9.0 12.760107 84.00894927978516 106.63449096679688
10.0 12.760107 -556.3704833984375 63.144222259521484
11.0 12.760107 -556.3704833984375 63.144222259521484
12.0 12.760107 -556.3704833984375 63.144222259521484
13.0 12.760107 163.50439453125 140.4997100830078
14.0 12.760107 -20.135173797607422 4147.9521484375
15.0 12.760107 189.17901611328125 139.74041748046875
16.0 12.760107 1510.86767578125 18220.416015625
17.0 12.760107 1510.86767578125 18220.416015625
18.0 12.760107 1510.86767578125 18220.416015625
19.0 12.760107 1525.919189453125 -12265.3046875
20.0 12.760107 1525.919189453125 -12265.3046875
0.0 12.806172 -4344.44580078125 114.5767822265625
1.0 12.806172 -2226.144287109375 221.00933837890625
2.0 12.806172 20.616783142089844 106.26664733886719
3.0 12.806172 1677.6048583984375 -12123.5986328125
4.0 12.806172 1677.6048583984375 -12123.5986328125
5.0 12.806172 26.867130279541016 61.0715217590332
6.0 12.806172 52.37284851074219 76.94332122802734
7.0 12.806172 64.48373413085938 64.02903747558594
8.0 12.806172 64.48373413085938 64.02903747558594
9.0 12.806172 81.01158142089844 105.89541625976562
10.0 12.806172 -583.9330444335938 57.12281036376953
11.0 12.806172 -583.9330444335938 57.12281036376953
12.0 12.806172 -583.9330444335938 57.12281036376953
13.0 12.806172 158.7285614013672 143.8445281982422
14.0 12.806172 -5524.13525390625 115.9521484375
15.0 12.806172 184.2252960205078 144.64137268066406
16.0 12.806172 1710.86767578125 18295.416015625
17.0 12.806172 1710.86767578125 18295.416015625
18.0 12.806172 1710.86767578125 18295.416015625
19.0 12.806172 1525.919189453125 -12265.3046875
20.0 12.806172 1525.919189453125 -12265.3046875
