0.0 15.202934 20.006938934326172 53.95606994628906
1.0 15.202934 20.006938934326172 53.95606994628906
2.0 15.202934 35.68602752685547 53.699195861816406
3.0 15.202934 35.68602752685547 53.699195861816406
4.0 15.202934 52.608455657958984 98.24877166748047
5.0 15.202934 55.49873733520508 54.869651794433594
6.0 15.202934 84.61476135253906 123.0858154296875
7.0 15.202934 128.03567504882812 33.94120788574219
8.0 15.202934 152.36573791503906 14.836250305175781
9.0 15.202934 152.36573791503906 14.836250305175781
10.0 15.202934 154.7484588623047 10.76205825805664
11.0 15.202934 155.61170959472656 161.91265869140625
12.0 15.202934 171.8317108154297 16.76978302001953
13.0 15.202934 171.8317108154297 16.76978302001953
14.0 15.202934 171.8317108154297 16.76978302001953
15.0 15.202934 184.22280883789062 105.53295135498047
16.0 15.202934 186.32752990722656 117.86354064941406
17.0 15.202934 227.58392333984375 112.07331848144531
18.0 15.202934 227.58392333984375 112.07331848144531
0.0 15.249 18.50107765197754 54.022743225097656
1.0 15.249 18.50107765197754 54.022743225097656
2.0 15.249 34.17141342163086 53.71146774291992
3.0 15.249 34.17141342163086 53.71146774291992
4.0 15.249 51.19889450073242 98.26924133300781
5.0 15.249 53.55192565917969 54.64325714111328
6.0 15.249 83.2177734375 122.69377136230469
7.0 15.249 126.4694595336914 33.34995651245117
8.0 15.249 150.7008056640625 14.116025924682617
9.0 15.249 150.7008056640625 14.116025924682617
10.0 15.249 152.99945068359375 10.062403678894043
11.0 15.249 154.59494018554688 161.2969207763672
12.0 15.249 170.33541870117188 15.946271896362305
13.0 15.249 170.33541870117188 15.946271896362305
14.0 15.249 170.33541870117188 15.946271896362305
15.0 15.249 182.90252685546875 104.49728393554688
16.0 15.249 185.11431884765625 116.8884506225586
17.0 15.249 226.62582397460938 110.93873596191406
18.0 15.249 226.62582397460938 110.93873596191406
0.0 15.295064999 15.913246154785156 52.689735412597656
1.0 15.295064999 15.913246154785156 52.689735412597656
2.0 15.295064999 31.61821174621582 52.313446044921875
3.0 15.295064999 31.61821174621582 52.313446044921875
4.0 15.295064999 48.66549301147461 96.637451171875
5.0 15.295064999 50.776084899902344 53.4166145324707
6.0 15.295064999 80.86742401123047 120.70804595947266
7.0 15.295064999 123.8605728149414 31.23546028137207
8.0 15.295064999 148.1920928955078 11.83287239074707
9.0 15.295064999 148.1920928955078 11.83287239074707
10.0 15.295064999 150.3737030029297 7.73931884765625
11.0 15.295064999 152.65919494628906 158.9244842529297
12.0 15.295064999 167.75277709960938 13.567375183105469
13.0 15.295064999 167.75277709960938 13.567375183105469
14.0 15.295064999 167.75277709960938 13.567375183105469
15.0 15.295064999 180.7097930908203 101.84720611572266
16.0 15.295064999 182.9009246826172 114.24871826171875
17.0 15.295064999 224.72067260742188 108.2750244140625
18.0 15.295064999 224.72067260742188 108.2750244140625
0.0 15.34113 13.308509826660156 51.6223030090332
1.0 15.34113 13.308509826660156 51.6223030090332
2.0 15.34113 28.85587501525879 51.212852478027344
3.0 15.34113 28.85587501525879 51.212852478027344
4.0 15.34113 45.98736572265625 95.61568450927734
5.0 15.34113 46.77413558959961 53.04216766357422
6.0 15.34113 78.26611328125 119.2012710571289
7.0 15.34113 121.29647064208984 29.84453582763672
8.0 15.34113 145.6836700439453 10.275103569030762
9.0 15.34113 145.6836700439453 10.275103569030762
10.0 15.34113 147.6779327392578 6.172707557678223
11.0 15.34113 150.44509887695312 157.41468811035156
12.0 15.34113 165.4730224609375 11.9462890625
13.0 15.34113 165.4730224609375 11.9462890625
14.0 15.34113 165.4730224609375 11.9462890625
15.0 15.34113 178.39834594726562 100.05379486083984
16.0 15.34113 180.6248779296875 112.40390014648438
17.0 15.34113 222.63633728027344 106.44940948486328
18.0 15.34113 222.63633728027344 106.44940948486328
0.0 15.387196 12.148399353027344 50.41999435424805
1.0 15.387196 12.148399353027344 50.41999435424805
2.0 15.387196 27.779630661010742 50.01354217529297
3.0 15.387196 27.779630661010742 50.01354217529297
4.0 15.387196 45.03228759765625 94.3984146118164
5.0 15.387196 45.04404830932617 52.198429107666016
6.0 15.387196 77.73880767822266 117.94513702392578
7.0 15.387196 120.48892974853516 28.6517391204834
8.0 15.387196 144.9258270263672 9.129044532775879
9.0 15.387196 144.9258270263672 9.129044532775879
10.0 15.387196 146.9194793701172 5.1293840408325195
11.0 15.387196 149.9286651611328 156.2797088623047
12.0 15.387196 164.614013671875 10.860387802124023
13.0 15.387196 164.614013671875 10.860387802124023
14.0 15.387196 164.614013671875 10.860387802124023
15.0 15.387196 177.87684631347656 98.80481719970703
16.0 15.387196 180.31744384765625 111.34624481201172
17.0 15.387196 222.24327087402344 105.34172821044922
18.0 15.387196 222.24327087402344 105.34172821044922
0.0 15.433260999 13.236433029174805 48.5573616027832
1.0 15.433260999 13.236433029174805 48.5573616027832
2.0 15.433260999 29.033824920654297 48.16386795043945
3.0 15.433260999 29.033824920654297 48.16386795043945
4.0 15.433260999 46.587379455566406 92.57359313964844
5.0 15.433260999 44.948429107666016 51.011077880859375
6.0 15.433260999 79.8219223022461 116.27811431884766
7.0 15.433260999 122.30589294433594 27.371570587158203
8.0 15.433260999 146.70790100097656 8.139290809631348
9.0 15.433260999 146.70790100097656 8.139290809631348
10.0 15.433260999 148.603271484375 4.207213878631592
11.0 15.433260999 151.8664093017578 155.1156005859375
12.0 15.433260999 166.38082885742188 9.908833503723145
13.0 15.433260999 166.38082885742188 9.908833503723145
14.0 15.433260999 166.38082885742188 9.908833503723145
15.0 15.433260999 180.08116149902344 97.9303970336914
16.0 15.433260999 182.4804229736328 110.33612060546875
17.0 15.433260999 224.15313720703125 104.8033676147461
18.0 15.433260999 224.15313720703125 104.8033676147461
0.0 15.479326999 17.432226181030273 46.83565139770508
1.0 15.479326999 17.432226181030273 46.83565139770508
2.0 15.479326999 33.51217269897461 46.308860778808594
3.0 15.479326999 33.51217269897461 46.308860778808594
4.0 15.479326999 51.84617233276367 91.09495544433594
5.0 15.479326999 48.84017562866211 49.49993896484375
6.0 15.479326999 86.44506072998047 114.63831329345703
7.0 15.479326999 127.44459533691406 26.026798248291016
8.0 15.479326999 151.68106079101562 6.965969085693359
9.0 15.479326999 151.68106079101562 6.965969085693359
10.0 15.479326999 153.74951171875 2.8808035850524902
11.0 15.479326999 158.22105407714844 153.6998291015625
12.0 15.479326999 171.37725830078125 8.866415977478027
13.0 15.479326999 171.37725830078125 8.866415977478027
14.0 15.479326999 171.37725830078125 8.866415977478027
15.0 15.479326999 186.4884033203125 96.94709014892578
16.0 15.479326999 181.89190673828125 106.34998321533203
17.0 15.479326999 229.7960205078125 104.07884216308594
18.0 15.479326999 229.7960205078125 104.07884216308594
0.0 15.525392 23.72629165649414 45.403038024902344
1.0 15.525392 23.72629165649414 45.403038024902344
2.0 15.525392 40.11412048339844 45.12331008911133
3.0 15.525392 40.11412048339844 45.12331008911133
4.0 15.525392 59.41460037231445 90.39433288574219
5.0 15.525392 55.03104782104492 48.727657318115234
6.0 15.525392 95.34554290771484 114.13143157958984
7.0 15.525392 134.6842803955078 26.20340919494629
8.0 15.525392 159.1383056640625 7.473663806915283
9.0 15.525392 159.1383056640625 7.473663806915283
10.0 15.525392 160.88232421875 3.947929859161377
11.0 15.525392 166.3403778076172 154.07977294921875
12.0 15.525392 178.5391845703125 9.639623641967773
13.0 15.525392 178.5391845703125 9.639623641967773
14.0 15.525392 178.5391845703125 9.639623641967773
15.0 15.525392 195.0061492919922 98.14667510986328
16.0 15.525392 190.426513671875 107.35867309570312
17.0 15.525392 246.45755004882812 104.41310119628906
18.0 15.525392 246.45755004882812 104.41310119628906
0.0 15.571457 32.00344467163086 43.48491668701172
1.0 15.571457 32.00344467163086 43.48491668701172
2.0 15.571457 48.716182708740234 43.28016662597656
3.0 15.571457 48.716182708740234 43.28016662597656
4.0 15.571457 71.66840362548828 88.70501708984375
5.0 15.571457 63.441341400146484 47.433040618896484
6.0 15.571457 106.55366516113281 113.26598358154297
7.0 15.571457 143.89498901367188 26.191368103027344
8.0 15.571457 168.6556854248047 8.018133163452148
9.0 15.571457 168.6556854248047 8.018133163452148
10.0 15.571457 170.28907775878906 4.6685638427734375
11.0 15.571457 176.50714111328125 154.41751098632812
12.0 15.571457 187.87860107421875 10.473477363586426
13.0 15.571457 187.87860107421875 10.473477363586426
14.0 15.571457 187.87860107421875 10.473477363586426
15.0 15.571457 205.20176696777344 175.09002685546875
16.0 15.571457 201.14601135253906 108.47767639160156
17.0 15.571457 259.2514343261719 110.09266662597656
18.0 15.571457 259.2514343261719 110.09266662597656
0.0 15.617522999 41.040283203125 40.18596267700195
1.0 15.617522999 41.040283203125 40.18596267700195
2.0 15.617522999 58.07383346557617 40.18327331542969
3.0 15.617522999 58.07383346557617 40.18327331542969
4.0 15.617522999 -45.7861328125 15.177553176879883
5.0 15.617522999 72.71354675292969 44.805511474609375
6.0 15.617522999 118.50823211669922 111.4290771484375
7.0 15.617522999 153.9961700439453 25.240901947021484
8.0 15.617522999 179.16700744628906 7.8898138999938965
9.0 15.617522999 179.16700744628906 7.8898138999938965
10.0 15.617522999 180.704833984375 4.576958656311035
11.0 15.617522999 186.84454345703125 154.09214782714844
12.0 15.617522999 198.14764404296875 10.758474349975586
13.0 15.617522999 198.14764404296875 10.758474349975586
14.0 15.617522999 198.14764404296875 10.758474349975586
15.0 15.617522999 213.40243530273438 174.0820770263672
16.0 15.617522999 212.24842834472656 109.3353042602539
17.0 15.617522999 287.11627197265625 111.82796478271484
18.0 15.617522999 287.11627197265625 111.82796478271484
0.0 15.663587999 49.20331573486328 38.40427017211914
1.0 15.663587999 49.20331573486328 38.40427017211914
2.0 15.663587999 66.5401840209961 38.71709442138672
3.0 15.663587999 66.5401840209961 38.71709442138672
4.0 15.663587999 -73.2498550415039 -3.294635772705078
5.0 15.663587999 81.31062316894531 43.949424743652344
6.0 15.663587999 129.5760498046875 111.37615966796875
7.0 15.663587999 163.06903076171875 25.77676773071289
8.0 15.663587999 188.4656524658203 9.136371612548828
9.0 15.663587999 188.4656524658203 9.136371612548828
10.0 15.663587999 189.73568725585938 5.858426570892334
11.0 15.663587999 196.37698364257812 155.42495727539062
12.0 15.663587999 207.29806518554688 12.344558715820312
13.0 15.663587999 207.29806518554688 12.344558715820312
14.0 15.663587999 207.29806518554688 12.344558715820312
15.0 15.663587999 215.3961944580078 178.56661987304688
16.0 15.663587999 222.5867156982422 111.62104034423828
17.0 15.663587999 284.91424560546875 115.7364501953125
18.0 15.663587999 284.91424560546875 115.7364501953125
0.0 15.709653 58.75640106201172 37.29218673706055
1.0 15.709653 58.75640106201172 37.29218673706055
2.0 15.709653 76.50648498535156 37.851905822753906
3.0 15.709653 76.50648498535156 37.851905822753906
4.0 15.709653 -99.39323425292969 -55.43000411987305
5.0 15.709653 52.08329391479492 41.029930114746094
6.0 15.709653 142.16592407226562 111.740234375
7.0 15.709653 173.47262573242188 26.401123046875
8.0 15.709653 198.79791259765625 10.385689735412598
9.0 15.709653 198.79791259765625 10.385689735412598
10.0 15.709653 199.91177368164062 7.1132307052612305
11.0 15.709653 207.3867950439453 156.966552734375
12.0 15.709653 217.52137756347656 13.800228118896484
13.0 15.709653 217.52137756347656 13.800228118896484
14.0 15.709653 217.52137756347656 13.800228118896484
15.0 15.709653 146.03323364257812 156.8267364501953
16.0 15.709653 234.50135803222656 114.03376007080078
17.0 15.709653 336.49041748046875 118.41338348388672
18.0 15.709653 336.49041748046875 118.41338348388672
0.0 15.755719 68.25776672363281 35.38570022583008
1.0 15.755719 68.25776672363281 35.38570022583008
2.0 15.755719 86.28821563720703 35.9400749206543
3.0 15.755719 86.28821563720703 35.9400749206543
4.0 15.755719 -61.89323425292969 -55.43000411987305
5.0 15.755719 61.53943634033203 39.14463424682617
6.0 15.755719 155.1112518310547 109.99562072753906
7.0 15.755719 183.53118896484375 24.574329376220703
8.0 15.755719 208.57611083984375 8.790672302246094
9.0 15.755719 208.57611083984375 8.790672302246094
10.0 15.755719 209.51776123046875 5.564455032348633
11.0 15.755719 219.20103454589844 155.68191528320312
12.0 15.755719 227.4609832763672 12.252074241638184
13.0 15.755719 227.4609832763672 12.252074241638184
14.0 15.755719 227.4609832763672 12.252074241638184
15.0 15.755719 144.2185821533203 162.02842712402344
16.0 15.755719 222.82977294921875 118.7469482421875
17.0 15.755719 267.3353576660156 112.99151611328125
18.0 15.755719 267.3353576660156 112.99151611328125
0.0 15.801783999 76.01406860351562 35.049156188964844
1.0 15.801783999 76.01406860351562 35.049156188964844
2.0 15.801783999 94.1717758178711 35.34998321533203
3.0 15.801783999 94.1717758178711 35.34998321533203
4.0 15.801783999 -61.89323425292969 -105.43000793457031
5.0 15.801783999 69.35047149658203 38.855247497558594
6.0 15.801783999 166.36929321289062 108.16976928710938
7.0 15.801783999 191.54238891601562 22.398271560668945
8.0 15.801783999 216.20242309570312 6.047303676605225
9.0 15.801783999 216.20242309570312 6.047303676605225
10.0 15.801783999 217.80322265625 2.41412091255188
11.0 15.801783999 230.34523010253906 153.29183959960938
12.0 15.801783999 235.0956268310547 9.436637878417969
13.0 15.801783999 235.0956268310547 9.436637878417969
14.0 15.801783999 235.0956268310547 9.436637878417969
15.0 15.801783999 155.4132843017578 160.6753387451172
16.0 15.801783999 233.6475372314453 117.40470886230469
17.0 15.801783999 228.5511474609375 181.47500610351562
18.0 15.801783999 228.5511474609375 181.47500610351562
0.0 15.847849 79.27631378173828 34.48979187011719
1.0 15.847849 79.27631378173828 34.48979187011719
2.0 15.847849 97.47368621826172 35.063758850097656
3.0 15.847849 97.47368621826172 35.063758850097656
4.0 15.847849 -111.89323425292969 -5.4300079345703125
5.0 15.847849 72.63926696777344 38.32041549682617
6.0 15.847849 169.8509979248047 107.79702758789062
7.0 15.847849 194.91140747070312 22.23715591430664
8.0 15.847849 219.51104736328125 5.817444801330566
9.0 15.847849 219.51104736328125 5.817444801330566
10.0 15.847849 220.9976806640625 2.396638870239258
11.0 15.847849 233.60516357421875 153.4683074951172
12.0 15.847849 252.02720642089844 9.995370864868164
13.0 15.847849 252.02720642089844 9.995370864868164
14.0 15.847849 252.02720642089844 9.995370864868164
15.0 15.847849 158.7330780029297 160.50978088378906
16.0 15.847849 236.94430541992188 117.73164367675781
17.0 15.847849 229.59027099609375 198.87550354003906
18.0 15.847849 229.59027099609375 198.87550354003906
0.0 15.893915 78.26780700683594 32.32685089111328
1.0 15.893915 78.26780700683594 32.32685089111328
2.0 15.893915 96.51539611816406 32.81938552856445
3.0 15.893915 96.51539611816406 32.81938552856445
4.0 15.893915 -354.9486083984375 60.356101989746094
5.0 15.893915 71.60489654541016 36.18959045410156
6.0 15.893915 167.7049560546875 105.26529693603516
7.0 15.893915 194.1748809814453 20.125173568725586
8.0 15.893915 218.90187072753906 1.21403169631958
9.0 15.893915 218.90187072753906 1.21403169631958
10.0 15.893915 219.46136474609375 -43.3525390625
11.0 15.893915 231.57403564453125 151.38858032226562
12.0 15.893915 290.3487854003906 8.536828994750977
13.0 15.893915 290.3487854003906 8.536828994750977
14.0 15.893915 290.3487854003906 8.536828994750977
15.0 15.893915 157.1316680908203 158.20591735839844
16.0 15.893915 234.1816864013672 114.79364776611328
17.0 15.893915 225.44581604003906 232.83839416503906
18.0 15.893915 225.44581604003906 232.83839416503906
0.0 15.939979999 73.35240173339844 31.9138126373291
1.0 15.939979999 73.35240173339844 31.9138126373291
2.0 15.939979999 91.46745300292969 32.40039825439453
3.0 15.939979999 91.46745300292969 32.40039825439453
4.0 15.939979999 -387.9335632324219 57.80264663696289
5.0 15.939979999 66.7102279663086 35.76716995239258
6.0 15.939979999 172.665771484375 108.02619171142578
7.0 15.939979999 189.1099090576172 19.56695556640625
8.0 15.939979999 214.38177490234375 0.1572820246219635
9.0 15.939979999 214.38177490234375 0.1572820246219635
10.0 15.939979999 224.9031982421875 19.260374069213867
11.0 15.939979999 224.90492248535156 150.68772888183594
12.0 15.939979999 291.7147216796875 25.19391441345215
13.0 15.939979999 291.7147216796875 25.19391441345215
14.0 15.939979999 291.7147216796875 25.19391441345215
15.0 15.939979999 150.39114379882812 157.1912384033203
16.0 15.939979999 227.705322265625 113.3506088256836
17.0 15.939979999 354.0965576171875 115.02046203613281
18.0 15.939979999 354.0965576171875 115.02046203613281
0.0 15.986045999 66.02871704101562 33.02838897705078
1.0 15.986045999 66.02871704101562 33.02838897705078
2.0 15.986045999 83.96199798583984 33.32843780517578
3.0 15.986045999 83.96199798583984 33.32843780517578
4.0 15.986045999 -399.4267272949219 57.05813980102539
5.0 15.986045999 59.42398452758789 37.022552490234375
6.0 15.986045999 179.43739318847656 119.85953521728516
7.0 15.986045999 181.36070251464844 19.015600204467773
8.0 15.986045999 207.3809814453125 -1.6916199922561646
9.0 15.986045999 207.3809814453125 -1.6916199922561646
10.0 15.986045999 214.37530517578125 17.943763732910156
11.0 15.986045999 216.2804718017578 149.57028198242188
12.0 15.986045999 334.6923522949219 26.683792114257812
13.0 15.986045999 334.6923522949219 26.683792114257812
14.0 15.986045999 334.6923522949219 26.683792114257812
15.0 15.986045999 141.9599151611328 156.86392211914062
16.0 15.986045999 249.5789031982422 230.499267578125
17.0 15.986045999 229.61135864257812 107.50022888183594
18.0 15.986045999 229.61135864257812 107.50022888183594
0.0 16.032111 55.57628631591797 34.43473815917969
1.0 16.032111 55.57628631591797 34.43473815917969
2.0 16.032111 73.28521728515625 34.51820755004883
3.0 16.032111 73.28521728515625 34.51820755004883
4.0 16.032111 -401.7722473144531 55.1884880065918
5.0 16.032111 48.99699783325195 38.56983947753906
6.0 16.032111 165.51405334472656 119.28388214111328
7.0 16.032111 193.41502380371094 18.66457748413086
8.0 16.032111 196.33828735351562 -2.8408021926879883
9.0 16.032111 196.33828735351562 -2.8408021926879883
10.0 16.032111 199.2742919921875 16.820220947265625
11.0 16.032111 203.49205017089844 148.56106567382812
12.0 16.032111 329.0206604003906 28.39962387084961
13.0 16.032111 329.0206604003906 28.39962387084961
14.0 16.032111 329.0206604003906 28.39962387084961
15.0 16.032111 129.7035675048828 156.7267303466797
16.0 16.032111 324.57891845703125 292.999267578125
17.0 16.032111 220.8917999267578 135.36778259277344
18.0 16.032111 220.8917999267578 135.36778259277344
0.0 16.078176 42.84752655029297 37.21434020996094
1.0 16.078176 42.84752655029297 37.21434020996094
2.0 16.078176 104.04167175292969 29.384780883789062
3.0 16.078176 104.04167175292969 29.384780883789062
4.0 16.078176 -349.9312744140625 52.11215591430664
5.0 16.078176 36.31275939941406 41.42634963989258
6.0 16.078176 143.46127319335938 132.24398803710938
7.0 16.078176 174.90646362304688 19.179901123046875
8.0 16.078176 182.58811950683594 -2.7446060180664062
9.0 16.078176 182.58811950683594 -2.7446060180664062
10.0 16.078176 180.21421813964844 17.05150032043457
11.0 16.078176 186.90476989746094 148.85955810546875
12.0 16.078176 338.1763916015625 30.634361267089844
13.0 16.078176 338.1763916015625 30.634361267089844
14.0 16.078176 338.1763916015625 30.634361267089844
15.0 16.078176 114.25091552734375 157.87078857421875
16.0 16.078176 324.57891845703125 292.999267578125
17.0 16.078176 226.48294067382812 139.27362060546875
18.0 16.078176 226.48294067382812 139.27362060546875
0.0 16.124242 28.866334915161133 41.31652069091797
1.0 16.124242 28.866334915161133 41.31652069091797
2.0 16.124242 86.66641235351562 32.72104263305664
3.0 16.124242 86.66641235351562 32.72104263305664
4.0 16.124242 -331.9448547363281 50.6385498046875
5.0 16.124242 22.341997146606445 45.61489486694336
6.0 16.124242 124.04821014404297 135.09780883789062
7.0 16.124242 154.75648498535156 21.67866325378418
8.0 16.124242 181.55384826660156 -123.12432861328125
9.0 16.124242 181.55384826660156 -123.12432861328125
10.0 16.124242 158.60963439941406 19.286916732788086
11.0 16.124242 168.06088256835938 150.8824005126953
12.0 16.124242 357.2030944824219 35.516727447509766
13.0 16.124242 357.2030944824219 35.516727447509766
14.0 16.124242 357.2030944824219 35.516727447509766
15.0 16.124242 97.2789306640625 160.7574005126953
16.0 16.124242 1081.117431640625 198.43191528320312
17.0 16.124242 209.7688751220703 139.95816040039062
18.0 16.124242 209.7688751220703 139.95816040039062
0.0 16.170306999 15.753299713134766 46.936885833740234
1.0 16.170306999 15.753299713134766 46.936885833740234
2.0 16.170306999 71.90259552001953 37.7409782409668
3.0 16.170306999 71.90259552001953 37.7409782409668
4.0 16.170306999 -329.0087890625 49.10233688354492
5.0 16.170306999 9.322663307189941 51.41328811645508
6.0 16.170306999 106.24815368652344 139.64083862304688
7.0 16.170306999 135.32925415039062 25.68743896484375
8.0 16.170306999 176.069580078125 -165.96456909179688
9.0 16.170306999 176.069580078125 -165.96456909179688
10.0 16.170306999 137.61151123046875 23.213666915893555
11.0 16.170306999 150.16302490234375 154.50437927246094
12.0 16.170306999 311.5310974121094 40.03032684326172
13.0 16.170306999 311.5310974121094 40.03032684326172
14.0 16.170306999 311.5310974121094 40.03032684326172
15.0 16.170306999 81.44697570800781 165.60353088378906
16.0 16.170306999 1043.617431640625 273.4319152832031
17.0 16.170306999 204.82362365722656 140.27639770507812
18.0 16.170306999 204.82362365722656 140.27639770507812
0.0 16.216372 3.081864833831787 51.767723083496094
1.0 16.216372 3.081864833831787 51.767723083496094
2.0 16.216372 58.21540451049805 41.05992889404297
3.0 16.216372 58.21540451049805 41.05992889404297
4.0 16.216372 -764.7489013671875 63.97236251831055
5.0 16.216372 -3.4956777095794678 56.242698669433594
6.0 16.216372 90.70588684082031 142.10964965820312
7.0 16.216372 114.32107543945312 27.800987243652344
8.0 16.216372 165.4674530029297 -197.81056213378906
9.0 16.216372 165.4674530029297 -197.81056213378906
10.0 16.216372 117.97463989257812 25.027719497680664
11.0 16.216372 134.61705017089844 155.68080139160156
12.0 16.216372 328.26434326171875 61.848941802978516
13.0 16.216372 328.26434326171875 61.848941802978516
14.0 16.216372 328.26434326171875 61.848941802978516
15.0 16.216372 68.36367797851562 168.5864715576172
16.0 16.216372 1043.617431640625 273.4319152832031
17.0 16.216372 175.93035888671875 166.05223083496094
18.0 16.216372 175.93035888671875 166.05223083496094
0.0 16.262438 -30.469345092773438 53.98587417602539
1.0 16.262438 -30.469345092773438 53.98587417602539
2.0 16.262438 45.662227630615234 43.84261703491211
3.0 16.262438 45.662227630615234 43.84261703491211
4.0 16.262438 -817.0902099609375 65.86506652832031
5.0 16.262438 -46.57803726196289 59.4957160949707
6.0 16.262438 75.86994934082031 144.66502380371094
7.0 16.262438 99.27916717529297 30.59990692138672
8.0 16.262438 147.0408477783203 -228.818359375
9.0 16.262438 147.0408477783203 -228.818359375
10.0 16.262438 101.0687484741211 27.943456649780273
11.0 16.262438 119.0637435913086 157.997802734375
12.0 16.262438 296.48486328125 74.23858642578125
13.0 16.262438 296.48486328125 74.23858642578125
14.0 16.262438 296.48486328125 74.23858642578125
15.0 16.262438 54.858768463134766 171.22373962402344
16.0 16.262438 1018.617431640625 270.3069152832031
17.0 16.262438 161.33668518066406 167.9497528076172
18.0 16.262438 161.33668518066406 167.9497528076172
0.0 16.308502999 -70.3918228149414 56.054542541503906
1.0 16.308502999 -70.3918228149414 56.054542541503906
2.0 16.308502999 33.524688720703125 47.32105255126953
3.0 16.308502999 33.524688720703125 47.32105255126953
4.0 16.308502999 -842.1514282226562 69.34230041503906
5.0 16.308502999 -62.70501708984375 62.475135803222656
6.0 16.308502999 64.40290832519531 147.4855194091797
7.0 16.308502999 85.88847351074219 32.98087692260742
8.0 16.308502999 153.12086486816406 -261.977783203125
9.0 16.308502999 153.12086486816406 -261.977783203125
10.0 16.308502999 87.62898254394531 30.37811851501465
11.0 16.308502999 107.11566925048828 159.9903106689453
12.0 16.308502999 240.01324462890625 74.58209991455078
13.0 16.308502999 240.01324462890625 74.58209991455078
14.0 16.308502999 240.01324462890625 74.58209991455078
15.0 16.308502999 44.970619201660156 174.81173706054688
16.0 16.308502999 1018.617431640625 270.3069152832031
17.0 16.308502999 149.9733428955078 169.09979248046875
18.0 16.308502999 149.9733428955078 169.09979248046875
0.0 16.354568999 -103.05630493164062 44.669769287109375
1.0 16.354568999 -103.05630493164062 44.669769287109375
2.0 16.354568999 25.119470596313477 49.86553192138672
3.0 16.354568999 25.119470596313477 49.86553192138672
4.0 16.354568999 -869.3836669921875 72.26404571533203
5.0 16.354568999 -84.33872985839844 56.41840744018555
6.0 16.354568999 56.970497131347656 149.4453887939453
7.0 16.354568999 75.717529296875 34.64139175415039
8.0 16.354568999 151.97283935546875 -292.7996520996094
9.0 16.354568999 151.97283935546875 -292.7996520996094
10.0 16.354568999 77.39421081542969 31.97754669189453
11.0 16.354568999 99.38552856445312 161.35694885253906
12.0 16.354568999 261.5890197753906 48.859683990478516
13.0 16.354568999 261.5890197753906 48.859683990478516
14.0 16.354568999 261.5890197753906 48.859683990478516
15.0 16.354568999 40.27292251586914 185.25833129882812
16.0 16.354568999 1043.617431640625 345.3069152832031
17.0 16.354568999 142.51023864746094 169.5477752685547
18.0 16.354568999 142.51023864746094 169.5477752685547
0.0 16.400634 -142.70448303222656 49.599609375
1.0 16.400634 -142.70448303222656 49.599609375
2.0 16.400634 20.45472526550293 50.8394775390625
3.0 16.400634 20.45472526550293 50.8394775390625
4.0 16.400634 -910.7322998046875 74.16069793701172
5.0 16.400634 -94.10684204101562 60.39756774902344
6.0 16.400634 51.681785583496094 150.6793975830078
7.0 16.400634 70.88106536865234 35.939693450927734
8.0 16.400634 153.85935974121094 -323.97113037109375
9.0 16.400634 153.85935974121094 -323.97113037109375
10.0 16.400634 72.6019515991211 33.27356719970703
11.0 16.400634 93.83499908447266 162.95689392089844
12.0 16.400634 264.9861145019531 53.593379974365234
13.0 16.400634 264.9861145019531 53.593379974365234
14.0 16.400634 264.9861145019531 53.593379974365234
15.0 16.400634 34.503910064697266 169.91383361816406
16.0 16.400634 1043.617431640625 395.3069152832031
17.0 16.400634 136.71824645996094 171.3175506591797
18.0 16.400634 136.71824645996094 171.3175506591797
0.0 16.446699 -164.99884033203125 48.7883415222168
1.0 16.446699 -164.99884033203125 48.7883415222168
2.0 16.446699 21.534805297851562 49.79783630371094
3.0 16.446699 21.534805297851562 49.79783630371094
4.0 16.446699 -925.9109497070312 73.02971649169922
5.0 16.446699 -112.65560913085938 59.00501251220703
6.0 16.446699 52.80693435668945 149.95559692382812
7.0 16.446699 73.09642028808594 35.25328826904297
8.0 16.446699 154.85780334472656 -354.7611389160156
9.0 16.446699 154.85780334472656 -354.7611389160156
10.0 16.446699 74.91211700439453 32.59724044799805
11.0 16.446699 95.20262145996094 162.7100067138672
12.0 16.446699 264.8691711425781 55.14610290527344
13.0 16.446699 264.8691711425781 55.14610290527344
14.0 16.446699 264.8691711425781 55.14610290527344
15.0 16.446699 35.13728713989258 169.60301208496094
16.0 16.446699 993.617431640625 445.3069152832031
17.0 16.446699 137.2703399658203 171.5248260498047
18.0 16.446699 137.2703399658203 171.5248260498047
0.0 16.492764999 -125.68290710449219 54.94000244140625
1.0 16.492764999 -125.68290710449219 54.94000244140625
2.0 16.492764999 29.00596809387207 47.45701599121094
3.0 16.492764999 29.00596809387207 47.45701599121094
4.0 16.492764999 -945.6098022460938 72.3717269897461
5.0 16.492764999 -177.38653564453125 62.975425720214844
6.0 16.492764999 60.16891098022461 148.20559692382812
7.0 16.492764999 81.91618347167969 33.718292236328125
8.0 16.492764999 153.322265625 -385.19903564453125
9.0 16.492764999 153.322265625 -385.19903564453125
10.0 16.492764999 83.97843170166016 31.06337547302246
11.0 16.492764999 103.00144958496094 161.71693420410156
12.0 16.492764999 340.309326171875 54.76087188720703
13.0 16.492764999 340.309326171875 54.76087188720703
14.0 16.492764999 340.309326171875 54.76087188720703
15.0 16.492764999 41.52922821044922 167.6852264404297
16.0 16.492764999 1093.617431640625 451.5569152832031
17.0 16.492764999 143.8518829345703 171.41270446777344
18.0 16.492764999 143.8518829345703 171.41270446777344
0.0 16.538829999 -259.7052001953125 123.24517822265625
1.0 16.538829999 -259.7052001953125 123.24517822265625
2.0 16.538829999 39.37042236328125 45.40736389160156
3.0 16.538829999 39.37042236328125 45.40736389160156
4.0 16.538829999 -991.2679443359375 69.26031494140625
5.0 16.538829999 -295.815185546875 64.28495025634766
6.0 16.538829999 70.757080078125 146.9653778076172
7.0 16.538829999 93.9858169555664 33.122772216796875
8.0 16.538829999 151.82679748535156 -415.17230224609375
9.0 16.538829999 151.82679748535156 -415.17230224609375
10.0 16.538829999 96.8890380859375 30.215850830078125
11.0 16.538829999 114.13011169433594 161.77117919921875
12.0 16.538829999 475.913330078125 56.52865219116211
13.0 16.538829999 475.913330078125 56.52865219116211
14.0 16.538829999 475.913330078125 56.52865219116211
15.0 16.538829999 50.55938720703125 166.40354919433594
16.0 16.538829999 1043.617431640625 451.5569152832031
17.0 16.538829999 142.68296813964844 170.6034698486328
18.0 16.538829999 142.68296813964844 170.6034698486328
0.0 16.584895 -416.9331970214844 59.41933822631836
1.0 16.584895 -416.9331970214844 59.41933822631836
2.0 16.584895 52.65573501586914 43.81793975830078
3.0 16.584895 52.65573501586914 43.81793975830078
4.0 16.584895 -991.609375 35.0213737487793
5.0 16.584895 -312.6643371582031 62.013858795166016
6.0 16.584895 86.27945709228516 146.41323852539062
7.0 16.584895 111.18645477294922 33.268096923828125
8.0 16.584895 153.8719024658203 -446.2562255859375
9.0 16.584895 153.8719024658203 -446.2562255859375
10.0 16.584895 102.19580841064453 34.827125549316406
11.0 16.584895 130.1768341064453 162.7289276123047
12.0 16.584895 552.0881958007812 56.4283447265625
13.0 16.584895 552.0881958007812 56.4283447265625
14.0 16.584895 552.0881958007812 56.4283447265625
15.0 16.584895 64.34307861328125 165.49325561523438
16.0 16.584895 1043.617431640625 451.5569152832031
17.0 16.584895 153.0248565673828 146.3411407470703
18.0 16.584895 153.0248565673828 146.3411407470703
0.0 16.630961 -362.84112548828125 49.79334259033203
1.0 16.630961 -362.84112548828125 49.79334259033203
2.0 16.630961 67.13172149658203 42.491294860839844
3.0 16.630961 67.13172149658203 42.491294860839844
4.0 16.630961 -958.2657470703125 33.563087463378906
5.0 16.630961 -277.3330383300781 51.09569549560547
6.0 16.630961 103.76465606689453 145.69979858398438
7.0 16.630961 128.14212036132812 33.29398727416992
8.0 16.630961 155.92721557617188 -477.7494201660156
9.0 16.630961 155.92721557617188 -477.7494201660156
10.0 16.630961 111.2359619140625 31.608034133911133
11.0 16.630961 147.84873962402344 163.5268096923828
12.0 16.630961 528.491943359375 56.35667419433594
13.0 16.630961 528.491943359375 56.35667419433594
14.0 16.630961 528.491943359375 56.35667419433594
15.0 16.630961 59.20611572265625 162.3874053955078
16.0 16.630961 1006.117431640625 401.5569152832031
17.0 16.630961 170.70523071289062 147.63050842285156
18.0 16.630961 170.70523071289062 147.63050842285156
0.0 16.677025999 -408.0594177246094 52.1035041809082
1.0 16.677025999 -408.0594177246094 52.1035041809082
2.0 16.677025999 83.85919952392578 41.85544967651367
3.0 16.677025999 83.85919952392578 41.85544967651367
4.0 16.677025999 -1099.5242919921875 -18.177799224853516
5.0 16.677025999 -284.2080383300781 53.36448669433594
6.0 16.677025999 124.22236633300781 145.41427612304688
7.0 16.677025999 126.16006469726562 30.74167251586914
8.0 16.677025999 156.66419982910156 -508.00439453125
9.0 16.677025999 156.66419982910156 -508.00439453125
10.0 16.677025999 128.70558166503906 31.36977195739746
11.0 16.677025999 167.98699951171875 164.31369018554688
12.0 16.677025999 1378.309814453125 -882.8330078125
13.0 16.677025999 1378.309814453125 -882.8330078125
14.0 16.677025999 1378.309814453125 -882.8330078125
15.0 16.677025999 70.17765045166016 172.66688537597656
16.0 16.677025999 1006.117431640625 401.5569152832031
17.0 16.677025999 119.96220397949219 209.88983154296875
18.0 16.677025999 119.96220397949219 209.88983154296875
0.0 16.723091 -411.53564453125 55.076759338378906
1.0 16.723091 -411.53564453125 55.076759338378906
2.0 16.723091 74.59367370605469 31.60321044921875
3.0 16.723091 74.59367370605469 31.60321044921875
4.0 16.723091 -899.5242919921875 -118.17779541015625
5.0 16.723091 -320.6546630859375 59.133968353271484
6.0 16.723091 140.9923095703125 144.1134490966797
7.0 16.723091 139.83799743652344 29.405609130859375
8.0 16.723091 158.66685485839844 -538.5454711914062
9.0 16.723091 158.66685485839844 -538.5454711914062
10.0 16.723091 142.29965209960938 30.009016036987305
11.0 16.723091 184.08251953125 163.86619567871094
12.0 16.723091 1328.309814453125 -957.8330078125
13.0 16.723091 1328.309814453125 -957.8330078125
14.0 16.723091 1328.309814453125 -957.8330078125
15.0 16.723091 84.96952056884766 171.43792724609375
16.0 16.723091 1006.117431640625 401.5569152832031
17.0 16.723091 -22.691131591796875 174.25718688964844
18.0 16.723091 -22.691131591796875 174.25718688964844
0.0 16.769157 -456.550048828125 61.41209411621094
1.0 16.769157 -456.550048828125 61.41209411621094
2.0 16.769157 67.07014465332031 32.65970993041992
3.0 16.769157 67.07014465332031 32.65970993041992
4.0 16.769157 -649.5242919921875 -368.17779541015625
5.0 16.769157 -321.9320068359375 59.48169708251953
6.0 16.769157 156.2401580810547 143.9236297607422
7.0 16.769157 152.21560668945312 28.877490997314453
8.0 16.769157 159.96990966796875 -569.6393432617188
9.0 16.769157 159.96990966796875 -569.6393432617188
10.0 16.769157 154.5465850830078 29.484956741333008
11.0 16.769157 198.47296142578125 164.26182556152344
12.0 16.769157 1278.309814453125 -1007.8330078125
13.0 16.769157 1278.309814453125 -1007.8330078125
14.0 16.769157 1278.309814453125 -1007.8330078125
15.0 16.769157 98.45845031738281 171.14471435546875
16.0 16.769157 1006.117431640625 401.5569152832031
17.0 16.769157 -73.35340881347656 174.65597534179688
18.0 16.769157 -73.35340881347656 174.65597534179688
0.0 16.815221999 -746.1990356445312 210.2251739501953
1.0 16.815221999 -746.1990356445312 210.2251739501953
2.0 16.815221999 73.40528106689453 38.6745719909668
3.0 16.815221999 73.40528106689453 38.6745719909668
4.0 16.815221999 -674.5242919921875 -468.17779541015625
5.0 16.815221999 -522.5748901367188 61.76314163208008
6.0 16.815221999 168.50584411621094 139.47201538085938
7.0 16.815221999 159.16636657714844 75.19868469238281
8.0 16.815221999 161.0486297607422 -600.8159790039062
9.0 16.815221999 161.0486297607422 -600.8159790039062
10.0 16.815221999 141.04896545410156 44.98255920410156
11.0 16.815221999 210.35629272460938 160.14532470703125
12.0 16.815221999 1328.309814453125 -1032.8330078125
13.0 16.815221999 1328.309814453125 -1032.8330078125
14.0 16.815221999 1328.309814453125 -1032.8330078125
15.0 16.815221999 109.84013366699219 167.4408721923828
16.0 16.815221999 1031.117431640625 451.5569152832031
17.0 16.815221999 -95.6401596069336 173.8153533935547
18.0 16.815221999 -95.6401596069336 173.8153533935547
0.0 16.861287999 -946.1990356445312 260.22515869140625
1.0 16.861287999 -946.1990356445312 260.22515869140625
2.0 16.861287999 76.78528594970703 36.27754211425781
3.0 16.861287999 76.78528594970703 36.27754211425781
4.0 16.861287999 -610.5242919921875 267.82220458984375
5.0 16.861287999 -586.982177734375 63.228797912597656
6.0 16.861287999 174.60443115234375 135.62265014648438
7.0 16.861287999 164.0583953857422 71.39997863769531
8.0 16.861287999 165.11570739746094 -631.6180419921875
9.0 16.861287999 165.11570739746094 -631.6180419921875
10.0 16.861287999 145.33030700683594 41.37577819824219
11.0 16.861287999 216.38436889648438 156.0659637451172
12.0 16.861287999 1328.309814453125 -1132.8330078125
13.0 16.861287999 1328.309814453125 -1132.8330078125
14.0 16.861287999 1328.309814453125 -1132.8330078125
15.0 16.861287999 115.90384674072266 164.56643676757812
16.0 16.861287999 1031.117431640625 451.5569152832031
17.0 16.861287999 -126.85956573486328 215.64443969726562
18.0 16.861287999 -126.85956573486328 215.64443969726562
0.0 16.907353 -971.1990356445312 260.22515869140625
1.0 16.907353 -971.1990356445312 260.22515869140625
2.0 16.907353 75.99188232421875 36.89299774169922
3.0 16.907353 75.99188232421875 36.89299774169922
4.0 16.907353 -635.5242919921875 267.82220458984375
5.0 16.907353 -616.9217529296875 64.84567260742188
6.0 16.907353 174.20668029785156 135.08859252929688
7.0 16.907353 163.09622192382812 70.9681625366211
8.0 16.907353 154.7544403076172 -662.9232788085938
9.0 16.907353 154.7544403076172 -662.9232788085938
10.0 16.907353 144.13619995117188 41.237247467041016
11.0 16.907353 216.39334106445312 155.33306884765625
12.0 16.907353 1228.309814453125 -1207.8330078125
13.0 16.907353 1228.309814453125 -1207.8330078125
14.0 16.907353 1228.309814453125 -1207.8330078125
15.0 16.907353 116.1386947631836 164.8013458251953
16.0 16.907353 1065.284912109375 485.7236328125
17.0 16.907353 -151.85955810546875 215.64443969726562
18.0 16.907353 -151.85955810546875 215.64443969726562
0.0 16.953418 -971.1990356445312 360.22515869140625
1.0 16.953418 -971.1990356445312 360.22515869140625
2.0 16.953418 70.69808197021484 37.7191276550293
3.0 16.953418 70.69808197021484 37.7191276550293
4.0 16.953418 -635.5242919921875 367.82220458984375
5.0 16.953418 -640.4517822265625 66.50117492675781
6.0 16.953418 167.35430908203125 135.04554748535156
7.0 16.953418 156.27163696289062 70.97440338134766
8.0 16.953418 149.24163818359375 -692.9369506835938
9.0 16.953418 149.24163818359375 -692.9369506835938
10.0 16.953418 137.25347900390625 41.5119514465332
11.0 16.953418 210.21669006347656 155.07029724121094
12.0 16.953418 1240.809814453125 -1239.0830078125
13.0 16.953418 1240.809814453125 -1239.0830078125
14.0 16.953418 1240.809814453125 -1239.0830078125
15.0 16.953418 110.302001953125 165.30068969726562
16.0 16.953418 1065.284912109375 485.7236328125
17.0 16.953418 -151.85955810546875 315.6444396972656
18.0 16.953418 -151.85955810546875 315.6444396972656
0.0 16.999484 -139.198974609375 -375.77484130859375
1.0 16.999484 -139.198974609375 -375.77484130859375
2.0 16.999484 63.548458099365234 37.86457824707031
3.0 16.999484 63.548458099365234 37.86457824707031
4.0 16.999484 -3355.5244140625 -2576.177734375
5.0 16.999484 -668.3552856445312 70.27940368652344
6.0 16.999484 158.88339233398438 132.38226318359375
7.0 16.999484 147.29534912109375 68.7132797241211
8.0 16.999484 149.58251953125 -724.0800170898438
9.0 16.999484 149.58251953125 -724.0800170898438
10.0 16.999484 127.67521667480469 39.86149978637695
11.0 16.999484 202.56692504882812 151.6469268798828
12.0 16.999484 1290.809814453125 -1251.5830078125
13.0 16.999484 1290.809814453125 -1251.5830078125
14.0 16.999484 1290.809814453125 -1251.5830078125
15.0 16.999484 103.88967895507812 164.0356903076172
16.0 16.999484 1065.284912109375 885.7236328125
17.0 16.999484 -151.85955810546875 203.64443969726562
18.0 16.999484 -151.85955810546875 203.64443969726562
0.0 17.045548999 -139.198974609375 -375.77484130859375
1.0 17.045548999 -139.198974609375 -375.77484130859375
2.0 17.045548999 55.06652069091797 41.85443115234375
3.0 17.045548999 55.06652069091797 41.85443115234375
4.0 17.045548999 -3355.5244140625 -2576.177734375
5.0 17.045548999 -679.03955078125 73.50971221923828
6.0 17.045548999 147.84022521972656 134.1494598388672
7.0 17.045548999 135.85360717773438 70.9276351928711
8.0 17.045548999 149.30807495117188 -753.9473266601562
9.0 17.045548999 149.30807495117188 -753.9473266601562
10.0 17.045548999 115.93962097167969 42.82004928588867
11.0 17.045548999 192.16900634765625 152.6118621826172
12.0 17.045548999 1240.809814453125 -1251.5830078125
13.0 17.045548999 1240.809814453125 -1251.5830078125
14.0 17.045548999 1240.809814453125 -1251.5830078125
15.0 17.045548999 94.96675872802734 166.8640899658203
16.0 17.045548999 1065.284912109375 885.7236328125
17.0 17.045548999 -151.85955810546875 203.64443969726562
18.0 17.045548999 -151.85955810546875 203.64443969726562
0.0 17.091614 -170.448974609375 -375.77484130859375
1.0 17.091614 -170.448974609375 -375.77484130859375
2.0 17.091614 82.89266967773438 34.65433120727539
3.0 17.091614 82.89266967773438 34.65433120727539
4.0 17.091614 -3386.7744140625 -2576.177734375
5.0 17.091614 -727.0922241210938 74.43856811523438
6.0 17.091614 131.24826049804688 139.2317352294922
7.0 17.091614 120.19745635986328 76.33538055419922
8.0 17.091614 129.6749267578125 -785.1121826171875
9.0 17.091614 129.6749267578125 -785.1121826171875
10.0 17.091614 118.88825988769531 37.64895248413086
11.0 17.091614 175.95384216308594 157.49050903320312
12.0 17.091614 1390.809814453125 -1201.5830078125
13.0 17.091614 1390.809814453125 -1201.5830078125
14.0 17.091614 1390.809814453125 -1201.5830078125
15.0 17.091614 80.30174255371094 172.17929077148438
16.0 17.091614 1065.284912109375 860.7236328125
17.0 17.091614 -176.85955810546875 216.14443969726562
18.0 17.091614 -176.85955810546875 216.14443969726562
0.0 17.13768 -120.448974609375 -375.77484130859375
1.0 17.13768 -120.448974609375 -375.77484130859375
2.0 17.13768 70.61055755615234 36.19935989379883
3.0 17.13768 70.61055755615234 36.19935989379883
4.0 17.13768 -3336.7744140625 -2576.177734375
5.0 17.13768 -769.172607421875 75.3380126953125
6.0 17.13768 115.60362243652344 140.24986267089844
7.0 17.13768 104.95772552490234 77.60667419433594
8.0 17.13768 131.09776306152344 -815.2654418945312
9.0 17.13768 131.09776306152344 -815.2654418945312
10.0 17.13768 102.4216079711914 39.20928192138672
11.0 17.13768 160.3677215576172 157.89334106445312
12.0 17.13768 1381.434814453125 -1203.1455078125
13.0 17.13768 1381.434814453125 -1203.1455078125
14.0 17.13768 1381.434814453125 -1203.1455078125
15.0 17.13768 69.3050765991211 175.6067657470703
16.0 17.13768 665.284912109375 1660.7236328125
17.0 17.13768 -210.85955810546875 182.14443969726562
18.0 17.13768 -210.85955810546875 182.14443969726562
0.0 17.183744999 -195.448974609375 -363.27484130859375
1.0 17.183744999 -195.448974609375 -363.27484130859375
2.0 17.183744999 59.61334991455078 39.79833984375
3.0 17.183744999 59.61334991455078 39.79833984375
4.0 17.183744999 -3411.7744140625 -2563.677734375
5.0 17.183744999 -769.8605346679688 71.02371978759766
6.0 17.183744999 101.59747314453125 143.5605010986328
7.0 17.183744999 91.2341079711914 81.4133529663086
8.0 17.183744999 162.95147705078125 -835.750732421875
9.0 17.183744999 162.95147705078125 -835.750732421875
10.0 17.183744999 87.41622924804688 43.00309753417969
11.0 17.183744999 145.96348571777344 160.70684814453125
12.0 17.183744999 1356.434814453125 -1165.6455078125
13.0 17.183744999 1356.434814453125 -1165.6455078125
14.0 17.183744999 1356.434814453125 -1165.6455078125
15.0 17.183744999 62.417789459228516 183.24180603027344
16.0 17.183744999 602.784912109375 1585.7236328125
17.0 17.183744999 -211.81813049316406 241.79302978515625
18.0 17.183744999 -211.81813049316406 241.79302978515625
0.0 17.22981 -2419.448974609375 28.72515869140625
1.0 17.22981 -2419.448974609375 28.72515869140625
2.0 17.22981 45.87512969970703 43.1463623046875
3.0 17.22981 45.87512969970703 43.1463623046875
4.0 17.22981 -10835.7744140625 60.322265625
5.0 17.22981 -834.7405395507812 76.42764282226562
6.0 17.22981 86.06353759765625 146.40089416503906
7.0 17.22981 75.49917602539062 84.66385650634766
8.0 17.22981 182.04592895507812 -869.358154296875
9.0 17.22981 182.04592895507812 -869.358154296875
10.0 17.22981 70.84551239013672 46.285823822021484
11.0 17.22981 130.009033203125 162.9215087890625
12.0 17.22981 15006.4345703125 -1165.6455078125
13.0 17.22981 15006.4345703125 -1165.6455078125
14.0 17.22981 15006.4345703125 -1165.6455078125
15.0 17.22981 44.49117660522461 156.48654174804688
16.0 17.22981 602.784912109375 1585.7236328125
17.0 17.22981 -423.818115234375 177.79302978515625
18.0 17.22981 -423.818115234375 177.79302978515625
0.0 17.275876 -2523.66259765625 102.35799407958984
1.0 17.275876 -2523.66259765625 102.35799407958984
2.0 17.275876 35.192378997802734 44.56280517578125
3.0 17.275876 35.192378997802734 44.56280517578125
4.0 17.275876 -10877.5947265625 60.37656784057617
5.0 17.275876 -875.8255615234375 77.97622680664062
6.0 17.275876 73.49343872070312 147.546142578125
7.0 17.275876 63.41339111328125 86.31694793701172
8.0 17.275876 174.1348876953125 -900.0801391601562
9.0 17.275876 174.1348876953125 -900.0801391601562
10.0 17.275876 58.484375 47.876834869384766
11.0 17.275876 116.70865631103516 164.4259490966797
12.0 17.275876 14956.4345703125 -1215.6455078125
13.0 17.275876 14956.4345703125 -1215.6455078125
14.0 17.275876 14956.4345703125 -1215.6455078125
15.0 17.275876 32.54669952392578 157.92303466796875
16.0 17.275876 402.784912109375 1585.7236328125
17.0 17.275876 -443.6467590332031 182.77911376953125
18.0 17.275876 -443.6467590332031 182.77911376953125
0.0 17.321941 -2581.22021484375 95.990966796875
1.0 17.321941 -2581.22021484375 95.990966796875
2.0 17.321941 27.576290130615234 44.18525695800781
3.0 17.321941 27.576290130615234 44.18525695800781
4.0 17.321941 -10823.11328125 65.69403839111328
5.0 17.321941 -886.63623046875 77.37330627441406
6.0 17.321941 65.34751892089844 146.8574981689453
7.0 17.321941 55.269805908203125 85.9289779663086
8.0 17.321941 164.9876251220703 -931.485595703125
9.0 17.321941 164.9876251220703 -931.485595703125
10.0 17.321941 49.983882904052734 47.381526947021484
11.0 17.321941 107.9937515258789 163.6292724609375
12.0 17.321941 15006.4345703125 -1140.6455078125
13.0 17.321941 15006.4345703125 -1140.6455078125
14.0 17.321941 15006.4345703125 -1140.6455078125
15.0 17.321941 24.7635498046875 157.4317169189453
16.0 17.321941 402.784912109375 1585.7236328125
17.0 17.321941 -602.1256103515625 343.94158935546875
18.0 17.321941 -602.1256103515625 343.94158935546875
0.0 17.368006999 -2614.851318359375 99.33477783203125
1.0 17.368006999 -2614.851318359375 99.33477783203125
2.0 17.368006999 26.326967239379883 47.02043151855469
3.0 17.368006999 26.326967239379883 47.02043151855469
4.0 17.368006999 -10844.7900390625 68.24242401123047
5.0 17.368006999 -911.9723510742188 79.91609191894531
6.0 17.368006999 65.21370697021484 149.01437377929688
7.0 17.368006999 54.38165283203125 88.57770538330078
8.0 17.368006999 169.1066436767578 -962.2792358398438
9.0 17.368006999 169.1066436767578 -962.2792358398438
10.0 17.368006999 48.6671028137207 50.06101989746094
11.0 17.368006999 107.93744659423828 165.40769958496094
12.0 17.368006999 13406.4345703125 -1940.6455078125
13.0 17.368006999 13406.4345703125 -1940.6455078125
14.0 17.368006999 13406.4345703125 -1940.6455078125
15.0 17.368006999 24.947185516357422 160.19580078125
16.0 17.368006999 452.784912109375 1591.9736328125
17.0 17.368006999 -702.1256103515625 293.94158935546875
18.0 17.368006999 -702.1256103515625 293.94158935546875
0.0 17.414071999 -2591.244140625 80.49523162841797
1.0 17.414071999 -2591.244140625 80.49523162841797
2.0 17.414071999 30.958847045898438 48.058868408203125
3.0 17.414071999 30.958847045898438 48.058868408203125
4.0 17.414071999 -11133.3759765625 370.0115051269531
5.0 17.414071999 -946.8682250976562 81.67145538330078
6.0 17.414071999 71.20703887939453 149.66375732421875
7.0 17.414071999 59.71051788330078 89.51334381103516
8.0 17.414071999 164.38795471191406 -993.2750854492188
9.0 17.414071999 164.38795471191406 -993.2750854492188
10.0 17.414071999 53.79624557495117 51.00613021850586
11.0 17.414071999 114.10042572021484 165.80233764648438
12.0 17.414071999 13606.4345703125 -1840.6455078125
13.0 17.414071999 13606.4345703125 -1840.6455078125
14.0 17.414071999 13606.4345703125 -1840.6455078125
15.0 17.414071999 30.729766845703125 161.0869903564453
16.0 17.414071999 244.784912109375 1583.3486328125
17.0 17.414071999 -720.8756103515625 268.94158935546875
18.0 17.414071999 -720.8756103515625 268.94158935546875
0.0 17.460137 -2639.226806640625 78.13492584228516
1.0 17.460137 -2639.226806640625 78.13492584228516
2.0 17.460137 39.70930862426758 46.33740234375
3.0 17.460137 39.70930862426758 46.33740234375
4.0 17.460137 -11158.3759765625 420.0115051269531
5.0 17.460137 -991.2628173828125 79.25997161865234
6.0 17.460137 78.66468811035156 149.09901428222656
7.0 17.460137 68.29835510253906 88.78874969482422
8.0 17.460137 168.38153076171875 -1024.4664306640625
9.0 17.460137 168.38153076171875 -1024.4664306640625
10.0 17.460137 63.30976867675781 50.151214599609375
11.0 17.460137 121.60404968261719 166.54449462890625
12.0 17.460137 7206.4345703125 -1890.6455078125
13.0 17.460137 7206.4345703125 -1890.6455078125
14.0 17.460137 7206.4345703125 -1890.6455078125
15.0 17.460137 37.421451568603516 159.5089111328125
16.0 17.460137 244.784912109375 1583.3486328125
17.0 17.460137 -745.8756103515625 318.94158935546875
18.0 17.460137 -745.8756103515625 318.94158935546875
0.0 17.506203 -2649.042724609375 74.09883880615234
1.0 17.506203 -2649.042724609375 74.09883880615234
2.0 17.506203 49.2773551940918 43.72002410888672
3.0 17.506203 49.2773551940918 43.72002410888672
4.0 17.506203 -11534.3759765625 84.01150512695312
5.0 17.506203 -1003.0968017578125 75.58256530761719
6.0 17.506203 87.15196990966797 148.3015594482422
7.0 17.506203 78.74872589111328 87.65158081054688
8.0 17.506203 168.97515869140625 -1055.41259765625
9.0 17.506203 168.97515869140625 -1055.41259765625
10.0 17.506203 75.38056182861328 48.69995880126953
11.0 17.506203 129.89840698242188 167.77593994140625
12.0 17.506203 4806.4345703125 -2690.6455078125
13.0 17.506203 4806.4345703125 -2690.6455078125
14.0 17.506203 4806.4345703125 -2690.6455078125
15.0 17.506203 44.7459602355957 156.74557495117188
16.0 17.506203 388.4691162109375 1583.3486328125
17.0 17.506203 -845.8756103515625 158.94158935546875
18.0 17.506203 -845.8756103515625 158.94158935546875
0.0 17.552267999 -2659.3349609375 71.4429931640625
1.0 17.552267999 -2659.3349609375 71.4429931640625
2.0 17.552267999 61.166324615478516 42.285430908203125
3.0 17.552267999 61.166324615478516 42.285430908203125
4.0 17.552267999 -11567.8037109375 87.76123046875
5.0 17.552267999 -1012.9288330078125 72.8333511352539
6.0 17.552267999 98.78857421875 148.198486328125
7.0 17.552267999 91.8727035522461 87.41455841064453
8.0 17.552267999 170.1472930908203 -1086.4853515625
9.0 17.552267999 170.1472930908203 -1086.4853515625
10.0 17.552267999 89.81062316894531 48.164791107177734
11.0 17.552267999 141.4519805908203 169.3679962158203
12.0 17.552267999 4806.4345703125 -2690.6455078125
13.0 17.552267999 4806.4345703125 -2690.6455078125
14.0 17.552267999 4806.4345703125 -2690.6455078125
15.0 17.552267999 36.06098175048828 162.59556579589844
16.0 17.552267999 244.4691162109375 2271.3486328125
17.0 17.552267999 -949.8501586914062 215.84693908691406
18.0 17.552267999 -949.8501586914062 215.84693908691406
0.0 17.598333 -2691.358154296875 73.28878784179688
1.0 17.598333 -2691.358154296875 73.28878784179688
2.0 17.598333 50.644142150878906 32.008445739746094
3.0 17.598333 50.644142150878906 32.008445739746094
4.0 17.598333 -11601.4326171875 88.70115661621094
5.0 17.598333 -1045.6964111328125 74.81781005859375
6.0 17.598333 117.38372039794922 147.0138702392578
7.0 17.598333 108.47325897216797 3.0874710083007812
8.0 17.598333 177.10562133789062 -1117.61279296875
9.0 17.598333 177.10562133789062 -1117.61279296875
10.0 17.598333 110.013916015625 46.884498596191406
11.0 17.598333 159.70030212402344 169.67066955566406
12.0 17.598333 5206.4345703125 -1890.6455078125
13.0 17.598333 5206.4345703125 -1890.6455078125
14.0 17.598333 5206.4345703125 -1890.6455078125
15.0 17.598333 46.20945739746094 169.46702575683594
16.0 17.598333 314.6221618652344 2481.034912109375
17.0 17.598333 -899.8501586914062 515.846923828125
18.0 17.598333 -899.8501586914062 515.846923828125
0.0 17.644399 -2695.293701171875 71.19459533691406
1.0 17.644399 -2695.293701171875 71.19459533691406
2.0 17.644399 47.01066970825195 29.015399932861328
3.0 17.644399 47.01066970825195 29.015399932861328
4.0 17.644399 -11621.3876953125 90.47977447509766
5.0 17.644399 -1047.2274169921875 74.74118041992188
6.0 17.644399 134.81663513183594 145.4614715576172
7.0 17.644399 108.85602569580078 -26.362403869628906
8.0 17.644399 182.20877075195312 -1148.62451171875
9.0 17.644399 182.20877075195312 -1148.62451171875
10.0 17.644399 129.3511505126953 45.104801177978516
11.0 17.644399 176.208251953125 169.5901336669922
12.0 17.644399 5256.4345703125 -1915.6455078125
13.0 17.644399 5256.4345703125 -1915.6455078125
14.0 17.644399 5256.4345703125 -1915.6455078125
15.0 17.644399 60.325721740722656 165.22064208984375
16.0 17.644399 314.6221618652344 2481.034912109375
17.0 17.644399 -912.3501586914062 565.846923828125
18.0 17.644399 -912.3501586914062 565.846923828125
0.0 17.690463999 -2749.4482421875 73.88459014892578
1.0 17.690463999 -2749.4482421875 73.88459014892578
2.0 17.690463999 55.999237060546875 -57.47372055053711
3.0 17.690463999 55.999237060546875 -57.47372055053711
4.0 17.690463999 -11642.890625 92.7021713256836
5.0 17.690463999 -1107.146240234375 84.23014068603516
6.0 17.690463999 154.10546875 144.2012481689453
7.0 17.690463999 110.55430603027344 -57.607566833496094
8.0 17.690463999 180.6269989013672 -1179.897705078125
9.0 17.690463999 180.6269989013672 -1179.897705078125
10.0 17.690463999 147.66465759277344 43.705421447753906
11.0 17.690463999 194.7012939453125 168.6716766357422
12.0 17.690463999 5331.4345703125 -1928.1455078125
13.0 17.690463999 5331.4345703125 -1928.1455078125
14.0 17.690463999 5331.4345703125 -1928.1455078125
15.0 17.690463999 77.4273910522461 163.4822998046875
16.0 17.690463999 314.6221618652344 2481.034912109375
17.0 17.690463999 -962.3501586914062 865.846923828125
18.0 17.690463999 -962.3501586914062 865.846923828125
0.0 17.736529999 -2788.582275390625 71.69039154052734
1.0 17.736529999 -2788.582275390625 71.69039154052734
2.0 17.736529999 68.1256103515625 -89.48048400878906
3.0 17.736529999 68.1256103515625 -89.48048400878906
4.0 17.736529999 -11671.126953125 98.10926818847656
5.0 17.736529999 -1136.929443359375 75.15442657470703
6.0 17.736529999 170.66064453125 141.0471954345703
7.0 17.736529999 113.05915832519531 -88.75228118896484
8.0 17.736529999 156.16519165039062 -1210.402099609375
9.0 17.736529999 156.16519165039062 -1210.402099609375
10.0 17.736529999 162.7633514404297 40.59181213378906
11.0 17.736529999 210.3629608154297 165.8381805419922
12.0 17.736529999 5381.4345703125 -1953.1455078125
13.0 17.736529999 5381.4345703125 -1953.1455078125
14.0 17.736529999 5381.4345703125 -1953.1455078125
15.0 17.736529999 92.42213439941406 160.37338256835938
16.0 17.736529999 314.6221618652344 2481.034912109375
17.0 17.736529999 -956.1001586914062 903.346923828125
18.0 17.736529999 -956.1001586914062 903.346923828125
0.0 17.782594999 -2833.30712890625 70.7530517578125
1.0 17.782594999 -2833.30712890625 70.7530517578125
2.0 17.782594999 69.89738464355469 -35.89158248901367
3.0 17.782594999 69.89738464355469 -35.89158248901367
4.0 17.782594999 -11689.6201171875 97.75103759765625
5.0 17.782594999 -1185.04150390625 73.4634780883789
6.0 17.782594999 181.4354705810547 139.0951385498047
7.0 17.782594999 123.16453552246094 -118.75590515136719
8.0 17.782594999 155.45291137695312 -1241.0216064453125
9.0 17.782594999 155.45291137695312 -1241.0216064453125
10.0 17.782594999 171.44276428222656 38.51398468017578
11.0 17.782594999 220.82662963867188 163.28677368164062
12.0 17.782594999 5381.4345703125 -2053.1455078125
13.0 17.782594999 5381.4345703125 -2053.1455078125
14.0 17.782594999 5381.4345703125 -2053.1455078125
15.0 17.782594999 102.91754913330078 159.4132537841797
16.0 17.782594999 289.6221618652344 2477.909912109375
17.0 17.782594999 -1056.10009765625 803.346923828125
18.0 17.782594999 -1056.10009765625 803.346923828125
0.0 17.82866 -2995.732177734375 51.91364669799805
1.0 17.82866 -2995.732177734375 51.91364669799805
2.0 17.82866 71.36896514892578 -42.62394332885742
3.0 17.82866 71.36896514892578 -42.62394332885742
4.0 17.82866 -11717.216796875 90.89360809326172
5.0 17.82866 -1214.2291259765625 72.41683197021484
6.0 17.82866 186.75592041015625 139.43544006347656
7.0 17.82866 121.82891082763672 -149.12681579589844
8.0 17.82866 156.33328247070312 -1271.979736328125
9.0 17.82866 156.33328247070312 -1271.979736328125
10.0 17.82866 175.1143341064453 38.97571563720703
11.0 17.82866 225.95736694335938 163.02737426757812
12.0 17.82866 5556.4345703125 -1990.6455078125
13.0 17.82866 5556.4345703125 -1990.6455078125
14.0 17.82866 5556.4345703125 -1990.6455078125
15.0 17.82866 108.58379364013672 160.6124267578125
16.0 17.82866 289.6221618652344 2477.909912109375
17.0 17.82866 -256.10009765625 803.346923828125
18.0 17.82866 -256.10009765625 803.346923828125
0.0 17.874726 -3026.500244140625 55.82868576049805
1.0 17.874726 -3026.500244140625 55.82868576049805
2.0 17.874726 71.58866119384766 -82.00454711914062
3.0 17.874726 71.58866119384766 -82.00454711914062
4.0 17.874726 -11756.2939453125 92.9734878540039
5.0 17.874726 -1238.2264404296875 74.97196197509766
6.0 17.874726 186.32115173339844 140.02273559570312
7.0 17.874726 123.20230865478516 -180.35272216796875
8.0 17.874726 154.90139770507812 -1303.3779296875
9.0 17.874726 154.90139770507812 -1303.3779296875
10.0 17.874726 174.4708251953125 39.74230194091797
11.0 17.874726 225.5731201171875 163.44627380371094
12.0 17.874726 5631.4345703125 -1978.1455078125
13.0 17.874726 5631.4345703125 -1978.1455078125
14.0 17.874726 5631.4345703125 -1978.1455078125
15.0 17.874726 108.97986602783203 161.33753967285156
16.0 17.874726 289.6221618652344 2477.909912109375
17.0 17.874726 -231.10009765625 953.346923828125
18.0 17.874726 -231.10009765625 953.346923828125
0.0 17.920790999 -3054.992431640625 58.558197021484375
1.0 17.920790999 -3054.992431640625 58.558197021484375
2.0 17.920790999 70.91414642333984 -141.0219268798828
3.0 17.920790999 70.91414642333984 -141.0219268798828
4.0 17.920790999 -11783.4208984375 95.41315460205078
5.0 17.920790999 -1269.044921875 76.99057006835938
6.0 17.920790999 181.6531219482422 141.51039123535156
7.0 17.920790999 122.69418334960938 -210.11807250976562
8.0 17.920790999 156.33949279785156 -1333.626220703125
9.0 17.920790999 156.33949279785156 -1333.626220703125
10.0 17.920790999 169.90509033203125 41.525726318359375
11.0 17.920790999 221.21441650390625 164.7744140625
12.0 17.920790999 5731.4345703125 -1978.1455078125
13.0 17.920790999 5731.4345703125 -1978.1455078125
14.0 17.920790999 5731.4345703125 -1978.1455078125
15.0 17.920790999 105.58720397949219 163.01974487304688
16.0 17.920790999 289.6221618652344 2477.909912109375
17.0 17.920790999 0.89990234375 1417.346923828125
18.0 17.920790999 0.89990234375 1417.346923828125
0.0 17.966856 -3077.474609375 55.03837585449219
1.0 17.966856 -3077.474609375 55.03837585449219
2.0 17.966856 747.1922607421875 -2302.4990234375
3.0 17.966856 747.1922607421875 -2302.4990234375
4.0 17.966856 -11807.884765625 93.44692993164062
5.0 17.966856 -1270.353515625 73.96540069580078
6.0 17.966856 166.9479217529297 143.28775024414062
7.0 17.966856 124.57225036621094 -240.08847045898438
8.0 17.966856 158.51620483398438 -1364.2265625
9.0 17.966856 158.51620483398438 -1364.2265625
10.0 17.966856 156.9464111328125 43.61156463623047
11.0 17.966856 207.1930389404297 166.93955993652344
12.0 17.966856 5731.4345703125 -2028.1455078125
13.0 17.966856 5731.4345703125 -2028.1455078125
14.0 17.966856 5731.4345703125 -2028.1455078125
15.0 17.966856 92.39661407470703 163.8782501220703
16.0 17.966856 289.6221618652344 2477.909912109375
17.0 17.966856 -12.858288764953613 1455.42138671875
18.0 17.966856 -12.858288764953613 1455.42138671875
0.0 18.012922 -3103.41845703125 56.51231384277344
1.0 18.012922 -3103.41845703125 56.51231384277344
2.0 18.012922 797.1922607421875 -2252.4990234375
3.0 18.012922 797.1922607421875 -2252.4990234375
4.0 18.012922 -11841.3876953125 96.9334945678711
5.0 18.012922 -1312.56201171875 78.17896270751953
6.0 18.012922 154.57891845703125 147.9537811279297
7.0 18.012922 125.5147476196289 -270.4044494628906
8.0 18.012922 167.20750427246094 -1395.17822265625
9.0 18.012922 167.20750427246094 -1395.17822265625
10.0 18.012922 156.60340881347656 48.45800018310547
11.0 18.012922 194.9006805419922 171.71690368652344
12.0 18.012922 5781.4345703125 -1978.1455078125
13.0 18.012922 5781.4345703125 -1978.1455078125
14.0 18.012922 5781.4345703125 -1978.1455078125
15.0 18.012922 81.82035827636719 168.20684814453125
16.0 18.012922 280.2471618652344 2477.128662109375
17.0 18.012922 -50.3582878112793 1480.42138671875
18.0 18.012922 -50.3582878112793 1480.42138671875
0.0 18.058986999 -3129.96728515625 59.323341369628906
1.0 18.058986999 -3129.96728515625 59.323341369628906
2.0 18.058986999 1197.1922607421875 -2152.4990234375
3.0 18.058986999 1197.1922607421875 -2152.4990234375
4.0 18.058986999 -11851.583984375 92.27302551269531
5.0 18.058986999 -1326.785888671875 86.81131744384766
6.0 18.058986999 143.38449096679688 151.09503173828125
7.0 18.058986999 121.60444641113281 -300.0669250488281
8.0 18.058986999 159.63507080078125 -1425.531005859375
9.0 18.058986999 159.63507080078125 -1425.531005859375
10.0 18.058986999 145.7744598388672 51.400794982910156
11.0 18.058986999 184.41433715820312 173.8606719970703
12.0 18.058986999 6181.4345703125 -1878.1455078125
13.0 18.058986999 6181.4345703125 -1878.1455078125
14.0 18.058986999 6181.4345703125 -1878.1455078125
15.0 18.058986999 73.3014144897461 172.60067749023438
16.0 18.058986999 254.24716186523438 2475.628662109375
17.0 18.058986999 -50.3582878112793 1480.42138671875
18.0 18.058986999 -50.3582878112793 1480.42138671875
0.0 18.105051999 -3148.95263671875 55.59075164794922
1.0 18.105051999 -3148.95263671875 55.59075164794922
2.0 18.105051999 1122.1922607421875 -2189.9990234375
3.0 18.105051999 1122.1922607421875 -2189.9990234375
4.0 18.105051999 -11894.3125 95.14796447753906
5.0 18.105051999 -1344.637939453125 85.35587310791016
6.0 18.105051999 127.65723419189453 152.48480224609375
7.0 18.105051999 123.25849151611328 -331.1265869140625
8.0 18.105051999 160.55250549316406 -1457.041748046875
9.0 18.105051999 160.55250549316406 -1457.041748046875
10.0 18.105051999 131.82228088378906 53.03982925415039
11.0 18.105051999 168.52833557128906 176.33070373535156
12.0 18.105051999 6106.4345703125 -1915.6455078125
13.0 18.105051999 6106.4345703125 -1915.6455078125
14.0 18.105051999 6106.4345703125 -1915.6455078125
15.0 18.105051999 59.7514533996582 174.6123504638672
16.0 18.105051999 254.24716186523438 2475.628662109375
17.0 18.105051999 -50.9442253112793 1481.20263671875
18.0 18.105051999 -50.9442253112793 1481.20263671875
0.0 18.151118 -3157.78857421875 51.41067886352539
1.0 18.151118 -3157.78857421875 51.41067886352539
2.0 18.151118 1153.4422607421875 -2199.3740234375
3.0 18.151118 1153.4422607421875 -2199.3740234375
4.0 18.151118 -11954.6533203125 97.17740631103516
5.0 18.151118 -1374.4288330078125 83.18604278564453
6.0 18.151118 110.4994888305664 151.9230194091797
7.0 18.151118 117.9140625 -361.211669921875
8.0 18.151118 157.5628662109375 -1487.857666015625
9.0 18.151118 157.5628662109375 -1487.857666015625
10.0 18.151118 115.34898376464844 52.46760940551758
11.0 18.151118 151.3664093017578 175.74649047851562
12.0 18.151118 6137.6845703125 -1925.0205078125
13.0 18.151118 6137.6845703125 -1925.0205078125
14.0 18.151118 6137.6845703125 -1925.0205078125
15.0 18.151118 42.88240432739258 199.1800994873047
16.0 18.151118 254.24716186523438 2475.628662109375
17.0 18.151118 5.055774688720703 1609.20263671875
18.0 18.151118 5.055774688720703 1609.20263671875
0.0 18.197183 -3133.54443359375 50.32383346557617
1.0 18.197183 -3133.54443359375 50.32383346557617
2.0 18.197183 1103.4422607421875 -2149.3740234375
3.0 18.197183 1103.4422607421875 -2149.3740234375
4.0 18.197183 -11990.435546875 95.23038482666016
5.0 18.197183 -1448.21875 112.65043640136719
6.0 18.197183 92.98849487304688 151.7394561767578
7.0 18.197183 118.48716735839844 -391.51611328125
8.0 18.197183 159.58963012695312 -1518.50439453125
9.0 18.197183 159.58963012695312 -1518.50439453125
10.0 18.197183 96.68216705322266 52.233802795410156
11.0 18.197183 133.55833435058594 175.5648651123047
12.0 18.197183 6087.6845703125 -1875.0205078125
13.0 18.197183 6087.6845703125 -1875.0205078125
14.0 18.197183 6087.6845703125 -1875.0205078125
15.0 18.197183 32.14659118652344 201.39137268066406
16.0 18.197183 254.24716186523438 2475.628662109375
17.0 18.197183 -1.665759563446045 1681.5152587890625
18.0 18.197183 -1.665759563446045 1681.5152587890625
0.0 18.243248999 -3194.896728515625 226.65704345703125
1.0 18.243248999 -3194.896728515625 226.65704345703125
2.0 18.243248999 1128.4422607421875 -1799.3740234375
3.0 18.243248999 1128.4422607421875 -1799.3740234375
4.0 18.243248999 -12005.2119140625 90.2424545288086
5.0 18.243248999 -1483.8115234375 111.3611068725586
6.0 18.243248999 79.4854965209961 151.8761749267578
7.0 18.243248999 121.31497955322266 -421.6832275390625
8.0 18.243248999 159.64797973632812 -1548.8577880859375
9.0 18.243248999 159.64797973632812 -1548.8577880859375
10.0 18.243248999 81.52767181396484 52.298458099365234
11.0 18.243248999 119.96074676513672 175.34706115722656
12.0 18.243248999 6112.6845703125 -1525.0205078125
13.0 18.243248999 6112.6845703125 -1525.0205078125
14.0 18.243248999 6112.6845703125 -1525.0205078125
15.0 18.243248999 29.311176300048828 182.5950164794922
16.0 18.243248999 -1.752838134765625 6251.62890625
17.0 18.243248999 -55.020999908447266 1640.8466796875
18.0 18.243248999 -55.020999908447266 1640.8466796875
0.0 18.289313999 -3144.896728515625 326.65704345703125
1.0 18.289313999 -3144.896728515625 326.65704345703125
2.0 18.289313999 528.4422607421875 -1999.3740234375
3.0 18.289313999 528.4422607421875 -1999.3740234375
4.0 18.289313999 -12039.181640625 90.79460906982422
5.0 18.289313999 -1505.207763671875 97.4507827758789
6.0 18.289313999 69.07626342773438 152.58084106445312
7.0 18.289313999 127.05384063720703 -452.43853759765625
8.0 18.289313999 158.97705078125 -1579.357177734375
9.0 18.289313999 158.97705078125 -1579.357177734375
10.0 18.289313999 69.90706634521484 52.921913146972656
11.0 18.289313999 109.39752960205078 175.92933654785156
12.0 18.289313999 5512.6845703125 -1725.0205078125
13.0 18.289313999 5512.6845703125 -1725.0205078125
14.0 18.289313999 5512.6845703125 -1725.0205078125
15.0 18.289313999 29.629261016845703 212.77069091796875
16.0 18.289313999 1.0062532424926758 6337.62451171875
17.0 18.289313999 -5.020999908447266 1740.8466796875
18.0 18.289313999 -5.020999908447266 1740.8466796875
0.0 18.335379 -3144.896728515625 476.65704345703125
1.0 18.335379 -3144.896728515625 476.65704345703125
2.0 18.335379 628.4422607421875 -2024.3740234375
3.0 18.335379 628.4422607421875 -2024.3740234375
4.0 18.335379 -12061.6689453125 90.75809478759766
5.0 18.335379 -1535.9940185546875 92.69893646240234
6.0 18.335379 64.03379821777344 152.75564575195312
7.0 18.335379 128.47206115722656 -483.13299560546875
8.0 18.335379 158.496826171875 -1608.6839599609375
9.0 18.335379 158.496826171875 -1608.6839599609375
10.0 18.335379 63.427528381347656 53.16883087158203
11.0 18.335379 104.38765716552734 176.1682891845703
12.0 18.335379 5612.6845703125 -1750.0205078125
13.0 18.335379 5612.6845703125 -1750.0205078125
14.0 18.335379 5612.6845703125 -1750.0205078125
15.0 18.335379 27.838422775268555 241.10354614257812
16.0 18.335379 -25.86448860168457 6403.505859375
17.0 18.335379 -161.67428588867188 1622.832763671875
18.0 18.335379 -161.67428588867188 1622.832763671875
0.0 18.381445 -3194.896728515625 501.65704345703125
1.0 18.381445 -3194.896728515625 501.65704345703125
2.0 18.381445 653.4422607421875 -2055.6240234375
3.0 18.381445 653.4422607421875 -2055.6240234375
4.0 18.381445 -12091.357421875 93.05413818359375
5.0 18.381445 -1565.4951171875 95.07120513916016
6.0 18.381445 65.19072723388672 153.05787658691406
7.0 18.381445 129.3256072998047 -513.7180786132812
8.0 18.381445 157.70310974121094 -1638.8089599609375
9.0 18.381445 157.70310974121094 -1638.8089599609375
10.0 18.381445 63.906028747558594 53.456912994384766
11.0 18.381445 105.8248062133789 177.1419677734375
12.0 18.381445 5637.6845703125 -1781.2705078125
13.0 18.381445 5637.6845703125 -1781.2705078125
14.0 18.381445 5637.6845703125 -1781.2705078125
15.0 18.381445 30.39466667175293 288.8330383300781
16.0 18.381445 -75.86448669433594 6428.505859375
17.0 18.381445 -211.67428588867188 1647.832763671875
18.0 18.381445 -211.67428588867188 1647.832763671875
0.0 18.427509999 -2594.896728515625 1701.656982421875
1.0 18.427509999 -2594.896728515625 1701.656982421875
2.0 18.427509999 678.4422607421875 -2080.6240234375
3.0 18.427509999 678.4422607421875 -2080.6240234375
4.0 18.427509999 -12096.0693359375 133.21615600585938
5.0 18.427509999 -1576.2899169921875 97.89396667480469
6.0 18.427509999 70.28885650634766 150.6958465576172
7.0 18.427509999 129.2775115966797 -544.1377563476562
8.0 18.427509999 163.31246948242188 -1668.62060546875
9.0 18.427509999 163.31246948242188 -1668.62060546875
10.0 18.427509999 69.03207397460938 51.18913650512695
11.0 18.427509999 111.27662658691406 175.4366455078125
12.0 18.427509999 5662.6845703125 -1806.2705078125
13.0 18.427509999 5662.6845703125 -1806.2705078125
14.0 18.427509999 5662.6845703125 -1806.2705078125
15.0 18.427509999 24.497079849243164 287.032470703125
16.0 18.427509999 19.229263305664062 6618.443359375
17.0 18.427509999 40.169464111328125 2134.489013671875
18.0 18.427509999 40.169464111328125 2134.489013671875
0.0 18.473575 -994.896728515625 5701.6572265625
1.0 18.473575 -994.896728515625 5701.6572265625
2.0 18.473575 703.4422607421875 -2089.9990234375
3.0 18.473575 703.4422607421875 -2089.9990234375
4.0 18.473575 -12223.1376953125 126.42428588867188
5.0 18.473575 -1612.11669921875 107.59133911132812
6.0 18.473575 79.89735412597656 148.8346710205078
7.0 18.473575 130.57249450683594 -575.4512329101562
8.0 18.473575 166.70787048339844 -1699.94287109375
9.0 18.473575 166.70787048339844 -1699.94287109375
10.0 18.473575 80.23668670654297 49.35157775878906
11.0 18.473575 121.08016204833984 175.05006408691406
12.0 18.473575 5687.6845703125 -1815.6455078125
13.0 18.473575 5687.6845703125 -1815.6455078125
14.0 18.473575 5687.6845703125 -1815.6455078125
15.0 18.473575 21.40546226501465 339.7701416015625
16.0 18.473575 25.427473068237305 6682.703125
17.0 18.473575 44.239036560058594 2145.224853515625
18.0 18.473575 44.239036560058594 2145.224853515625
0.0 18.519641 -1594.896728515625 5501.6572265625
1.0 18.519641 -1594.896728515625 5501.6572265625
2.0 18.519641 703.4422607421875 -2014.9990234375
3.0 18.519641 703.4422607421875 -2014.9990234375
4.0 18.519641 -12247.3994140625 122.97991180419922
5.0 18.519641 -1613.044677734375 105.81343078613281
6.0 18.519641 93.14262390136719 148.270263671875
7.0 18.519641 129.65380859375 -605.941650390625
8.0 18.519641 171.69696044921875 -1730.680419921875
9.0 18.519641 171.69696044921875 -1730.680419921875
10.0 18.519641 95.7795639038086 48.81959533691406
11.0 18.519641 134.299560546875 176.04112243652344
12.0 18.519641 5687.6845703125 -1740.6455078125
13.0 18.519641 5687.6845703125 -1740.6455078125
14.0 18.519641 5687.6845703125 -1740.6455078125
15.0 18.519641 20.405895233154297 522.0106201171875
16.0 18.519641 27.024492263793945 6835.5751953125
17.0 18.519641 40.06524658203125 2296.05224609375
18.0 18.519641 40.06524658203125 2296.05224609375
0.0 18.565705999 -1598.021728515625 5507.9072265625
1.0 18.565705999 -1598.021728515625 5507.9072265625
2.0 18.565705999 703.4422607421875 -2014.9990234375
3.0 18.565705999 703.4422607421875 -2014.9990234375
4.0 18.565705999 -12265.2109375 119.59464263916016
5.0 18.565705999 -1641.782958984375 108.0240249633789
6.0 18.565705999 110.07691955566406 148.2914581298828
7.0 18.565705999 123.40533447265625 -636.4410400390625
8.0 18.565705999 170.7628631591797 -1761.1300048828125
9.0 18.565705999 170.7628631591797 -1761.1300048828125
10.0 18.565705999 114.17236328125 49.126991271972656
11.0 18.565705999 151.01617431640625 177.77053833007812
12.0 18.565705999 5687.6845703125 -1740.6455078125
13.0 18.565705999 5687.6845703125 -1740.6455078125
14.0 18.565705999 5687.6845703125 -1740.6455078125
15.0 18.565705999 15.448664665222168 613.0894775390625
16.0 18.565705999 -44.17619705200195 6954.46923828125
17.0 18.565705999 59.01145553588867 2399.38720703125
18.0 18.565705999 59.01145553588867 2399.38720703125
0.0 18.611770999 -1623.021728515625 5520.4072265625
1.0 18.611770999 -1623.021728515625 5520.4072265625
2.0 18.611770999 790.9422607421875 -2027.4990234375
3.0 18.611770999 790.9422607421875 -2027.4990234375
4.0 18.611770999 -12280.8173828125 120.24678802490234
5.0 18.611770999 -1654.9322509765625 88.9933090209961
6.0 18.611770999 128.8415985107422 151.690185546875
7.0 18.611770999 122.53985595703125 -666.8955078125
8.0 18.611770999 178.46145629882812 -1791.846923828125
9.0 18.611770999 178.46145629882812 -1791.846923828125
10.0 18.611770999 132.7904052734375 52.78879928588867
11.0 18.611770999 169.7462615966797 183.61819458007812
12.0 18.611770999 5775.1845703125 -1753.1455078125
13.0 18.611770999 5775.1845703125 -1753.1455078125
14.0 18.611770999 5775.1845703125 -1753.1455078125
15.0 18.611770999 16.443164825439453 628.7402954101562
16.0 18.611770999 -69.17619323730469 6966.96923828125
17.0 18.611770999 72.91221618652344 2436.58154296875
18.0 18.611770999 72.91221618652344 2436.58154296875
0.0 18.657836999 -1673.021728515625 5720.4072265625
1.0 18.657836999 -1673.021728515625 5720.4072265625
2.0 18.657836999 840.9422607421875 -2039.9990234375
3.0 18.657836999 840.9422607421875 -2039.9990234375
4.0 18.657836999 -12303.3642578125 121.1621322631836
5.0 18.657836999 -1712.479736328125 90.77583312988281
6.0 18.657836999 144.28347778320312 153.73037719726562
7.0 18.657836999 116.139892578125 -698.3336181640625
8.0 18.657836999 178.36984252929688 -1822.6998291015625
9.0 18.657836999 178.36984252929688 -1822.6998291015625
10.0 18.657836999 147.33026123046875 55.07278823852539
11.0 18.657836999 183.65924072265625 238.19224548339844
12.0 18.657836999 5825.1845703125 -1765.6455078125
13.0 18.657836999 5825.1845703125 -1765.6455078125
14.0 18.657836999 5825.1845703125 -1765.6455078125
15.0 18.657836999 18.37225914001465 641.0255737304688
16.0 18.657836999 -119.17619323730469 7166.96923828125
17.0 18.657836999 86.21385192871094 2510.22412109375
18.0 18.657836999 86.21385192871094 2510.22412109375
0.0 18.703902 -1673.021728515625 5820.4072265625
1.0 18.703902 -1673.021728515625 5820.4072265625
2.0 18.703902 990.9422607421875 -1964.9990234375
3.0 18.703902 990.9422607421875 -1964.9990234375
4.0 18.703902 -12358.96875 122.34532928466797
5.0 18.703902 -1732.333740234375 90.21293640136719
6.0 18.703902 158.0259552001953 155.92245483398438
7.0 18.703902 115.36773681640625 -729.8617553710938
8.0 18.703902 151.75018310546875 -1854.162109375
9.0 18.703902 151.75018310546875 -1854.162109375
10.0 18.703902 159.50140380859375 57.139305114746094
11.0 18.703902 196.692626953125 271.4390869140625
12.0 18.703902 5975.1845703125 -1690.6455078125
13.0 18.703902 5975.1845703125 -1690.6455078125
14.0 18.703902 5975.1845703125 -1690.6455078125
15.0 18.703902 30.007686614990234 678.3367919921875
16.0 18.703902 -119.17619323730469 7266.96923828125
17.0 18.703902 81.55607604980469 2717.918212890625
18.0 18.703902 81.55607604980469 2717.918212890625
0.0 18.749968 -1685.521728515625 5851.6572265625
1.0 18.749968 -1685.521728515625 5851.6572265625
2.0 18.749968 990.9422607421875 -2014.9990234375
3.0 18.749968 990.9422607421875 -2014.9990234375
4.0 18.749968 -12366.5615234375 118.80619812011719
5.0 18.749968 -1759.99755859375 97.43273162841797
6.0 18.749968 174.0881805419922 155.51034545898438
7.0 18.749968 114.70223999023438 -759.8348999023438
8.0 18.749968 149.6012420654297 -1884.6883544921875
9.0 18.749968 149.6012420654297 -1884.6883544921875
10.0 18.749968 172.39187622070312 56.463226318359375
11.0 18.749968 211.53424072265625 299.73394775390625
12.0 18.749968 5975.1845703125 -1740.6455078125
13.0 18.749968 5975.1845703125 -1740.6455078125
14.0 18.749968 5975.1845703125 -1740.6455078125
15.0 18.749968 42.28676223754883 711.7033081054688
16.0 18.749968 -131.6761932373047 7298.21923828125
17.0 18.749968 103.07576751708984 2740.025146484375
18.0 18.749968 103.07576751708984 2740.025146484375
0.0 18.796032999 -1710.521728515625 5864.1572265625
1.0 18.796032999 -1710.521728515625 5864.1572265625
2.0 18.796032999 1040.9422607421875 -2014.9990234375
3.0 18.796032999 1040.9422607421875 -2014.9990234375
4.0 18.796032999 -12401.1474609375 118.04442596435547
5.0 18.796032999 -1787.52197265625 95.00142669677734
6.0 18.796032999 176.6007080078125 153.73004150390625
7.0 18.796032999 116.01046752929688 -790.5803833007812
8.0 18.796032999 148.0568389892578 -1915.221435546875
9.0 18.796032999 148.0568389892578 -1915.221435546875
10.0 18.796032999 174.28665161132812 54.5286865234375
11.0 18.796032999 215.01951599121094 325.89068603515625
12.0 18.796032999 6025.1845703125 -1740.6455078125
13.0 18.796032999 6025.1845703125 -1740.6455078125
14.0 18.796032999 6025.1845703125 -1740.6455078125
15.0 18.796032999 45.231895446777344 752.7561645507812
16.0 18.796032999 -156.6761932373047 7310.71923828125
17.0 18.796032999 97.90292358398438 2864.561767578125
18.0 18.796032999 97.90292358398438 2864.561767578125
0.0 18.842098 -4910.521484375 1064.1572265625
1.0 18.842098 -4910.521484375 1064.1572265625
2.0 18.842098 940.9422607421875 -2089.9990234375
3.0 18.842098 940.9422607421875 -2089.9990234375
4.0 18.842098 -12427.154296875 116.30426025390625
5.0 18.842098 -1813.5430908203125 92.0404281616211
6.0 18.842098 175.2553253173828 152.3068084716797
7.0 18.842098 116.71187591552734 -821.008056640625
8.0 18.842098 153.6108856201172 -1945.7401123046875
9.0 18.842098 153.6108856201172 -1945.7401123046875
10.0 18.842098 173.03880310058594 53.135711669921875
11.0 18.842098 214.2571563720703 328.8904724121094
12.0 18.842098 5925.1845703125 -1815.6455078125
13.0 18.842098 5925.1845703125 -1815.6455078125
14.0 18.842098 5925.1845703125 -1815.6455078125
15.0 18.842098 41.860328674316406 807.3264770507812
16.0 18.842098 -3356.67626953125 2510.71923828125
17.0 18.842098 97.133544921875 2905.990234375
18.0 18.842098 97.133544921875 2905.990234375
0.0 18.888164 -4973.021484375 1051.6572265625
1.0 18.888164 -4973.021484375 1051.6572265625
2.0 18.888164 740.9422607421875 -2189.9990234375
3.0 18.888164 740.9422607421875 -2189.9990234375
4.0 18.888164 -12452.5859375 119.18256378173828
5.0 18.888164 -1838.9395751953125 93.0223617553711
6.0 18.888164 174.6427459716797 149.4373779296875
7.0 18.888164 119.65288543701172 -850.4895629882812
8.0 18.888164 153.49578857421875 -1976.13720703125
9.0 18.888164 153.49578857421875 -1976.13720703125
10.0 18.888164 170.5706024169922 50.20588302612305
11.0 18.888164 206.75765991210938 309.9313659667969
12.0 18.888164 5725.1845703125 -1915.6455078125
13.0 18.888164 5725.1845703125 -1915.6455078125
14.0 18.888164 5725.1845703125 -1915.6455078125
15.0 18.888164 39.44530487060547 859.5603637695312
16.0 18.888164 -3419.17626953125 2498.21923828125
17.0 18.888164 97.3689956665039 2940.059814453125
18.0 18.888164 97.3689956665039 2940.059814453125
