0.0 0.368307001 37.34661865234375 112.16624450683594
1.0 0.368307001 43.94514846801758 122.49320983886719
2.0 0.368307001 43.94514846801758 122.49320983886719
3.0 0.368307001 51.8827018737793 123.63389587402344
4.0 0.368307001 51.8827018737793 123.63389587402344
5.0 0.368307001 115.5317153930664 146.1219482421875
6.0 0.368307001 115.5317153930664 146.1219482421875
7.0 0.368307001 135.3754425048828 53.785186767578125
8.0 0.368307001 135.3754425048828 53.785186767578125
9.0 0.368307001 199.27786254882812 97.28031158447266
10.0 0.368307001 212.27719116210938 25.701326370239258
0.0 0.412372001 36.83758544921875 111.75753021240234
1.0 0.412372001 43.483184814453125 122.23543548583984
2.0 0.412372001 43.483184814453125 122.23543548583984
3.0 0.412372001 51.405364990234375 123.22152709960938
4.0 0.412372001 51.405364990234375 123.22152709960938
5.0 0.412372001 115.10735321044922 145.62384033203125
6.0 0.412372001 115.10735321044922 145.62384033203125
7.0 0.412372001 134.7338409423828 53.24668884277344
8.0 0.412372001 134.7338409423828 53.24668884277344
9.0 0.412372001 199.0001220703125 99.08125305175781
10.0 0.412372001 211.5933380126953 24.886884689331055
0.0 0.456437 36.12361526489258 111.84117126464844
1.0 0.456437 42.69118881225586 122.4287109375
2.0 0.456437 42.69118881225586 122.4287109375
3.0 0.456437 50.74595260620117 123.26810455322266
4.0 0.456437 50.74595260620117 123.26810455322266
5.0 0.456437 114.56554412841797 145.64675903320312
6.0 0.456437 114.56554412841797 145.64675903320312
7.0 0.456437 133.73260498046875 53.10535430908203
8.0 0.456437 133.73260498046875 53.10535430908203
9.0 0.456437 198.1171417236328 99.58631134033203
10.0 0.456437 210.60418701171875 24.279462814331055
0.0 0.500503 34.846065521240234 111.79119110107422
1.0 0.500503 41.44354248046875 122.49788665771484
2.0 0.500503 41.44354248046875 122.49788665771484
3.0 0.500503 49.43688201904297 123.2021255493164
4.0 0.500503 49.43688201904297 123.2021255493164
5.0 0.500503 113.408203125 145.9713134765625
6.0 0.500503 113.408203125 145.9713134765625
7.0 0.500503 132.32247924804688 53.15751266479492
8.0 0.500503 132.32247924804688 53.15751266479492
9.0 0.500503 196.7525634765625 99.90896606445312
10.0 0.500503 209.33578491210938 24.036190032958984
0.0 0.544568 32.73477554321289 111.49654388427734
1.0 0.544568 39.28266906738281 122.38762664794922
2.0 0.544568 39.28266906738281 122.38762664794922
3.0 0.544568 47.269657135009766 122.95984649658203
4.0 0.544568 47.269657135009766 122.95984649658203
5.0 0.544568 111.1799545288086 146.3610382080078
6.0 0.544568 111.1799545288086 146.3610382080078
7.0 0.544568 130.27772521972656 53.433815002441406
8.0 0.544568 130.27772521972656 53.433815002441406
9.0 0.544568 194.51571655273438 100.80806732177734
10.0 0.544568 207.77391052246094 24.49684715270996
0.0 0.588633001 30.227895736694336 112.0028305053711
1.0 0.588633001 36.61616516113281 123.05320739746094
2.0 0.588633001 36.61616516113281 123.05320739746094
3.0 0.588633001 44.6116828918457 123.47787475585938
4.0 0.588633001 44.6116828918457 123.47787475585938
5.0 0.588633001 108.6345443725586 147.25132751464844
6.0 0.588633001 108.6345443725586 147.25132751464844
7.0 0.588633001 127.46419525146484 54.150672912597656
8.0 0.588633001 127.46419525146484 54.150672912597656
9.0 0.588633001 191.8975067138672 101.88729858398438
10.0 0.588633001 205.35128784179688 24.84039878845215
0.0 0.632699001 26.92076301574707 112.34039306640625
1.0 0.632699001 33.246490478515625 123.45342254638672
2.0 0.632699001 33.246490478515625 123.45342254638672
3.0 0.632699001 41.22981643676758 123.74412536621094
4.0 0.632699001 41.22981643676758 123.74412536621094
5.0 0.632699001 105.19525909423828 147.54129028320312
6.0 0.632699001 105.19525909423828 147.54129028320312
7.0 0.632699001 123.50772857666016 54.19679641723633
8.0 0.632699001 123.50772857666016 54.19679641723633
9.0 0.632699001 188.175537109375 102.03556823730469
10.0 0.632699001 201.79180908203125 24.32574462890625
0.0 0.676764001 23.35326385498047 113.45982360839844
1.0 0.676764001 29.421390533447266 124.6356430053711
2.0 0.676764001 29.421390533447266 124.6356430053711
3.0 0.676764001 37.54147720336914 124.83320617675781
4.0 0.676764001 37.54147720336914 124.83320617675781
5.0 0.676764001 101.37964630126953 148.65798950195312
6.0 0.676764001 101.37964630126953 148.65798950195312
7.0 0.676764001 119.19898986816406 55.14851379394531
8.0 0.676764001 119.19898986816406 55.14851379394531
9.0 0.676764001 183.79818725585938 102.82929992675781
10.0 0.676764001 197.8632049560547 24.574527740478516
0.0 0.720829 19.12103843688965 114.75534057617188
1.0 0.720829 25.002389907836914 126.01256561279297
2.0 0.720829 25.002389907836914 126.01256561279297
3.0 0.720829 33.14470291137695 126.1014175415039
4.0 0.720829 33.14470291137695 126.1014175415039
5.0 0.720829 96.75923156738281 149.93373107910156
6.0 0.720829 96.75923156738281 149.93373107910156
7.0 0.720829 114.01119232177734 56.2347526550293
8.0 0.720829 114.01119232177734 56.2347526550293
9.0 0.720829 178.62612915039062 103.70689392089844
10.0 0.720829 193.1326141357422 24.88679313659668
0.0 0.764895 14.13179874420166 114.68875122070312
1.0 0.764895 19.71849822998047 126.06066131591797
2.0 0.764895 19.71849822998047 126.06066131591797
3.0 0.764895 27.886444091796875 126.0967788696289
4.0 0.764895 27.886444091796875 126.0967788696289
5.0 0.764895 91.05619049072266 150.38182067871094
6.0 0.764895 91.05619049072266 150.38182067871094
7.0 0.764895 108.4695816040039 56.58714294433594
8.0 0.764895 108.4695816040039 56.58714294433594
9.0 0.764895 172.76934814453125 104.43128204345703
10.0 0.764895 188.3412628173828 25.2875919342041
0.0 0.80896 9.111021041870117 114.46741485595703
1.0 0.80896 14.246792793273926 125.959228515625
2.0 0.80896 14.246792793273926 125.959228515625
3.0 0.80896 22.60651206970215 125.93894958496094
4.0 0.80896 22.60651206970215 125.93894958496094
5.0 0.80896 85.1917953491211 150.77027893066406
6.0 0.80896 85.1917953491211 150.77027893066406
7.0 0.80896 102.86746215820312 56.98241424560547
8.0 0.80896 102.86746215820312 56.98241424560547
9.0 0.80896 166.75340270996094 105.28729248046875
10.0 0.80896 183.53103637695312 25.621248245239258
0.0 0.853026001 3.6216866970062256 114.14385223388672
1.0 0.853026001 8.881876945495605 125.91083526611328
2.0 0.853026001 8.881876945495605 125.91083526611328
3.0 0.853026001 17.374191284179688 125.84974670410156
4.0 0.853026001 17.374191284179688 125.84974670410156
5.0 0.853026001 79.2916030883789 151.26730346679688
6.0 0.853026001 79.2916030883789 151.26730346679688
7.0 0.853026001 97.32459259033203 57.48780822753906
8.0 0.853026001 97.32459259033203 57.48780822753906
9.0 0.853026001 160.69398498535156 106.26335906982422
10.0 0.853026001 178.73416137695312 26.187833786010742
0.0 0.897091001 -1.8198577165603638 113.22410583496094
1.0 0.897091001 -2.9192557334899902 125.23098754882812
2.0 0.897091001 -2.9192557334899902 125.23098754882812
3.0 0.897091001 12.429513931274414 125.37394714355469
4.0 0.897091001 12.429513931274414 125.37394714355469
5.0 0.897091001 73.6045150756836 151.35536193847656
6.0 0.897091001 73.6045150756836 151.35536193847656
7.0 0.897091001 92.02557373046875 57.604820251464844
8.0 0.897091001 92.02557373046875 57.604820251464844
9.0 0.897091001 154.76239013671875 106.72899627685547
10.0 0.897091001 174.20654296875 26.384864807128906
0.0 0.941156001 5.8216047286987305 122.85945129394531
1.0 0.941156001 -65.13783264160156 123.93758392333984
2.0 0.941156001 -65.13783264160156 123.93758392333984
3.0 0.941156001 7.3398518562316895 124.18658447265625
4.0 0.941156001 7.3398518562316895 124.18658447265625
5.0 0.941156001 67.72753143310547 150.56463623046875
6.0 0.941156001 67.72753143310547 150.56463623046875
7.0 0.941156001 86.52047729492188 56.812191009521484
8.0 0.941156001 86.52047729492188 56.812191009521484
9.0 0.941156001 148.7503204345703 106.50555419921875
10.0 0.941156001 169.4698486328125 25.69439125061035
0.0 0.985222001 0.69184410572052 121.97672271728516
1.0 0.985222001 -103.64424896240234 122.4439697265625
2.0 0.985222001 -103.64424896240234 122.4439697265625
3.0 0.985222001 2.2682409286499023 123.19734191894531
4.0 0.985222001 2.2682409286499023 123.19734191894531
5.0 0.985222001 61.88066864013672 150.03895568847656
6.0 0.985222001 61.88066864013672 150.03895568847656
7.0 0.985222001 80.81832122802734 56.3585205078125
8.0 0.985222001 80.81832122802734 56.3585205078125
9.0 0.985222001 142.56167602539062 106.34150695800781
10.0 0.985222001 164.38003540039062 25.067190170288086
0.0 1.029287 -4.578375816345215 120.55183410644531
1.0 1.029287 -136.6203155517578 120.87028503417969
2.0 1.029287 -136.6203155517578 120.87028503417969
3.0 1.029287 -2.950335741043091 121.6339111328125
4.0 1.029287 -2.950335741043091 121.6339111328125
5.0 1.029287 56.061283111572266 149.0811767578125
6.0 1.029287 56.061283111572266 149.0811767578125
7.0 1.029287 75.32764434814453 55.42656707763672
8.0 1.029287 75.32764434814453 55.42656707763672
9.0 1.029287 136.4147491455078 105.69844818115234
10.0 1.029287 159.47216796875 24.175512313842773
0.0 1.073352 -105.02674102783203 82.0654525756836
1.0 1.073352 -251.1993865966797 85.6119155883789
2.0 1.073352 -251.1993865966797 85.6119155883789
3.0 1.073352 -90.21073913574219 107.86590576171875
4.0 1.073352 -90.21073913574219 107.86590576171875
5.0 1.073352 49.34833526611328 146.8314666748047
6.0 1.073352 49.34833526611328 146.8314666748047
7.0 1.073352 69.36222076416016 53.31557846069336
8.0 1.073352 69.36222076416016 53.31557846069336
9.0 1.073352 129.59390258789062 104.2469482421875
10.0 1.073352 154.29139709472656 22.553064346313477
0.0 1.117418001 -130.59933471679688 78.0672607421875
1.0 1.117418001 -276.9033203125 37.91642761230469
2.0 1.117418001 -276.9033203125 37.91642761230469
3.0 1.117418001 -117.34968566894531 109.10671997070312
4.0 1.117418001 -117.34968566894531 109.10671997070312
5.0 1.117418001 44.13721466064453 146.0880889892578
6.0 1.117418001 44.13721466064453 146.0880889892578
7.0 1.117418001 64.18601989746094 52.614505767822266
8.0 1.117418001 64.18601989746094 52.614505767822266
9.0 1.117418001 123.79442596435547 103.64747619628906
10.0 1.117418001 149.41940307617188 21.5819091796875
0.0 1.161483001 -162.8802032470703 81.71109771728516
1.0 1.161483001 -306.71954345703125 35.1418342590332
2.0 1.161483001 -306.71954345703125 35.1418342590332
3.0 1.161483001 -150.25857543945312 107.75528717041016
4.0 1.161483001 -150.25857543945312 107.75528717041016
5.0 1.161483001 38.496097564697266 144.5008544921875
6.0 1.161483001 38.496097564697266 144.5008544921875
7.0 1.161483001 59.027530670166016 51.12932586669922
8.0 1.161483001 59.027530670166016 51.12932586669922
9.0 1.161483001 117.80773162841797 102.62037658691406
10.0 1.161483001 144.72068786621094 20.353086471557617
0.0 1.205549001 -191.75904846191406 81.70628356933594
1.0 1.205549001 -336.28009033203125 32.94099044799805
2.0 1.205549001 -336.28009033203125 32.94099044799805
3.0 1.205549001 -178.57354736328125 110.20649719238281
4.0 1.205549001 -178.57354736328125 110.20649719238281
5.0 1.205549001 33.657447814941406 143.01222229003906
6.0 1.205549001 33.657447814941406 143.01222229003906
7.0 1.205549001 54.38194274902344 49.74154281616211
8.0 1.205549001 54.38194274902344 49.74154281616211
9.0 1.205549001 112.45550537109375 101.30010223388672
10.0 1.205549001 140.38201904296875 18.919818878173828
0.0 1.249614 -220.5510711669922 80.79978942871094
1.0 1.249614 -362.7273254394531 38.23990249633789
2.0 1.249614 -362.7273254394531 38.23990249633789
3.0 1.249614 -207.73326110839844 110.77825927734375
4.0 1.249614 -207.73326110839844 110.77825927734375
5.0 1.249614 29.590255737304688 141.59152221679688
6.0 1.249614 29.590255737304688 141.59152221679688
7.0 1.249614 50.47544479370117 48.3674201965332
8.0 1.249614 50.47544479370117 48.3674201965332
9.0 1.249614 107.88133239746094 100.07324981689453
10.0 1.249614 136.67767333984375 17.519804000854492
0.0 1.293679 -250.61199951171875 83.45259094238281
1.0 1.293679 -391.984619140625 34.78619384765625
2.0 1.293679 -391.984619140625 34.78619384765625
3.0 1.293679 -237.15806579589844 108.56887817382812
4.0 1.293679 -237.15806579589844 108.56887817382812
5.0 1.293679 26.504976272583008 140.4169464111328
6.0 1.293679 26.504976272583008 140.4169464111328
7.0 1.293679 47.47551727294922 47.23882293701172
8.0 1.293679 47.47551727294922 47.23882293701172
9.0 1.293679 104.38323211669922 98.9738998413086
10.0 1.293679 133.81256103515625 16.2503662109375
0.0 1.337745001 -279.68902587890625 91.88546752929688
1.0 1.337745001 -420.3396911621094 34.443389892578125
2.0 1.337745001 -420.3396911621094 34.443389892578125
3.0 1.337745001 -265.34906005859375 109.8951416015625
4.0 1.337745001 -265.34906005859375 109.8951416015625
5.0 1.337745001 23.545047760009766 139.32785034179688
6.0 1.337745001 23.545047760009766 139.32785034179688
7.0 1.337745001 44.55406951904297 46.16297149658203
8.0 1.337745001 44.55406951904297 46.16297149658203
9.0 1.337745001 100.94768524169922 97.97449493408203
10.0 1.337745001 131.02386474609375 15.063514709472656
0.0 1.381810001 -309.2828063964844 91.7276611328125
1.0 1.381810001 -445.15118408203125 19.969207763671875
2.0 1.381810001 -445.15118408203125 19.969207763671875
3.0 1.381810001 -294.0191650390625 111.33140563964844
4.0 1.381810001 -294.0191650390625 111.33140563964844
5.0 1.381810001 21.13669776916504 137.8182373046875
6.0 1.381810001 21.13669776916504 137.8182373046875
7.0 1.381810001 42.25889205932617 44.648597717285156
8.0 1.381810001 42.25889205932617 44.648597717285156
9.0 1.381810001 98.29559326171875 96.59828186035156
10.0 1.381810001 128.86524963378906 13.541526794433594
0.0 1.425875001 -337.4747314453125 93.2322006225586
1.0 1.425875001 -473.2223205566406 18.29754638671875
2.0 1.425875001 -473.2223205566406 18.29754638671875
3.0 1.425875001 -322.3926086425781 107.30531311035156
4.0 1.425875001 -322.3926086425781 107.30531311035156
5.0 1.425875001 19.668622970581055 136.82229614257812
6.0 1.425875001 19.668622970581055 136.82229614257812
7.0 1.425875001 41.18819046020508 43.705718994140625
8.0 1.425875001 41.18819046020508 43.705718994140625
9.0 1.425875001 96.67379760742188 95.91812896728516
10.0 1.425875001 128.01710510253906 12.86745548248291
0.0 1.469941 -366.2604675292969 94.1812744140625
1.0 1.469941 -501.2694396972656 17.31591796875
2.0 1.469941 -501.2694396972656 17.31591796875
3.0 1.469941 -350.6605529785156 108.72195434570312
4.0 1.469941 -350.6605529785156 108.72195434570312
5.0 1.469941 19.205480575561523 136.463623046875
6.0 1.469941 19.205480575561523 136.463623046875
7.0 1.469941 40.6480827331543 43.302947998046875
8.0 1.469941 40.6480827331543 43.302947998046875
9.0 1.469941 95.9648666381836 95.51439666748047
10.0 1.469941 127.51752471923828 12.40244197845459
0.0 1.514006001 -394.92205810546875 92.93583679199219
1.0 1.514006001 -530.4871215820312 19.9765625
2.0 1.514006001 -530.4871215820312 19.9765625
3.0 1.514006001 -379.41607666015625 107.68102264404297
4.0 1.514006001 -379.41607666015625 107.68102264404297
5.0 1.514006001 19.121532440185547 136.52871704101562
6.0 1.514006001 19.121532440185547 136.52871704101562
7.0 1.514006001 40.359535217285156 43.251792907714844
8.0 1.514006001 40.359535217285156 43.251792907714844
9.0 1.514006001 95.6456069946289 95.38059997558594
10.0 1.514006001 127.189208984375 12.097843170166016
0.0 1.558071001 -423.5971984863281 101.08718872070312
1.0 1.558071001 -558.852783203125 20.427734375
2.0 1.558071001 -558.852783203125 20.427734375
3.0 1.558071001 -407.8690185546875 108.87382507324219
4.0 1.558071001 -407.8690185546875 108.87382507324219
5.0 1.558071001 19.460973739624023 136.91744995117188
6.0 1.558071001 19.460973739624023 136.91744995117188
7.0 1.558071001 40.54246139526367 43.47349166870117
8.0 1.558071001 40.54246139526367 43.47349166870117
9.0 1.558071001 95.8447265625 95.74227142333984
10.0 1.558071001 127.37552642822266 12.267881393432617
0.0 1.602137 -452.6163330078125 108.31880187988281
1.0 1.602137 -588.163818359375 22.05767822265625
2.0 1.602137 -588.163818359375 22.05767822265625
3.0 1.602137 -437.5009460449219 111.49624633789062
4.0 1.602137 -437.5009460449219 111.49624633789062
5.0 1.602137 21.14734649658203 138.332763671875
6.0 1.602137 21.14734649658203 138.332763671875
7.0 1.602137 41.67576217651367 44.661895751953125
8.0 1.602137 41.67576217651367 44.661895751953125
9.0 1.602137 97.41561889648438 96.726806640625
10.0 1.602137 128.35362243652344 12.89425277709961
0.0 1.646202 -480.1916198730469 111.6895980834961
1.0 1.646202 -614.7200317382812 20.141021728515625
2.0 1.646202 -614.7200317382812 20.141021728515625
3.0 1.646202 -466.0134582519531 113.73738098144531
4.0 1.646202 -466.0134582519531 113.73738098144531
5.0 1.646202 23.51524543762207 138.69383239746094
6.0 1.646202 23.51524543762207 138.69383239746094
7.0 1.646202 43.54842758178711 44.71553039550781
8.0 1.646202 43.54842758178711 44.71553039550781
9.0 1.646202 99.69141387939453 96.56717681884766
10.0 1.646202 130.17909240722656 12.5640287399292
0.0 1.690268001 -508.521484375 113.78282165527344
1.0 1.690268001 -645.5634765625 23.431793212890625
2.0 1.690268001 -645.5634765625 23.431793212890625
3.0 1.690268001 -494.4333801269531 115.69775390625
4.0 1.690268001 -494.4333801269531 115.69775390625
5.0 1.690268001 25.985414505004883 139.42361450195312
6.0 1.690268001 25.985414505004883 139.42361450195312
7.0 1.690268001 46.44486999511719 45.301021575927734
8.0 1.690268001 46.44486999511719 45.301021575927734
9.0 1.690268001 102.63512420654297 97.63971710205078
10.0 1.690268001 133.2174530029297 13.649394989013672
0.0 1.734333001 -536.3560180664062 110.6993179321289
1.0 1.734333001 -673.014892578125 19.446929931640625
2.0 1.734333001 -673.014892578125 19.446929931640625
3.0 1.734333001 -522.1932983398438 112.70364379882812
4.0 1.734333001 -522.1932983398438 112.70364379882812
5.0 1.734333001 29.962078094482422 140.83905029296875
6.0 1.734333001 29.962078094482422 140.83905029296875
7.0 1.734333001 50.748291015625 46.616432189941406
8.0 1.734333001 50.748291015625 46.616432189941406
9.0 1.734333001 107.08775329589844 99.34085845947266
10.0 1.734333001 137.54832458496094 15.479344367980957
0.0 1.778398 -564.656982421875 112.97234344482422
1.0 1.778398 -699.3626708984375 18.121322631835938
2.0 1.778398 -699.3626708984375 18.121322631835938
3.0 1.778398 -550.3931274414062 115.14788818359375
4.0 1.778398 -550.3931274414062 115.14788818359375
5.0 1.778398 33.92108917236328 142.16122436523438
6.0 1.778398 33.92108917236328 142.16122436523438
7.0 1.778398 54.00675582885742 47.57080841064453
8.0 1.778398 54.00675582885742 47.57080841064453
9.0 1.778398 110.98023223876953 100.0957260131836
10.0 1.778398 140.4801025390625 16.092966079711914
0.0 1.822464001 -592.8600463867188 103.72335052490234
1.0 1.822464001 -727.1259765625 18.649463653564453
2.0 1.822464001 -727.1259765625 18.649463653564453
3.0 1.822464001 -578.8387451171875 105.45423889160156
4.0 1.822464001 -578.8387451171875 105.45423889160156
5.0 1.822464001 38.91130065917969 142.96653747558594
6.0 1.822464001 38.91130065917969 142.96653747558594
7.0 1.822464001 58.361454010009766 48.15185546875
8.0 1.822464001 58.361454010009766 48.15185546875
9.0 1.822464001 115.91349029541016 100.26005554199219
10.0 1.822464001 144.41259765625 16.319013595581055
0.0 1.866529001 -621.9842529296875 96.48672485351562
1.0 1.866529001 -756.2142333984375 19.860645294189453
2.0 1.866529001 -756.2142333984375 19.860645294189453
3.0 1.866529001 -602.765625 117.75736236572266
4.0 1.866529001 -602.765625 117.75736236572266
5.0 1.866529001 44.118919372558594 142.7572479248047
6.0 1.866529001 44.118919372558594 142.7572479248047
7.0 1.866529001 63.28091049194336 47.73006820678711
8.0 1.866529001 63.28091049194336 47.73006820678711
9.0 1.866529001 121.28742218017578 99.74925994873047
10.0 1.866529001 148.93333435058594 16.002296447753906
0.0 1.910594001 -648.8955688476562 88.8452377319336
1.0 1.910594001 -785.0536499023438 19.324604034423828
2.0 1.910594001 -785.0536499023438 19.324604034423828
3.0 1.910594001 -628.89404296875 204.6166229248047
4.0 1.910594001 -628.89404296875 204.6166229248047
5.0 1.910594001 49.538448333740234 141.82791137695312
6.0 1.910594001 49.538448333740234 141.82791137695312
7.0 1.910594001 68.63640594482422 46.64401626586914
8.0 1.910594001 68.63640594482422 46.64401626586914
9.0 1.910594001 126.90534210205078 98.67459869384766
10.0 1.910594001 153.92813110351562 15.332865715026855
0.0 1.95466 -678.9277954101562 76.41597747802734
1.0 1.95466 -813.4883422851562 20.911121368408203
2.0 1.95466 -813.4883422851562 20.911121368408203
3.0 1.95466 -628.89404296875 329.61663818359375
4.0 1.95466 -628.89404296875 329.61663818359375
5.0 1.95466 54.80583953857422 140.13861083984375
6.0 1.95466 54.80583953857422 140.13861083984375
7.0 1.95466 74.59403991699219 45.04477310180664
8.0 1.95466 74.59403991699219 45.04477310180664
9.0 1.95466 132.6649169921875 97.4860610961914
10.0 1.95466 159.65884399414062 14.885976791381836
0.0 1.998725 -708.3975830078125 74.400146484375
1.0 1.998725 -843.62451171875 22.611164093017578
2.0 1.998725 -843.62451171875 22.611164093017578
3.0 1.998725 -660.14404296875 360.86663818359375
4.0 1.998725 -660.14404296875 360.86663818359375
5.0 1.998725 59.7115478515625 139.77247619628906
6.0 1.998725 59.7115478515625 139.77247619628906
7.0 1.998725 79.93952941894531 44.79060363769531
8.0 1.998725 79.93952941894531 44.79060363769531
9.0 1.998725 137.90097045898438 97.57028198242188
10.0 1.998725 164.66664123535156 15.550665855407715
0.0 2.042791001 -735.14892578125 73.12606811523438
1.0 2.042791001 -869.4176025390625 19.804073333740234
2.0 2.042791001 -869.4176025390625 19.804073333740234
3.0 2.042791001 -710.14404296875 360.86663818359375
4.0 2.042791001 -710.14404296875 360.86663818359375
5.0 2.042791001 64.57860565185547 139.2140655517578
6.0 2.042791001 64.57860565185547 139.2140655517578
7.0 2.042791001 83.99087524414062 44.04057693481445
8.0 2.042791001 83.99087524414062 44.04057693481445
9.0 2.042791001 142.36251831054688 96.36035919189453
10.0 2.042791001 167.96578979492188 14.60947036743164
0.0 2.086856 -763.1465454101562 74.30780792236328
1.0 2.086856 -897.4352416992188 18.987987518310547
2.0 2.086856 -897.4352416992188 18.987987518310547
3.0 2.086856 -966.14404296875 108.86663818359375
4.0 2.086856 -966.14404296875 108.86663818359375
5.0 2.086856 69.07001495361328 138.59034729003906
6.0 2.086856 69.07001495361328 138.59034729003906
7.0 2.086856 88.15213775634766 43.34666442871094
8.0 2.086856 88.15213775634766 43.34666442871094
9.0 2.086856 146.5578155517578 95.50275421142578
10.0 2.086856 171.41702270507812 14.177188873291016
0.0 2.130921 -790.9939575195312 73.3844985961914
1.0 2.130921 -925.1516723632812 20.253318786621094
2.0 2.130921 -925.1516723632812 20.253318786621094
3.0 2.130921 -914.990234375 108.4855728149414
4.0 2.130921 -914.990234375 108.4855728149414
5.0 2.130921 74.3277816772461 140.3708953857422
6.0 2.130921 74.3277816772461 140.3708953857422
7.0 2.130921 93.6133804321289 45.27927017211914
8.0 2.130921 93.6133804321289 45.27927017211914
9.0 2.130921 151.76731872558594 97.5524673461914
10.0 2.130921 176.11190795898438 16.715742111206055
0.0 2.174987001 -819.1908569335938 72.26467895507812
1.0 2.174987001 -952.6298217773438 17.335769653320312
2.0 2.174987001 -952.6298217773438 17.335769653320312
3.0 2.174987001 -890.2788696289062 111.38817596435547
4.0 2.174987001 -890.2788696289062 111.38817596435547
5.0 2.174987001 79.67471313476562 139.1946563720703
6.0 2.174987001 79.67471313476562 139.1946563720703
7.0 2.174987001 98.47584533691406 44.194618225097656
8.0 2.174987001 98.47584533691406 44.194618225097656
9.0 2.174987001 156.68247985839844 96.31993865966797
10.0 2.174987001 180.09811401367188 15.90757942199707
0.0 2.219052001 -846.998779296875 70.61713409423828
1.0 2.219052001 -974.7415771484375 5.4438629150390625
2.0 2.219052001 -974.7415771484375 5.4438629150390625
3.0 2.219052001 -460.4296875 -264.857177734375
4.0 2.219052001 -460.4296875 -264.857177734375
5.0 2.219052001 86.72245025634766 138.9400177001953
6.0 2.219052001 86.72245025634766 138.9400177001953
7.0 2.219052001 104.40242004394531 44.04226303100586
8.0 2.219052001 104.40242004394531 44.04226303100586
9.0 2.219052001 162.79110717773438 95.33474731445312
10.0 2.219052001 184.67367553710938 15.259459495544434
0.0 2.263117001 -875.0501708984375 67.92298889160156
1.0 2.263117001 -996.2386474609375 -39.24874496459961
2.0 2.263117001 -996.2386474609375 -39.24874496459961
3.0 2.263117001 -560.4296875 -164.857177734375
4.0 2.263117001 -560.4296875 -164.857177734375
5.0 2.263117001 91.59780883789062 140.08851623535156
6.0 2.263117001 91.59780883789062 140.08851623535156
7.0 2.263117001 109.8122787475586 45.57759475708008
8.0 2.263117001 109.8122787475586 45.57759475708008
9.0 2.263117001 167.56785583496094 97.2447280883789
10.0 2.263117001 189.34878540039062 17.811424255371094
0.0 2.307183001 -905.6730346679688 65.80332946777344
1.0 2.307183001 -1021.2386474609375 -89.24874877929688
2.0 2.307183001 -1021.2386474609375 -89.24874877929688
3.0 2.307183001 -585.4296875 -214.857177734375
4.0 2.307183001 -585.4296875 -214.857177734375
5.0 2.307183001 97.18582153320312 140.27520751953125
6.0 2.307183001 97.18582153320312 140.27520751953125
7.0 2.307183001 115.22277069091797 46.05530548095703
8.0 2.307183001 115.22277069091797 46.05530548095703
9.0 2.307183001 172.55580139160156 97.55101013183594
10.0 2.307183001 193.62315368652344 18.76103401184082
0.0 2.351248001 -933.7825927734375 65.60279846191406
1.0 2.351248001 -1033.7386474609375 -164.24874877929688
2.0 2.351248001 -1033.7386474609375 -164.24874877929688
3.0 2.351248001 -597.9296875 -289.857177734375
4.0 2.351248001 -597.9296875 -289.857177734375
5.0 2.351248001 104.78988647460938 140.71604919433594
6.0 2.351248001 104.78988647460938 140.71604919433594
7.0 2.351248001 121.51050567626953 46.58759307861328
8.0 2.351248001 121.51050567626953 46.58759307861328
9.0 2.351248001 179.00250244140625 97.3325424194336
10.0 2.351248001 198.392822265625 18.644811630249023
0.0 2.395313001 -955.7986450195312 9.794639587402344
1.0 2.395313001 -958.7386474609375 -264.2487487792969
2.0 2.395313001 -958.7386474609375 -264.2487487792969
3.0 2.395313001 -522.9296875 -389.857177734375
4.0 2.395313001 -522.9296875 -389.857177734375
5.0 2.395313001 112.65371704101562 141.47027587890625
6.0 2.395313001 112.65371704101562 141.47027587890625
7.0 2.395313001 128.8399658203125 47.52582931518555
8.0 2.395313001 128.8399658203125 47.52582931518555
9.0 2.395313001 185.9564208984375 97.87006378173828
10.0 2.395313001 204.36737060546875 19.634870529174805
0.0 2.439379 -982.3514404296875 6.986614227294922
1.0 2.439379 -1083.7386474609375 -139.24874877929688
2.0 2.439379 -1083.7386474609375 -139.24874877929688
3.0 2.439379 -647.9296875 -264.857177734375
4.0 2.439379 -647.9296875 -264.857177734375
5.0 2.439379 119.84519958496094 140.9040985107422
6.0 2.439379 119.84519958496094 140.9040985107422
7.0 2.439379 136.91127014160156 47.49082565307617
8.0 2.439379 136.91127014160156 47.49082565307617
9.0 2.439379 193.03277587890625 98.54914855957031
10.0 2.439379 211.54159545898438 20.8054256439209
0.0 2.483444 -1001.5208129882812 -33.493831634521484
1.0 2.483444 -1133.7386474609375 -164.24874877929688
2.0 2.483444 -1133.7386474609375 -164.24874877929688
3.0 2.483444 -697.9296875 -289.857177734375
4.0 2.483444 -697.9296875 -289.857177734375
5.0 2.483444 128.2708282470703 141.9189910888672
6.0 2.483444 128.2708282470703 141.9189910888672
7.0 2.483444 144.84603881835938 48.75844955444336
8.0 2.483444 144.84603881835938 48.75844955444336
9.0 2.483444 200.5313720703125 99.58351135253906
10.0 2.483444 218.1389617919922 22.004180908203125
0.0 2.527510001 -1064.020751953125 -45.993831634521484
1.0 2.527510001 -1196.2386474609375 -176.74874877929688
2.0 2.527510001 -1196.2386474609375 -176.74874877929688
3.0 2.527510001 -760.4296875 -302.357177734375
4.0 2.527510001 -760.4296875 -302.357177734375
5.0 2.527510001 136.13006591796875 141.65814208984375
6.0 2.527510001 136.13006591796875 141.65814208984375
7.0 2.527510001 151.556884765625 48.66242980957031
8.0 2.527510001 151.556884765625 48.66242980957031
9.0 2.527510001 207.07766723632812 98.80241394042969
10.0 2.527510001 223.27902221679688 21.328683853149414
0.0 2.571575 -964.020751953125 -245.99383544921875
1.0 2.571575 -1096.2386474609375 -376.7487487792969
2.0 2.571575 -1096.2386474609375 -376.7487487792969
3.0 2.571575 -660.4296875 -502.357177734375
4.0 2.571575 -660.4296875 -502.357177734375
5.0 2.571575 142.74900817871094 142.4015350341797
6.0 2.571575 142.74900817871094 142.4015350341797
7.0 2.571575 157.7981414794922 49.64321517944336
8.0 2.571575 157.7981414794922 49.64321517944336
9.0 2.571575 212.83450317382812 99.65360260009766
10.0 2.571575 228.23391723632812 22.252609252929688
0.0 2.61564 -164.020751953125 -1045.993896484375
1.0 2.61564 -296.2386474609375 -1176.748779296875
2.0 2.61564 -296.2386474609375 -1176.748779296875
3.0 2.61564 251.5703125 -1334.357177734375
4.0 2.61564 251.5703125 -1334.357177734375
5.0 2.61564 147.88668823242188 142.50901794433594
6.0 2.61564 147.88668823242188 142.50901794433594
7.0 2.61564 162.9224090576172 50.03378677368164
8.0 2.61564 162.9224090576172 50.03378677368164
9.0 2.61564 217.3396759033203 100.15684509277344
10.0 2.61564 232.4248809814453 22.958114624023438
0.0 2.659706001 -151.520751953125 -1120.993896484375
1.0 2.659706001 -283.7386474609375 -1251.748779296875
2.0 2.659706001 -283.7386474609375 -1251.748779296875
3.0 2.659706001 276.5703125 -1371.857177734375
4.0 2.659706001 276.5703125 -1371.857177734375
5.0 2.659706001 152.4423065185547 142.44920349121094
6.0 2.659706001 152.4423065185547 142.44920349121094
7.0 2.659706001 167.25723266601562 50.25175476074219
8.0 2.659706001 167.25723266601562 50.25175476074219
9.0 2.659706001 221.2841339111328 100.44593048095703
10.0 2.659706001 235.7524871826172 22.98248863220215
0.0 2.703771001 4.479248046875 -1324.993896484375
1.0 2.703771001 0.2613525390625 -1543.748779296875
2.0 2.703771001 0.2613525390625 -1543.748779296875
3.0 2.703771001 351.5703125 -1346.857177734375
4.0 2.703771001 351.5703125 -1346.857177734375
5.0 2.703771001 156.41688537597656 141.1863555908203
6.0 2.703771001 156.41688537597656 141.1863555908203
7.0 2.703771001 170.68446350097656 49.146728515625
8.0 2.703771001 170.68446350097656 49.146728515625
9.0 2.703771001 224.4404296875 99.1551284790039
10.0 2.703771001 238.4970245361328 21.972938537597656
0.0 2.747836001 -36.53604507446289 -1343.6900634765625
1.0 2.747836001 -42.70344161987305 -1561.888916015625
2.0 2.747836001 -42.70344161987305 -1561.888916015625
3.0 2.747836001 351.5703125 -1346.857177734375
4.0 2.747836001 351.5703125 -1346.857177734375
5.0 2.747836001 159.62863159179688 141.2796173095703
6.0 2.747836001 159.62863159179688 141.2796173095703
7.0 2.747836001 173.19528198242188 49.306556701660156
8.0 2.747836001 173.19528198242188 49.306556701660156
9.0 2.747836001 226.83380126953125 99.05043029785156
10.0 2.747836001 240.38291931152344 22.16748046875
0.0 2.791902 -136.53604125976562 -1243.6900634765625
1.0 2.791902 -142.7034454345703 -1461.888916015625
2.0 2.791902 -142.7034454345703 -1461.888916015625
3.0 2.791902 426.5703125 -1359.357177734375
4.0 2.791902 426.5703125 -1359.357177734375
5.0 2.791902 162.62356567382812 140.1598663330078
6.0 2.791902 162.62356567382812 140.1598663330078
7.0 2.791902 175.0459747314453 48.16276168823242
8.0 2.791902 175.0459747314453 48.16276168823242
9.0 2.791902 228.86947631835938 97.36079406738281
10.0 2.791902 242.74481201171875 19.541837692260742
0.0 2.835967001 -86.53604125976562 -1243.6900634765625
1.0 2.835967001 -92.70344543457031 -1461.888916015625
2.0 2.835967001 -92.70344543457031 -1461.888916015625
3.0 2.835967001 526.5703125 -1334.357177734375
4.0 2.835967001 526.5703125 -1334.357177734375
5.0 2.835967001 164.4888153076172 138.83621215820312
6.0 2.835967001 164.4888153076172 138.83621215820312
7.0 2.835967001 176.27503967285156 46.81684112548828
8.0 2.835967001 176.27503967285156 46.81684112548828
9.0 2.835967001 230.19651794433594 96.02287292480469
10.0 2.835967001 246.7638397216797 16.792858123779297
0.0 2.880033 -174.03604125976562 -1231.1900634765625
1.0 2.880033 -180.2034454345703 -1449.388916015625
2.0 2.880033 -180.2034454345703 -1449.388916015625
3.0 2.880033 514.0703125 -1365.607177734375
4.0 2.880033 514.0703125 -1365.607177734375
5.0 2.880033 165.64942932128906 139.55111694335938
6.0 2.880033 165.64942932128906 139.55111694335938
7.0 2.880033 177.2324981689453 47.54465103149414
8.0 2.880033 177.2324981689453 47.54465103149414
9.0 2.880033 230.9928741455078 96.43888092041016
10.0 2.880033 260.42926025390625 19.33477020263672
0.0 2.924098 -274.0360412597656 -1181.1900634765625
1.0 2.924098 -280.20343017578125 -1399.388916015625
2.0 2.924098 -280.20343017578125 -1399.388916015625
3.0 2.924098 664.0703125 -1340.607177734375
4.0 2.924098 664.0703125 -1340.607177734375
5.0 2.924098 165.79513549804688 139.9110565185547
6.0 2.924098 165.79513549804688 139.9110565185547
7.0 2.924098 177.4276123046875 47.97785186767578
8.0 2.924098 177.4276123046875 47.97785186767578
9.0 2.924098 231.18246459960938 97.13861846923828
10.0 2.924098 271.8360595703125 22.269817352294922
0.0 2.968163 -474.0360412597656 -1181.1900634765625
1.0 2.968163 -480.20343017578125 -1399.388916015625
2.0 2.968163 -480.20343017578125 -1399.388916015625
3.0 2.968163 764.0703125 -1290.607177734375
4.0 2.968163 764.0703125 -1290.607177734375
5.0 2.968163 165.00198364257812 140.5183563232422
6.0 2.968163 165.00198364257812 140.5183563232422
7.0 2.968163 176.77505493164062 48.62127685546875
8.0 2.968163 176.77505493164062 48.62127685546875
9.0 2.968163 230.43931579589844 97.82125854492188
10.0 2.968163 266.9996032714844 26.165416717529297
0.0 3.012229001 -474.0360412597656 -1281.1900634765625
1.0 3.012229001 -480.20343017578125 -1499.388916015625
2.0 3.012229001 -480.20343017578125 -1499.388916015625
3.0 3.012229001 1164.0703125 -990.607177734375
4.0 3.012229001 1164.0703125 -990.607177734375
5.0 3.012229001 163.55056762695312 141.4869384765625
6.0 3.012229001 163.55056762695312 141.4869384765625
7.0 3.012229001 175.618408203125 49.58610153198242
8.0 3.012229001 175.618408203125 49.58610153198242
9.0 3.012229001 229.26596069335938 98.99659729003906
10.0 3.012229001 262.4838562011719 28.682268142700195
0.0 3.056294001 -524.0360107421875 -1281.1900634765625
1.0 3.056294001 -530.2034301757812 -1499.388916015625
2.0 3.056294001 -530.2034301757812 -1499.388916015625
3.0 3.056294001 1164.0703125 -1040.607177734375
4.0 3.056294001 1164.0703125 -1040.607177734375
5.0 3.056294001 162.7410430908203 141.38775634765625
6.0 3.056294001 162.7410430908203 141.38775634765625
7.0 3.056294001 174.4400634765625 49.31840133666992
8.0 3.056294001 174.4400634765625 49.31840133666992
9.0 3.056294001 228.35069274902344 98.35067749023438
10.0 3.056294001 277.35638427734375 31.157623291015625
0.0 3.100359 -599.0360107421875 -1231.1900634765625
1.0 3.100359 -605.2034301757812 -1449.388916015625
2.0 3.100359 -605.2034301757812 -1449.388916015625
3.0 3.100359 1189.0703125 -1078.107177734375
4.0 3.100359 1189.0703125 -1078.107177734375
5.0 3.100359 162.0499725341797 141.13661193847656
6.0 3.100359 162.0499725341797 141.13661193847656
7.0 3.100359 173.34780883789062 48.85694122314453
8.0 3.100359 173.34780883789062 48.85694122314453
9.0 3.100359 227.72018432617188 97.99311828613281
10.0 3.100359 306.2823181152344 33.372581481933594
0.0 3.144425001 -611.5360107421875 -1281.1900634765625
1.0 3.144425001 -617.7034301757812 -1499.388916015625
2.0 3.144425001 -617.7034301757812 -1499.388916015625
3.0 3.144425001 1389.0703125 -1003.107177734375
4.0 3.144425001 1389.0703125 -1003.107177734375
5.0 3.144425001 160.71641540527344 141.78567504882812
6.0 3.144425001 160.71641540527344 141.78567504882812
7.0 3.144425001 172.04171752929688 49.29164505004883
8.0 3.144425001 172.04171752929688 49.29164505004883
9.0 3.144425001 226.6170654296875 98.33341979980469
10.0 3.144425001 336.1409912109375 36.2948112487793
0.0 3.188490001 52.4639892578125 -1937.1900634765625
1.0 3.188490001 38.29656982421875 -2155.388916015625
2.0 3.188490001 38.29656982421875 -2155.388916015625
3.0 3.188490001 1189.0703125 -903.107177734375
4.0 3.188490001 1189.0703125 -903.107177734375
5.0 3.188490001 157.12847900390625 141.70948791503906
6.0 3.188490001 157.12847900390625 141.70948791503906
7.0 3.188490001 168.5543212890625 49.028846740722656
8.0 3.188490001 168.5543212890625 49.028846740722656
9.0 3.188490001 223.44862365722656 98.171630859375
10.0 3.188490001 366.5812683105469 40.0826301574707
0.0 3.232555001 51.46934509277344 -1967.7989501953125
1.0 3.232555001 39.49476623535156 -2187.231201171875
2.0 3.232555001 39.49476623535156 -2187.231201171875
3.0 3.232555001 1139.0703125 -965.607177734375
4.0 3.232555001 1139.0703125 -965.607177734375
5.0 3.232555001 152.7447052001953 141.58578491210938
6.0 3.232555001 152.7447052001953 141.58578491210938
7.0 3.232555001 164.09779357910156 48.64301681518555
8.0 3.232555001 164.09779357910156 48.64301681518555
9.0 3.232555001 219.55120849609375 97.87489318847656
10.0 3.232555001 398.8006591796875 41.98713684082031
0.0 3.276621 52.19081115722656 -1998.1805419921875
1.0 3.276621 97.4608154296875 -2226.28076171875
2.0 3.276621 97.4608154296875 -2226.28076171875
3.0 3.276621 1201.5703125 -971.857177734375
4.0 3.276621 1201.5703125 -971.857177734375
5.0 3.276621 146.94064331054688 142.45733642578125
6.0 3.276621 146.94064331054688 142.45733642578125
7.0 3.276621 158.25283813476562 49.24790954589844
8.0 3.276621 158.25283813476562 49.24790954589844
9.0 3.276621 214.16287231445312 98.24137115478516
10.0 3.276621 425.108154296875 42.30126953125
0.0 3.320686001 53.03436279296875 -2028.745849609375
1.0 3.320686001 98.87775421142578 -2257.44873046875
2.0 3.320686001 98.87775421142578 -2257.44873046875
3.0 3.320686001 1214.0703125 -996.857177734375
4.0 3.320686001 1214.0703125 -996.857177734375
5.0 3.320686001 141.13497924804688 142.93045043945312
6.0 3.320686001 141.13497924804688 142.93045043945312
7.0 3.320686001 152.37353515625 49.42669677734375
8.0 3.320686001 152.37353515625 49.42669677734375
9.0 3.320686001 208.84524536132812 98.5249252319336
10.0 3.320686001 435.9378662109375 7.03238582611084
0.0 3.364751001 51.678619384765625 -2059.582763671875
1.0 3.364751001 99.04720306396484 -2288.6494140625
2.0 3.364751001 99.04720306396484 -2288.6494140625
3.0 3.364751001 1014.0703125 -1046.857177734375
4.0 3.364751001 1014.0703125 -1046.857177734375
5.0 3.364751001 135.1123504638672 143.41665649414062
6.0 3.364751001 135.1123504638672 143.41665649414062
7.0 3.364751001 145.8160858154297 49.54728317260742
8.0 3.364751001 145.8160858154297 49.54728317260742
9.0 3.364751001 202.9615478515625 98.17514038085938
10.0 3.364751001 456.9350280761719 -45.04636764526367
0.0 3.408817 51.60243225097656 -2090.1220703125
1.0 3.408817 99.10063171386719 -2318.72119140625
2.0 3.408817 99.10063171386719 -2318.72119140625
3.0 3.408817 1076.5703125 -1065.607177734375
4.0 3.408817 1076.5703125 -1065.607177734375
5.0 3.408817 129.104736328125 143.2854766845703
6.0 3.408817 129.104736328125 143.2854766845703
7.0 3.408817 139.4974822998047 49.09916687011719
8.0 3.408817 139.4974822998047 49.09916687011719
9.0 3.408817 197.30264282226562 97.678955078125
10.0 3.408817 519.43505859375 -63.79636764526367
0.0 3.452882 56.54911804199219 -2122.7841796875
1.0 3.452882 97.66519927978516 -2350.174560546875
2.0 3.452882 97.66519927978516 -2350.174560546875
3.0 3.452882 1026.5703125 -1115.607177734375
4.0 3.452882 1026.5703125 -1115.607177734375
5.0 3.452882 122.80970001220703 143.89483642578125
6.0 3.452882 122.80970001220703 143.89483642578125
7.0 3.452882 133.45936584472656 49.440826416015625
8.0 3.452882 133.45936584472656 49.440826416015625
9.0 3.452882 191.5379180908203 98.14981842041016
10.0 3.452882 469.43505859375 -113.79637145996094
0.0 3.496948001 50.39787292480469 -2151.363525390625
1.0 3.496948001 96.36504364013672 -2380.8291015625
2.0 3.496948001 96.36504364013672 -2380.8291015625
3.0 3.496948001 876.5703125 -1215.607177734375
4.0 3.496948001 876.5703125 -1215.607177734375
5.0 3.496948001 115.72277069091797 143.8273162841797
6.0 3.496948001 115.72277069091797 143.8273162841797
7.0 3.496948001 126.9549560546875 49.210330963134766
8.0 3.496948001 126.9549560546875 49.210330963134766
9.0 3.496948001 185.21005249023438 98.4066390991211
10.0 3.496948001 319.43505859375 -213.79637145996094
0.0 3.541013001 49.509185791015625 -2182.456298828125
1.0 3.541013001 95.627685546875 -2411.351318359375
2.0 3.541013001 95.627685546875 -2411.351318359375
3.0 3.541013001 901.5703125 -1228.107177734375
4.0 3.541013001 901.5703125 -1228.107177734375
5.0 3.541013001 108.76322937011719 143.8944854736328
6.0 3.541013001 108.76322937011719 143.8944854736328
7.0 3.541013001 120.37590026855469 49.134029388427734
8.0 3.541013001 120.37590026855469 49.134029388427734
9.0 3.541013001 178.76683044433594 98.55813598632812
10.0 3.541013001 344.43505859375 -226.29637145996094
0.0 3.585078 53.58992004394531 -2213.845947265625
1.0 3.585078 92.50167083740234 -2442.53564453125
2.0 3.585078 92.50167083740234 -2442.53564453125
3.0 3.585078 1001.5703125 -1228.107177734375
4.0 3.585078 1001.5703125 -1228.107177734375
5.0 3.585078 101.20092010498047 142.8769989013672
6.0 3.585078 101.20092010498047 142.8769989013672
7.0 3.585078 113.83867645263672 48.11347198486328
8.0 3.585078 113.83867645263672 48.11347198486328
9.0 3.585078 171.9737548828125 98.31539916992188
10.0 3.585078 444.43505859375 -226.29637145996094
0.0 3.629144001 52.46101379394531 -2243.99755859375
1.0 3.629144001 87.24171447753906 -2473.2421875
2.0 3.629144001 87.24171447753906 -2473.2421875
3.0 3.629144001 1026.5703125 -1265.607177734375
4.0 3.629144001 1026.5703125 -1265.607177734375
5.0 3.629144001 93.1610107421875 141.73081970214844
6.0 3.629144001 93.1610107421875 141.73081970214844
7.0 3.629144001 107.25713348388672 47.14665985107422
8.0 3.629144001 107.25713348388672 47.14665985107422
9.0 3.629144001 164.78038024902344 98.2442626953125
10.0 3.629144001 469.43505859375 -263.79638671875
0.0 3.673209001 53.07756042480469 -2274.9072265625
1.0 3.673209001 89.820556640625 -2504.15966796875
2.0 3.673209001 89.820556640625 -2504.15966796875
3.0 3.673209001 1001.5703125 -1328.107177734375
4.0 3.673209001 1001.5703125 -1328.107177734375
5.0 3.673209001 85.64675903320312 141.8717498779297
6.0 3.673209001 85.64675903320312 141.8717498779297
7.0 3.673209001 99.57975006103516 47.316322326660156
8.0 3.673209001 99.57975006103516 47.316322326660156
9.0 3.673209001 157.13519287109375 98.16890716552734
10.0 3.673209001 444.43505859375 -326.29638671875
0.0 3.717274001 55.448577880859375 -2306.361083984375
1.0 3.717274001 90.90652465820312 -2534.167236328125
2.0 3.717274001 90.90652465820312 -2534.167236328125
3.0 3.717274001 901.5703125 -1428.107177734375
4.0 3.717274001 901.5703125 -1428.107177734375
5.0 3.717274001 78.7079086303711 140.97515869140625
6.0 3.717274001 78.7079086303711 140.97515869140625
7.0 3.717274001 91.83992004394531 46.296836853027344
8.0 3.717274001 91.83992004394531 46.296836853027344
9.0 3.717274001 149.58465576171875 96.49075317382812
10.0 3.717274001 344.43505859375 -426.29638671875
0.0 3.76134 56.06544494628906 -2337.764404296875
1.0 3.76134 90.35690307617188 -2565.41064453125
2.0 3.76134 90.35690307617188 -2565.41064453125
3.0 3.76134 901.5703125 -1459.357177734375
4.0 3.76134 901.5703125 -1459.357177734375
5.0 3.76134 71.10568237304688 140.64881896972656
6.0 3.76134 71.10568237304688 140.64881896972656
7.0 3.76134 83.96609497070312 45.951148986816406
8.0 3.76134 83.96609497070312 45.951148986816406
9.0 3.76134 141.53138732910156 95.80298614501953
10.0 3.76134 344.43505859375 -457.54638671875
0.0 3.805405 56.63151550292969 -2368.33154296875
1.0 3.805405 91.98739624023438 -2595.468994140625
2.0 3.805405 91.98739624023438 -2595.468994140625
3.0 3.805405 951.5703125 -1465.607177734375
4.0 3.805405 951.5703125 -1465.607177734375
5.0 3.805405 63.66622543334961 140.21397399902344
6.0 3.805405 63.66622543334961 140.21397399902344
7.0 3.805405 77.05856323242188 45.62321090698242
8.0 3.805405 77.05856323242188 45.62321090698242
9.0 3.805405 133.9737548828125 95.76199340820312
10.0 3.805405 394.43505859375 -463.79638671875
0.0 3.849471001 53.03349304199219 -2398.2490234375
1.0 3.849471001 95.55731964111328 -2625.53515625
2.0 3.849471001 95.55731964111328 -2625.53515625
3.0 3.849471001 1051.5703125 -1390.607177734375
4.0 3.849471001 1051.5703125 -1390.607177734375
5.0 3.849471001 56.97413635253906 140.32510375976562
6.0 3.849471001 56.97413635253906 140.32510375976562
7.0 3.849471001 70.76200103759766 46.039031982421875
8.0 3.849471001 70.76200103759766 46.039031982421875
9.0 3.849471001 127.0936050415039 96.39168548583984
10.0 3.849471001 494.43505859375 -388.79638671875
0.0 3.893536 54.651397705078125 -2428.76416015625
1.0 3.893536 93.3744125366211 -2655.89599609375
2.0 3.893536 93.3744125366211 -2655.89599609375
3.0 3.893536 1026.5703125 -1428.107177734375
4.0 3.893536 1026.5703125 -1428.107177734375
5.0 3.893536 50.41214370727539 140.3686981201172
6.0 3.893536 50.41214370727539 140.3686981201172
7.0 3.893536 64.37655639648438 46.29818344116211
8.0 3.893536 64.37655639648438 46.29818344116211
9.0 3.893536 120.04087829589844 96.58911895751953
10.0 3.893536 469.43505859375 -426.29638671875
