0.0 21.390900999 44.051761627197266 90.17478942871094
1.0 21.390900999 44.051761627197266 90.17478942871094
2.0 21.390900999 48.17134094238281 98.31463623046875
3.0 21.390900999 102.20975494384766 120.28177642822266
4.0 21.390900999 102.20975494384766 120.28177642822266
5.0 21.390900999 102.20975494384766 120.28177642822266
6.0 21.390900999 123.92376708984375 48.37845230102539
7.0 21.390900999 167.09913635253906 131.74005126953125
8.0 21.390900999 167.09913635253906 131.74005126953125
9.0 21.390900999 174.0972900390625 85.39585876464844
10.0 21.390900999 174.0972900390625 85.39585876464844
11.0 21.390900999 174.0972900390625 85.39585876464844
12.0 21.390900999 191.32965087890625 28.434282302856445
13.0 21.390900999 191.32965087890625 28.434282302856445
14.0 21.390900999 225.55018615722656 158.3929443359375
0.0 21.434965999 33.29538345336914 90.59285736083984
1.0 21.434965999 33.29538345336914 90.59285736083984
2.0 21.434965999 37.1236457824707 98.6402816772461
3.0 21.434965999 90.0247802734375 119.59263610839844
4.0 21.434965999 90.0247802734375 119.59263610839844
5.0 21.434965999 90.0247802734375 119.59263610839844
6.0 21.434965999 110.96602630615234 48.82489776611328
7.0 21.434965999 153.89341735839844 130.0493621826172
8.0 21.434965999 153.89341735839844 130.0493621826172
9.0 21.434965999 160.2986297607422 84.67405700683594
10.0 21.434965999 160.2986297607422 84.67405700683594
11.0 21.434965999 160.2986297607422 84.67405700683594
12.0 21.434965999 177.54026794433594 28.527738571166992
13.0 21.434965999 177.54026794433594 28.527738571166992
14.0 21.434965999 212.52857971191406 155.8647918701172
0.0 21.479030999 26.458791732788086 89.7184066772461
1.0 21.479030999 26.458791732788086 89.7184066772461
2.0 21.479030999 30.023557662963867 97.74832153320312
3.0 21.479030999 81.81047058105469 118.18112182617188
4.0 21.479030999 81.81047058105469 118.18112182617188
5.0 21.479030999 81.81047058105469 118.18112182617188
6.0 21.479030999 102.510498046875 48.72063064575195
7.0 21.479030999 144.40260314941406 128.24929809570312
8.0 21.479030999 144.40260314941406 128.24929809570312
9.0 21.479030999 150.7117462158203 83.91506958007812
10.0 21.479030999 150.7117462158203 83.91506958007812
11.0 21.479030999 150.7117462158203 83.91506958007812
12.0 21.479030999 168.2556610107422 28.630102157592773
13.0 21.479030999 168.2556610107422 28.630102157592773
14.0 21.479030999 202.76112365722656 153.83636474609375
0.0 21.523097 22.861223220825195 87.17645263671875
1.0 21.523097 22.861223220825195 87.17645263671875
2.0 21.523097 26.250688552856445 95.27752685546875
3.0 21.523097 76.56587982177734 116.37574005126953
4.0 21.523097 76.56587982177734 116.37574005126953
5.0 21.523097 76.56587982177734 116.37574005126953
6.0 21.523097 98.52228546142578 48.62148666381836
7.0 21.523097 137.7709503173828 127.51049041748047
8.0 21.523097 137.7709503173828 127.51049041748047
9.0 21.523097 144.8596649169922 84.2611312866211
10.0 21.523097 144.8596649169922 84.2611312866211
11.0 21.523097 144.8596649169922 84.2611312866211
12.0 21.523097 163.72494506835938 30.369306564331055
13.0 21.523097 163.72494506835938 30.369306564331055
14.0 21.523097 194.891845703125 154.2559051513672
0.0 21.567162 21.327003479003906 84.32886505126953
1.0 21.567162 21.327003479003906 84.32886505126953
2.0 21.567162 24.457212448120117 92.35929107666016
3.0 21.567162 73.48725128173828 114.3143539428711
4.0 21.567162 73.48725128173828 114.3143539428711
5.0 21.567162 73.48725128173828 114.3143539428711
6.0 21.567162 96.8026351928711 48.32529067993164
7.0 21.567162 133.4595489501953 126.6657485961914
8.0 21.567162 133.4595489501953 126.6657485961914
9.0 21.567162 141.41983032226562 84.47331237792969
10.0 21.567162 141.41983032226562 84.47331237792969
11.0 21.567162 141.41983032226562 84.47331237792969
12.0 21.567162 161.50430297851562 32.0095329284668
13.0 21.567162 161.50430297851562 32.0095329284668
14.0 21.567162 189.211181640625 154.70822143554688
0.0 21.611226999 17.941940307617188 82.94551849365234
1.0 21.611226999 17.941940307617188 82.94551849365234
2.0 21.611226999 20.91450309753418 91.02635192871094
3.0 21.611226999 68.94331359863281 113.2086410522461
4.0 21.611226999 68.94331359863281 113.2086410522461
5.0 21.611226999 68.94331359863281 113.2086410522461
6.0 21.611226999 92.80050659179688 48.53401184082031
7.0 21.611226999 127.83734130859375 126.01052856445312
8.0 21.611226999 127.83734130859375 126.01052856445312
9.0 21.611226999 136.0806427001953 84.72061157226562
10.0 21.611226999 136.0806427001953 84.72061157226562
11.0 21.611226999 136.0806427001953 84.72061157226562
12.0 21.611226999 156.77218627929688 33.444278717041016
13.0 21.611226999 156.77218627929688 33.444278717041016
14.0 21.611226999 182.65219116210938 154.4641571044922
0.0 21.655293 14.662406921386719 81.03740692138672
1.0 21.655293 14.662406921386719 81.03740692138672
2.0 21.655293 17.470355987548828 89.09222412109375
3.0 21.655293 64.8425064086914 111.33287048339844
4.0 21.655293 64.8425064086914 111.33287048339844
5.0 21.655293 64.8425064086914 111.33287048339844
6.0 21.655293 89.00553894042969 47.86496353149414
7.0 21.655293 122.77310180664062 124.34443664550781
8.0 21.655293 122.77310180664062 124.34443664550781
9.0 21.655293 131.18386840820312 83.84761810302734
10.0 21.655293 131.18386840820312 83.84761810302734
11.0 21.655293 131.18386840820312 83.84761810302734
12.0 21.655293 152.20167541503906 33.68291473388672
13.0 21.655293 152.20167541503906 33.68291473388672
14.0 21.655293 176.70660400390625 152.99966430664062
0.0 21.699358 11.146282196044922 77.94380187988281
1.0 21.699358 11.146282196044922 77.94380187988281
2.0 21.699358 13.778407096862793 86.04539489746094
3.0 21.699358 60.47723388671875 108.77176666259766
4.0 21.699358 60.47723388671875 108.77176666259766
5.0 21.699358 60.47723388671875 108.77176666259766
6.0 21.699358 85.45967864990234 46.51083755493164
7.0 21.699358 117.44606018066406 122.43353271484375
8.0 21.699358 117.44606018066406 122.43353271484375
9.0 21.699358 126.28572845458984 82.7254867553711
10.0 21.699358 126.28572845458984 82.7254867553711
11.0 21.699358 126.28572845458984 82.7254867553711
12.0 21.699358 148.01390075683594 33.908931732177734
13.0 21.699358 148.01390075683594 33.908931732177734
14.0 21.699358 170.2480926513672 151.68247985839844
0.0 21.743423 9.777045249938965 75.39046478271484
1.0 21.743423 9.777045249938965 75.39046478271484
2.0 21.743423 12.338448524475098 83.50897216796875
3.0 21.743423 58.86838150024414 106.09467315673828
4.0 21.743423 58.86838150024414 106.09467315673828
5.0 21.743423 58.86838150024414 106.09467315673828
6.0 21.743423 83.8803939819336 44.66413497924805
7.0 21.743423 115.32052612304688 119.6368637084961
8.0 21.743423 115.32052612304688 119.6368637084961
9.0 21.743423 124.04979705810547 80.58201599121094
10.0 21.743423 124.04979705810547 80.58201599121094
11.0 21.743423 124.04979705810547 80.58201599121094
12.0 21.743423 145.651123046875 32.724700927734375
13.0 21.743423 145.651123046875 32.724700927734375
14.0 21.743423 167.30743408203125 148.9043426513672
0.0 21.787489 8.899832725524902 70.41915130615234
1.0 21.787489 8.899832725524902 70.41915130615234
2.0 21.787489 11.375486373901367 78.54393768310547
3.0 21.787489 58.394752502441406 100.09364318847656
4.0 21.787489 58.394752502441406 100.09364318847656
5.0 21.787489 58.394752502441406 100.09364318847656
6.0 21.787489 82.74276733398438 39.04230880737305
7.0 21.787489 114.62389373779297 112.75592041015625
8.0 21.787489 114.62389373779297 112.75592041015625
9.0 21.787489 122.82109069824219 74.19821166992188
10.0 21.787489 122.82109069824219 74.19821166992188
11.0 21.787489 122.82109069824219 74.19821166992188
12.0 21.787489 143.81263732910156 27.0790958404541
13.0 21.787489 143.81263732910156 27.0790958404541
14.0 21.787489 166.10150146484375 141.60020446777344
0.0 21.831554 11.849425315856934 65.71234893798828
1.0 21.831554 11.849425315856934 65.71234893798828
2.0 21.831554 14.303208351135254 73.7635726928711
3.0 21.831554 62.409027099609375 93.77998352050781
4.0 21.831554 62.409027099609375 93.77998352050781
5.0 21.831554 62.409027099609375 93.77998352050781
6.0 21.831554 85.5053482055664 32.874671936035156
7.0 21.831554 118.87042236328125 105.13960266113281
8.0 21.831554 118.87042236328125 105.13960266113281
9.0 21.831554 126.12972259521484 66.94717407226562
10.0 21.831554 126.12972259521484 66.94717407226562
11.0 21.831554 126.12972259521484 66.94717407226562
12.0 21.831554 145.90798950195312 20.172168731689453
13.0 21.831554 145.90798950195312 20.172168731689453
14.0 21.831554 169.95468139648438 133.22222900390625
0.0 21.875619999 15.175666809082031 62.63531494140625
1.0 21.875619999 15.175666809082031 62.63531494140625
2.0 21.875619999 17.536745071411133 70.72296142578125
3.0 21.875619999 66.45762634277344 90.3131103515625
4.0 21.875619999 66.45762634277344 90.3131103515625
5.0 21.875619999 66.45762634277344 90.3131103515625
6.0 21.875619999 89.17031860351562 29.609487533569336
7.0 21.875619999 123.07584381103516 101.29827880859375
8.0 21.875619999 123.07584381103516 101.29827880859375
9.0 21.875619999 129.9414825439453 63.38814163208008
10.0 21.875619999 129.9414825439453 63.38814163208008
11.0 21.875619999 129.9414825439453 63.38814163208008
12.0 21.875619999 149.14144897460938 16.999265670776367
13.0 21.875619999 149.14144897460938 16.999265670776367
14.0 21.875619999 173.52391052246094 129.16148376464844
0.0 21.919685 17.226261138916016 61.77326965332031
1.0 21.919685 17.226261138916016 61.77326965332031
2.0 21.919685 19.531435012817383 69.9522933959961
3.0 21.919685 69.09944152832031 89.65580749511719
4.0 21.919685 69.09944152832031 89.65580749511719
5.0 21.919685 69.09944152832031 89.65580749511719
6.0 21.919685 91.79499053955078 29.073692321777344
7.0 21.919685 125.8378677368164 100.67881774902344
8.0 21.919685 125.8378677368164 100.67881774902344
9.0 21.919685 132.6039581298828 63.01552963256836
10.0 21.919685 132.6039581298828 63.01552963256836
11.0 21.919685 132.6039581298828 63.01552963256836
12.0 21.919685 151.51878356933594 16.826412200927734
13.0 21.919685 151.51878356933594 16.826412200927734
14.0 21.919685 175.6175994873047 128.60646057128906
0.0 21.96375 19.973726272583008 60.665096282958984
1.0 21.96375 19.973726272583008 60.665096282958984
2.0 21.96375 22.256305694580078 69.02246856689453
3.0 21.96375 72.68184661865234 88.65525817871094
4.0 21.96375 72.68184661865234 88.65525817871094
5.0 21.96375 72.68184661865234 88.65525817871094
6.0 21.96375 95.22511291503906 27.90247344970703
7.0 21.96375 129.75083923339844 99.54843139648438
8.0 21.96375 129.75083923339844 99.54843139648438
9.0 21.96375 136.25674438476562 62.016483306884766
10.0 21.96375 136.25674438476562 62.016483306884766
11.0 21.96375 136.25674438476562 62.016483306884766
12.0 21.96375 154.75555419921875 15.847677230834961
13.0 21.96375 154.75555419921875 15.847677230834961
14.0 21.96375 178.93692016601562 127.468017578125
0.0 22.007815999 23.933870315551758 60.842445373535156
1.0 22.007815999 23.933870315551758 60.842445373535156
2.0 22.007815999 26.184246063232422 69.39787292480469
3.0 22.007815999 77.64494323730469 89.23926544189453
4.0 22.007815999 77.64494323730469 89.23926544189453
5.0 22.007815999 77.64494323730469 89.23926544189453
6.0 22.007815999 100.11280059814453 28.18136978149414
7.0 22.007815999 135.1601104736328 100.11770629882812
8.0 22.007815999 135.1601104736328 100.11770629882812
9.0 22.007815999 141.4224395751953 62.62214660644531
10.0 22.007815999 141.4224395751953 62.62214660644531
11.0 22.007815999 141.4224395751953 62.62214660644531
12.0 22.007815999 159.4691925048828 16.28857421875
13.0 22.007815999 159.4691925048828 16.28857421875
14.0 22.007815999 183.6318817138672 128.0616912841797
0.0 22.051880999 28.334089279174805 62.14049530029297
1.0 22.051880999 28.334089279174805 62.14049530029297
2.0 22.051880999 30.475244522094727 70.89427185058594
3.0 22.051880999 82.76297760009766 91.9483413696289
4.0 22.051880999 82.76297760009766 91.9483413696289
5.0 22.051880999 82.76297760009766 91.9483413696289
6.0 22.051880999 106.00817108154297 30.664043426513672
7.0 22.051880999 140.47898864746094 103.70560455322266
8.0 22.051880999 140.47898864746094 103.70560455322266
9.0 22.051880999 147.14096069335938 66.26813507080078
10.0 22.051880999 147.14096069335938 66.26813507080078
11.0 22.051880999 147.14096069335938 66.26813507080078
12.0 22.051880999 165.37869262695312 19.76727867126465
13.0 22.051880999 165.37869262695312 19.76727867126465
14.0 22.051880999 188.00157165527344 132.25839233398438
0.0 22.095945999 33.232601165771484 63.90313720703125
1.0 22.095945999 33.232601165771484 63.90313720703125
2.0 22.095945999 35.215476989746094 72.9165267944336
3.0 22.095945999 88.08786010742188 95.68763732910156
4.0 22.095945999 88.08786010742188 95.68763732910156
5.0 22.095945999 88.08786010742188 95.68763732910156
6.0 22.095945999 112.6665267944336 34.28630828857422
7.0 22.095945999 145.93260192871094 108.81111145019531
8.0 22.095945999 145.93260192871094 108.81111145019531
9.0 22.095945999 153.27198791503906 71.42987060546875
10.0 22.095945999 153.27198791503906 71.42987060546875
11.0 22.095945999 153.27198791503906 71.42987060546875
12.0 22.095945999 172.14358520507812 24.864606857299805
13.0 22.095945999 172.14358520507812 24.864606857299805
14.0 22.095945999 192.1223907470703 138.28759765625
0.0 22.140011999 37.03536605834961 65.14580535888672
1.0 22.140011999 37.03536605834961 65.14580535888672
2.0 22.140011999 38.76962661743164 74.52432250976562
3.0 22.140011999 91.88163757324219 99.70752716064453
4.0 22.140011999 91.88163757324219 99.70752716064453
5.0 22.140011999 91.88163757324219 99.70752716064453
6.0 22.140011999 118.5405044555664 38.426422119140625
7.0 22.140011999 149.578125 114.7667465209961
8.0 22.140011999 149.578125 114.7667465209961
9.0 22.140011999 158.1047821044922 77.59886169433594
10.0 22.140011999 158.1047821044922 77.59886169433594
11.0 22.140011999 158.1047821044922 77.59886169433594
12.0 22.140011999 178.22027587890625 31.145503997802734
13.0 22.140011999 178.22027587890625 31.145503997802734
14.0 22.140011999 194.1224822998047 145.51626586914062
0.0 22.184076999 39.61460876464844 64.66038513183594
1.0 22.184076999 39.61460876464844 64.66038513183594
2.0 22.184076999 41.028472900390625 74.4779052734375
3.0 22.184076999 93.87794494628906 102.5099868774414
4.0 22.184076999 93.87794494628906 102.5099868774414
5.0 22.184076999 93.87794494628906 102.5099868774414
6.0 22.184076999 123.42940521240234 41.74286651611328
7.0 22.184076999 151.09788513183594 120.2143325805664
8.0 22.184076999 151.09788513183594 120.2143325805664
9.0 22.184076999 161.2859649658203 83.3797378540039
10.0 22.184076999 161.2859649658203 83.3797378540039
11.0 22.184076999 161.2859649658203 83.3797378540039
12.0 22.184076999 183.38262939453125 37.45949172973633
13.0 22.184076999 183.38262939453125 37.45949172973633
14.0 22.184076999 193.58706665039062 152.6653289794922
0.0 22.228141999 43.377296447753906 63.69695281982422
1.0 22.228141999 43.377296447753906 63.69695281982422
2.0 22.228141999 44.53078079223633 73.83000946044922
3.0 22.228141999 97.45832061767578 104.0959243774414
4.0 22.228141999 97.45832061767578 104.0959243774414
5.0 22.228141999 97.45832061767578 104.0959243774414
6.0 22.228141999 129.07302856445312 43.49351501464844
7.0 22.228141999 154.29086303710938 123.49058532714844
8.0 22.228141999 154.29086303710938 123.49058532714844
9.0 22.228141999 165.68048095703125 86.97197723388672
10.0 22.228141999 165.68048095703125 86.97197723388672
11.0 22.228141999 165.68048095703125 86.97197723388672
12.0 22.228141999 189.1063995361328 41.31108093261719
13.0 22.228141999 189.1063995361328 41.31108093261719
14.0 22.228141999 195.0029296875 157.10675048828125
0.0 22.272207999 48.762046813964844 61.57040786743164
1.0 22.272207999 48.762046813964844 61.57040786743164
2.0 22.272207999 49.534847259521484 72.04053497314453
3.0 22.272207999 102.1117935180664 105.08478546142578
4.0 22.272207999 102.1117935180664 105.08478546142578
5.0 22.272207999 102.1117935180664 105.08478546142578
6.0 22.272207999 136.54786682128906 45.20158767700195
7.0 22.272207999 158.10202026367188 126.92559814453125
8.0 22.272207999 158.10202026367188 126.92559814453125
9.0 22.272207999 171.25404357910156 90.99990844726562
10.0 22.272207999 171.25404357910156 90.99990844726562
11.0 22.272207999 171.25404357910156 90.99990844726562
12.0 22.272207999 196.6449432373047 45.89908981323242
13.0 22.272207999 196.6449432373047 45.89908981323242
14.0 22.272207999 196.50079345703125 162.1123046875
0.0 22.316272999 55.13717269897461 62.36093521118164
1.0 22.316272999 55.13717269897461 62.36093521118164
2.0 22.316272999 55.51845169067383 73.09646606445312
3.0 22.316272999 107.29425048828125 109.4859848022461
4.0 22.316272999 107.29425048828125 109.4859848022461
5.0 22.316272999 107.29425048828125 109.4859848022461
6.0 22.316272999 144.86737060546875 50.56865310668945
7.0 22.316272999 162.07232666015625 133.9847869873047
8.0 22.316272999 162.07232666015625 133.9847869873047
9.0 22.316272999 177.1805419921875 98.7728271484375
10.0 22.316272999 177.1805419921875 98.7728271484375
11.0 22.316272999 177.1805419921875 98.7728271484375
12.0 22.316272999 204.7034912109375 54.43618392944336
13.0 22.316272999 204.7034912109375 54.43618392944336
14.0 22.316272999 197.7963104248047 170.56422424316406
0.0 22.360339 61.26408386230469 60.22784423828125
1.0 22.360339 61.26408386230469 60.22784423828125
2.0 22.360339 61.14680099487305 71.33599853515625
3.0 22.360339 111.72673034667969 110.95726776123047
4.0 22.360339 111.72673034667969 110.95726776123047
5.0 22.360339 111.72673034667969 110.95726776123047
6.0 22.360339 152.8283233642578 53.47676467895508
7.0 22.360339 164.9019317626953 138.2200164794922
8.0 22.360339 164.9019317626953 138.2200164794922
9.0 22.360339 182.199951171875 104.11183166503906
10.0 22.360339 182.199951171875 104.11183166503906
11.0 22.360339 182.199951171875 104.11183166503906
12.0 22.360339 212.41293334960938 61.00251388549805
13.0 22.360339 212.41293334960938 61.00251388549805
14.0 22.360339 197.10736083984375 208.69540405273438
0.0 22.404403999 63.00057601928711 66.23202514648438
1.0 22.404403999 63.00057601928711 66.23202514648438
2.0 22.404403999 62.620670318603516 77.63115692138672
3.0 22.404403999 112.60648345947266 119.48176574707031
4.0 22.404403999 112.60648345947266 119.48176574707031
5.0 22.404403999 112.60648345947266 119.48176574707031
6.0 22.404403999 155.66448974609375 62.47338104248047
7.0 22.404403999 164.73562622070312 147.84678649902344
8.0 22.404403999 164.73562622070312 147.84678649902344
9.0 22.404403999 183.22979736328125 114.38728332519531
10.0 22.404403999 183.22979736328125 114.38728332519531
11.0 22.404403999 183.22979736328125 114.38728332519531
12.0 22.404403999 214.9850311279297 71.48136901855469
13.0 22.404403999 214.9850311279297 71.48136901855469
14.0 22.404403999 199.2001495361328 240.96058654785156
0.0 22.448468999 61.30445098876953 72.78411102294922
1.0 22.448468999 61.30445098876953 72.78411102294922
2.0 22.448468999 60.5968132019043 84.56336975097656
3.0 22.448468999 110.529296875 127.6051254272461
4.0 22.448468999 110.529296875 127.6051254272461
5.0 22.448468999 110.529296875 127.6051254272461
6.0 22.448468999 154.73892211914062 70.58789825439453
7.0 22.448468999 162.21034240722656 156.23336791992188
8.0 22.448468999 162.21034240722656 156.23336791992188
9.0 22.448468999 181.2624969482422 123.15398406982422
10.0 22.448468999 181.2624969482422 123.15398406982422
11.0 22.448468999 181.2624969482422 123.15398406982422
12.0 22.448468999 214.05625915527344 80.02608489990234
13.0 22.448468999 214.05625915527344 80.02608489990234
14.0 22.448468999 185.4534454345703 335.1824645996094
0.0 22.492535 59.127994537353516 78.9583969116211
1.0 22.492535 59.127994537353516 78.9583969116211
2.0 22.492535 58.138763427734375 91.04908752441406
3.0 22.492535 108.09954071044922 135.15992736816406
4.0 22.492535 108.09954071044922 135.15992736816406
5.0 22.492535 108.09954071044922 135.15992736816406
6.0 22.492535 153.39056396484375 78.1551284790039
7.0 22.492535 159.36392211914062 163.90199279785156
8.0 22.492535 159.36392211914062 163.90199279785156
9.0 22.492535 179.0235595703125 131.2240753173828
10.0 22.492535 179.0235595703125 131.2240753173828
11.0 22.492535 179.0235595703125 131.2240753173828
12.0 22.492535 212.73526000976562 87.93363952636719
13.0 22.492535 212.73526000976562 87.93363952636719
14.0 22.492535 181.99514770507812 368.31597900390625
0.0 22.5366 58.54454803466797 81.49898529052734
1.0 22.5366 58.54454803466797 81.49898529052734
2.0 22.5366 57.33186721801758 93.86611938476562
3.0 22.5366 107.56358337402344 138.8241729736328
4.0 22.5366 107.56358337402344 138.8241729736328
5.0 22.5366 107.56358337402344 138.8241729736328
6.0 22.5366 153.7746124267578 81.72303771972656
7.0 22.5366 158.52734375 167.71945190429688
8.0 22.5366 158.52734375 167.71945190429688
9.0 22.5366 178.7735137939453 135.4031982421875
10.0 22.5366 178.7735137939453 135.4031982421875
11.0 22.5366 178.7735137939453 135.4031982421875
12.0 22.5366 213.31939697265625 91.95730590820312
13.0 22.5366 213.31939697265625 91.95730590820312
14.0 22.5366 180.99371337890625 400.18463134765625
0.0 22.580665 58.63707733154297 80.64430236816406
1.0 22.580665 58.63707733154297 80.64430236816406
2.0 22.580665 57.21895217895508 93.3050765991211
3.0 22.580665 108.0778579711914 138.7154998779297
4.0 22.580665 108.0778579711914 138.7154998779297
5.0 22.580665 108.0778579711914 138.7154998779297
6.0 22.580665 155.03826904296875 81.2635269165039
7.0 22.580665 159.03892517089844 167.64720153808594
8.0 22.580665 159.03892517089844 167.64720153808594
9.0 22.580665 179.6173858642578 135.54299926757812
10.0 22.580665 179.6173858642578 135.54299926757812
11.0 22.580665 179.6173858642578 135.54299926757812
12.0 22.580665 214.9105682373047 91.89756774902344
13.0 22.580665 214.9105682373047 91.89756774902344
14.0 22.580665 182.85919189453125 431.3286437988281
0.0 22.624731 59.23875427246094 78.07267761230469
1.0 22.624731 59.23875427246094 78.07267761230469
2.0 22.624731 57.58863830566406 91.0198974609375
3.0 22.624731 109.17198181152344 136.85000610351562
4.0 22.624731 109.17198181152344 136.85000610351562
5.0 22.624731 109.17198181152344 136.85000610351562
6.0 22.624731 156.81332397460938 78.90727233886719
7.0 22.624731 160.1106414794922 165.8040771484375
8.0 22.624731 160.1106414794922 165.8040771484375
9.0 22.624731 181.00070190429688 133.83432006835938
10.0 22.624731 181.00070190429688 133.83432006835938
11.0 22.624731 181.00070190429688 133.83432006835938
12.0 22.624731 217.05682373046875 89.99369812011719
13.0 22.624731 217.05682373046875 89.99369812011719
14.0 22.624731 187.109619140625 462.384765625
0.0 22.668796 61.46146011352539 70.51478576660156
1.0 22.668796 61.46146011352539 70.51478576660156
2.0 22.668796 59.36882400512695 83.822265625
3.0 22.668796 109.96917724609375 131.7048797607422
4.0 22.668796 109.96917724609375 131.7048797607422
5.0 22.668796 109.96917724609375 131.7048797607422
6.0 22.668796 160.3809814453125 75.06425476074219
7.0 22.668796 159.81503295898438 162.56675720214844
8.0 22.668796 159.81503295898438 162.56675720214844
9.0 22.668796 182.18011474609375 131.5166015625
10.0 22.668796 182.18011474609375 131.5166015625
11.0 22.668796 182.18011474609375 131.5166015625
12.0 22.668796 220.4280242919922 89.12490844726562
13.0 22.668796 220.4280242919922 89.12490844726562
14.0 22.668796 188.55484008789062 493.4991455078125
0.0 22.712862 65.2818832397461 63.47611999511719
1.0 22.712862 65.2818832397461 63.47611999511719
2.0 22.712862 62.55860137939453 77.03575897216797
3.0 22.712862 111.57682037353516 127.44983673095703
4.0 22.712862 111.57682037353516 127.44983673095703
5.0 22.712862 111.57682037353516 127.44983673095703
6.0 22.712862 165.2312774658203 72.80120086669922
7.0 22.712862 159.9401092529297 160.67076110839844
8.0 22.712862 159.9401092529297 160.67076110839844
9.0 22.712862 183.9566192626953 130.8852996826172
10.0 22.712862 183.9566192626953 130.8852996826172
11.0 22.712862 183.9566192626953 130.8852996826172
12.0 22.712862 224.6864471435547 90.64291381835938
13.0 22.712862 224.6864471435547 90.64291381835938
14.0 22.712862 186.17251586914062 525.6895751953125
0.0 22.756927 68.615478515625 56.52707290649414
1.0 22.756927 68.615478515625 56.52707290649414
2.0 22.756927 65.50236511230469 70.33061981201172
3.0 22.756927 113.84003448486328 122.24980926513672
4.0 22.756927 113.84003448486328 122.24980926513672
5.0 22.756927 113.84003448486328 122.24980926513672
6.0 22.756927 169.49017333984375 68.69821166992188
7.0 22.756927 161.36566162109375 156.86471557617188
8.0 22.756927 161.36566162109375 156.86471557617188
9.0 22.756927 186.364013671875 127.96626281738281
10.0 22.756927 186.364013671875 127.96626281738281
11.0 22.756927 186.364013671875 127.96626281738281
12.0 22.756927 228.54049682617188 88.94465637207031
13.0 22.756927 228.54049682617188 88.94465637207031
14.0 22.756927 187.5222930908203 557.2345581054688
0.0 22.800992 70.82720184326172 48.22298049926758
1.0 22.800992 70.82720184326172 48.22298049926758
2.0 22.800992 67.48489379882812 62.33106231689453
3.0 22.800992 116.13821411132812 114.72889709472656
4.0 22.800992 116.13821411132812 114.72889709472656
5.0 22.800992 116.13821411132812 114.72889709472656
6.0 22.800992 172.7176055908203 61.38290786743164
7.0 22.800992 163.5312957763672 150.02391052246094
8.0 22.800992 163.5312957763672 150.02391052246094
9.0 22.800992 188.90904235839844 121.56464385986328
10.0 22.800992 188.90904235839844 121.56464385986328
11.0 22.800992 188.90904235839844 121.56464385986328
12.0 22.800992 231.8196258544922 83.16716766357422
13.0 22.800992 231.8196258544922 83.16716766357422
14.0 22.800992 183.4988250732422 587.963623046875
0.0 22.845057999 71.29486846923828 40.74403762817383
1.0 22.845057999 71.29486846923828 40.74403762817383
2.0 22.845057999 67.60271453857422 55.07160568237305
3.0 22.845057999 116.36289978027344 108.16312408447266
4.0 22.845057999 116.36289978027344 108.16312408447266
5.0 22.845057999 116.36289978027344 108.16312408447266
6.0 22.845057999 174.00894165039062 55.09014129638672
7.0 22.845057999 163.61572265625 144.23699951171875
8.0 22.845057999 163.61572265625 144.23699951171875
9.0 22.845057999 189.3961639404297 116.08963775634766
10.0 22.845057999 189.3961639404297 116.08963775634766
11.0 22.845057999 189.3961639404297 116.08963775634766
12.0 22.845057999 233.08348083496094 78.45586395263672
13.0 22.845057999 233.08348083496094 78.45586395263672
14.0 22.845057999 108.6688232421875 616.5491943359375
0.0 22.889122999 72.80897521972656 35.02789306640625
1.0 22.889122999 72.80897521972656 35.02789306640625
2.0 22.889122999 69.00035858154297 49.571937561035156
3.0 22.889122999 118.56526184082031 102.62638854980469
4.0 22.889122999 118.56526184082031 102.62638854980469
5.0 22.889122999 118.56526184082031 102.62638854980469
6.0 22.889122999 176.26234436035156 49.09666442871094
7.0 22.889122999 166.19374084472656 138.8553009033203
8.0 22.889122999 166.19374084472656 138.8553009033203
9.0 22.889122999 191.79037475585938 110.71939086914062
10.0 22.889122999 191.79037475585938 110.71939086914062
11.0 22.889122999 191.79037475585938 110.71939086914062
12.0 22.889122999 235.81756591796875 72.79878997802734
13.0 22.889122999 235.81756591796875 72.79878997802734
14.0 22.889122999 110.41875457763672 647.5275268554688
0.0 22.933188 74.11891174316406 27.41028594970703
1.0 22.933188 74.11891174316406 27.41028594970703
2.0 22.933188 70.20748138427734 42.102577209472656
3.0 22.933188 120.54621124267578 95.00296783447266
4.0 22.933188 120.54621124267578 95.00296783447266
5.0 22.933188 120.54621124267578 95.00296783447266
6.0 22.933188 178.29623413085938 41.138484954833984
7.0 22.933188 168.59402465820312 131.53408813476562
8.0 22.933188 168.59402465820312 131.53408813476562
9.0 22.933188 193.99728393554688 103.33012390136719
10.0 22.933188 193.99728393554688 103.33012390136719
11.0 22.933188 193.99728393554688 103.33012390136719
12.0 22.933188 238.39739990234375 67.0781021118164
13.0 22.933188 238.39739990234375 67.0781021118164
14.0 22.933188 110.60016632080078 678.817138671875
0.0 22.977253999 75.6616439819336 24.759824752807617
1.0 22.977253999 75.6616439819336 24.759824752807617
2.0 22.977253999 71.70050048828125 39.4796257019043
3.0 22.977253999 122.70088958740234 92.19356536865234
4.0 22.977253999 122.70088958740234 92.19356536865234
5.0 22.977253999 122.70088958740234 92.19356536865234
6.0 22.977253999 180.06402587890625 37.834259033203125
7.0 22.977253999 171.1821746826172 128.77935791015625
8.0 22.977253999 171.1821746826172 128.77935791015625
9.0 22.977253999 196.24330139160156 100.3638916015625
10.0 22.977253999 196.24330139160156 100.3638916015625
11.0 22.977253999 196.24330139160156 100.3638916015625
12.0 22.977253999 240.49655151367188 63.54075622558594
13.0 22.977253999 240.49655151367188 63.54075622558594
14.0 22.977253999 111.58322143554688 710.20361328125
0.0 23.021318999 76.81245422363281 26.437026977539062
1.0 23.021318999 76.81245422363281 26.437026977539062
2.0 23.021318999 72.9283676147461 41.16708755493164
3.0 23.021318999 124.55154418945312 93.49858093261719
4.0 23.021318999 124.55154418945312 93.49858093261719
5.0 23.021318999 124.55154418945312 93.49858093261719
6.0 23.021318999 180.9193115234375 38.22735595703125
7.0 23.021318999 173.6287078857422 129.7762908935547
8.0 23.021318999 173.6287078857422 129.7762908935547
9.0 23.021318999 198.0034942626953 100.9237289428711
10.0 23.021318999 198.0034942626953 100.9237289428711
11.0 23.021318999 198.0034942626953 100.9237289428711
12.0 23.021318999 242.3481903076172 60.891578674316406
13.0 23.021318999 242.3481903076172 60.891578674316406
14.0 23.021318999 112.31281280517578 740.6355590820312
0.0 23.065383999 78.95018005371094 32.26298141479492
1.0 23.065383999 78.95018005371094 32.26298141479492
2.0 23.065383999 75.40276336669922 46.85888671875
3.0 23.065383999 128.17361450195312 98.0400161743164
4.0 23.065383999 128.17361450195312 98.0400161743164
5.0 23.065383999 128.17361450195312 98.0400161743164
6.0 23.065383999 182.3548583984375 41.148319244384766
7.0 23.065383999 178.17555236816406 133.1298065185547
8.0 23.065383999 178.17555236816406 133.1298065185547
9.0 23.065383999 201.36483764648438 103.44622802734375
10.0 23.065383999 201.36483764648438 103.44622802734375
11.0 23.065383999 201.36483764648438 103.44622802734375
12.0 23.065383999 298.71343994140625 54.58642578125
13.0 23.065383999 298.71343994140625 54.58642578125
14.0 23.065383999 111.99895477294922 771.72216796875
0.0 23.109449999 79.02107238769531 37.96327209472656
1.0 23.109449999 79.02107238769531 37.96327209472656
2.0 23.109449999 75.93312072753906 52.43770980834961
3.0 23.109449999 130.59597778320312 101.2225341796875
4.0 23.109449999 130.59597778320312 101.2225341796875
5.0 23.109449999 130.59597778320312 101.2225341796875
6.0 23.109449999 181.4187774658203 42.095703125
7.0 23.109449999 182.05552673339844 134.19427490234375
8.0 23.109449999 182.05552673339844 134.19427490234375
9.0 23.109449999 203.42315673828125 103.34100341796875
10.0 23.109449999 203.42315673828125 103.34100341796875
11.0 23.109449999 203.42315673828125 103.34100341796875
12.0 23.109449999 322.57464599609375 52.22919464111328
13.0 23.109449999 322.57464599609375 52.22919464111328
14.0 23.109449999 115.50332641601562 802.1394653320312
0.0 23.153514999 78.68243408203125 41.434852600097656
1.0 23.153514999 78.68243408203125 41.434852600097656
2.0 23.153514999 76.11698913574219 55.652095794677734
3.0 23.153514999 132.4611053466797 101.75666809082031
4.0 23.153514999 132.4611053466797 101.75666809082031
5.0 23.153514999 132.4611053466797 101.75666809082031
6.0 23.153514999 179.61968994140625 40.83788299560547
7.0 23.153514999 185.23391723632812 132.52830505371094
8.0 23.153514999 185.23391723632812 132.52830505371094
9.0 23.153514999 204.65304565429688 100.58679962158203
10.0 23.153514999 204.65304565429688 100.58679962158203
11.0 23.153514999 204.65304565429688 100.58679962158203
12.0 23.153514999 340.2821350097656 40.07253646850586
13.0 23.153514999 340.2821350097656 40.07253646850586
14.0 23.153514999 117.39741516113281 832.5587158203125
0.0 23.197580999 79.2916488647461 40.00376892089844
1.0 23.197580999 79.2916488647461 40.00376892089844
2.0 23.197580999 77.21731567382812 53.84663772583008
3.0 23.197580999 135.4468536376953 96.4532241821289
4.0 23.197580999 135.4468536376953 96.4532241821289
5.0 23.197580999 135.4468536376953 96.4532241821289
6.0 23.197580999 178.37448120117188 33.95757293701172
7.0 23.197580999 189.5223846435547 124.76924133300781
8.0 23.197580999 189.5223846435547 124.76924133300781
9.0 23.197580999 206.79884338378906 91.91876220703125
10.0 23.197580999 206.79884338378906 91.91876220703125
11.0 23.197580999 206.79884338378906 91.91876220703125
12.0 23.197580999 361.2768249511719 29.89069366455078
13.0 23.197580999 361.2768249511719 29.89069366455078
14.0 23.197580999 119.40574645996094 862.8648071289062
0.0 23.241645999 81.86813354492188 40.12796401977539
1.0 23.241645999 81.86813354492188 40.12796401977539
2.0 23.241645999 80.26551818847656 53.56484603881836
3.0 23.241645999 139.41746520996094 93.41151428222656
4.0 23.241645999 139.41746520996094 93.41151428222656
5.0 23.241645999 139.41746520996094 93.41151428222656
6.0 23.241645999 178.85903930664062 30.22462272644043
7.0 23.241645999 194.36392211914062 119.83659362792969
8.0 23.241645999 194.36392211914062 119.83659362792969
9.0 23.241645999 209.71917724609375 86.43984985351562
10.0 23.241645999 209.71917724609375 86.43984985351562
11.0 23.241645999 209.71917724609375 86.43984985351562
12.0 23.241645999 384.6715393066406 23.995996475219727
13.0 23.241645999 384.6715393066406 23.995996475219727
14.0 23.241645999 119.70936584472656 892.0834350585938
0.0 23.285710999 87.06521606445312 43.1029167175293
1.0 23.285710999 87.06521606445312 43.1029167175293
2.0 23.285710999 85.99036407470703 55.95149230957031
3.0 23.285710999 146.26414489746094 92.40260314941406
4.0 23.285710999 146.26414489746094 92.40260314941406
5.0 23.285710999 146.26414489746094 92.40260314941406
6.0 23.285710999 181.34060668945312 28.277149200439453
7.0 23.285710999 202.1627197265625 116.31614685058594
8.0 23.285710999 202.1627197265625 116.31614685058594
9.0 23.285710999 215.1764678955078 82.15377807617188
10.0 23.285710999 215.1764678955078 82.15377807617188
11.0 23.285710999 215.1764678955078 82.15377807617188
12.0 23.285710999 413.6959533691406 23.877647399902344
13.0 23.285710999 413.6959533691406 23.877647399902344
14.0 23.285710999 112.44746398925781 919.2625732421875
0.0 23.329777 90.54884338378906 45.318992614746094
1.0 23.329777 90.54884338378906 45.318992614746094
2.0 23.329777 90.05488586425781 57.69939041137695
3.0 23.329777 151.9542999267578 89.64179992675781
4.0 23.329777 151.9542999267578 89.64179992675781
5.0 23.329777 151.9542999267578 89.64179992675781
6.0 23.329777 181.6559295654297 24.230972290039062
7.0 23.329777 209.1634063720703 110.02084350585938
8.0 23.329777 209.1634063720703 110.02084350585938
9.0 23.329777 219.1800079345703 74.96588897705078
10.0 23.329777 219.1800079345703 74.96588897705078
11.0 23.329777 219.1800079345703 74.96588897705078
12.0 23.329777 433.8323059082031 11.947532653808594
13.0 23.329777 433.8323059082031 11.947532653808594
14.0 23.329777 113.09931945800781 946.3997192382812
0.0 23.373842 88.93070983886719 47.817108154296875
1.0 23.373842 88.93070983886719 47.817108154296875
2.0 23.373842 88.9995346069336 59.77542495727539
3.0 23.373842 152.0736083984375 86.71150970458984
4.0 23.373842 152.0736083984375 86.71150970458984
5.0 23.373842 152.0736083984375 86.71150970458984
6.0 23.373842 176.36004638671875 20.100996017456055
7.0 23.373842 210.69882202148438 102.95862579345703
8.0 23.373842 210.69882202148438 102.95862579345703
9.0 23.373842 217.40325927734375 67.07096862792969
10.0 23.373842 217.40325927734375 67.07096862792969
11.0 23.373842 217.40325927734375 67.07096862792969
12.0 23.373842 510.3581237792969 87.62425231933594
13.0 23.373842 510.3581237792969 87.62425231933594
14.0 23.373842 112.42848205566406 976.1005859375
0.0 23.417907 90.93212127685547 54.937049865722656
1.0 23.417907 90.93212127685547 54.937049865722656
2.0 23.417907 91.59471893310547 66.38768768310547
3.0 23.417907 155.92486572265625 87.72102355957031
4.0 23.417907 155.92486572265625 87.72102355957031
5.0 23.417907 155.92486572265625 87.72102355957031
6.0 23.417907 174.0020294189453 19.918659210205078
7.0 23.417907 215.9102325439453 99.0818099975586
8.0 23.417907 215.9102325439453 99.0818099975586
9.0 23.417907 218.57371520996094 62.40991973876953
10.0 23.417907 218.57371520996094 62.40991973876953
11.0 23.417907 218.57371520996094 62.40991973876953
12.0 23.417907 537.0713500976562 83.639404296875
13.0 23.417907 537.0713500976562 83.639404296875
14.0 23.417907 113.41007232666016 1004.2332153320312
0.0 23.461973 86.57516479492188 55.15266036987305
1.0 23.461973 86.57516479492188 55.15266036987305
2.0 23.461973 87.61151123046875 66.20270538330078
3.0 23.461973 152.49185180664062 82.62511444091797
4.0 23.461973 152.49185180664062 82.62511444091797
5.0 23.461973 152.49185180664062 82.62511444091797
6.0 23.461973 165.4486541748047 14.29763126373291
7.0 23.461973 213.444091796875 89.72265625
8.0 23.461973 213.444091796875 89.72265625
9.0 23.461973 212.7706756591797 52.67884826660156
10.0 23.461973 212.7706756591797 52.67884826660156
11.0 23.461973 212.7706756591797 52.67884826660156
12.0 23.461973 568.5580444335938 78.1656494140625
13.0 23.461973 568.5580444335938 78.1656494140625
14.0 23.461973 114.1001968383789 1033.8970947265625
0.0 23.506038 85.57342529296875 60.25642395019531
1.0 23.506038 85.57342529296875 60.25642395019531
2.0 23.506038 86.96129608154297 70.89849090576172
3.0 23.506038 151.9539031982422 82.85358428955078
4.0 23.506038 151.9539031982422 82.85358428955078
5.0 23.506038 151.9539031982422 82.85358428955078
6.0 23.506038 160.0585174560547 14.197310447692871
7.0 23.506038 213.57289123535156 85.8176498413086
8.0 23.506038 213.57289123535156 85.8176498413086
9.0 23.506038 209.5292510986328 48.48588562011719
10.0 23.506038 209.5292510986328 48.48588562011719
11.0 23.506038 209.5292510986328 48.48588562011719
12.0 23.506038 596.9500122070312 79.90306854248047
13.0 23.506038 596.9500122070312 79.90306854248047
14.0 23.506038 113.99932098388672 1064.466552734375
0.0 23.550103 77.18041229248047 65.92052459716797
1.0 23.550103 77.18041229248047 65.92052459716797
2.0 23.550103 78.9048843383789 76.1385726928711
3.0 23.550103 143.63186645507812 83.29853820800781
4.0 23.550103 143.63186645507812 83.29853820800781
5.0 23.550103 143.63186645507812 83.29853820800781
6.0 23.550103 146.7812957763672 14.515408515930176
7.0 23.550103 205.6075439453125 81.5108642578125
8.0 23.550103 205.6075439453125 81.5108642578125
9.0 23.550103 198.0118408203125 44.17570114135742
10.0 23.550103 198.0118408203125 44.17570114135742
11.0 23.550103 198.0118408203125 44.17570114135742
12.0 23.550103 624.4860229492188 82.58072662353516
13.0 23.550103 624.4860229492188 82.58072662353516
14.0 23.550103 112.99828338623047 1095.507568359375
0.0 23.594169 75.52259063720703 68.62427520751953
1.0 23.594169 75.52259063720703 68.62427520751953
2.0 23.594169 77.50230407714844 78.50720977783203
3.0 23.594169 141.5634765625 81.34069061279297
4.0 23.594169 141.5634765625 81.34069061279297
5.0 23.594169 141.5634765625 81.34069061279297
6.0 23.594169 140.05662536621094 12.858258247375488
7.0 23.594169 203.4915771484375 75.25883483886719
8.0 23.594169 203.4915771484375 75.25883483886719
9.0 23.594169 192.6400909423828 38.31144714355469
10.0 23.594169 192.6400909423828 38.31144714355469
11.0 23.594169 192.6400909423828 38.31144714355469
12.0 23.594169 653.798095703125 88.37774658203125
13.0 23.594169 653.798095703125 88.37774658203125
14.0 23.594169 113.3724365234375 1126.94384765625
0.0 23.638234 75.42378234863281 73.65715789794922
1.0 23.638234 75.42378234863281 73.65715789794922
2.0 23.638234 77.57133483886719 83.19437408447266
3.0 23.638234 140.68844604492188 83.20793914794922
4.0 23.638234 140.68844604492188 83.20793914794922
5.0 23.638234 140.68844604492188 83.20793914794922
6.0 23.638234 135.96327209472656 15.20850658416748
7.0 23.638234 202.36248779296875 74.18519592285156
8.0 23.638234 202.36248779296875 74.18519592285156
9.0 23.638234 189.11056518554688 37.590702056884766
10.0 23.638234 189.11056518554688 37.590702056884766
11.0 23.638234 189.11056518554688 37.590702056884766
12.0 23.638234 683.2219848632812 84.03883361816406
13.0 23.638234 683.2219848632812 84.03883361816406
14.0 23.638234 109.148193359375 1157.94873046875
0.0 23.682299999 77.14803314208984 73.48778533935547
1.0 23.682299999 77.14803314208984 73.48778533935547
2.0 23.682299999 79.35293579101562 82.71322631835938
3.0 23.682299999 141.57940673828125 81.21887969970703
4.0 23.682299999 141.57940673828125 81.21887969970703
5.0 23.682299999 141.57940673828125 81.21887969970703
6.0 23.682299999 134.94522094726562 13.759903907775879
7.0 23.682299999 202.97251892089844 70.50230407714844
8.0 23.682299999 202.97251892089844 70.50230407714844
9.0 23.682299999 188.26768493652344 34.29795837402344
10.0 23.682299999 188.26768493652344 34.29795837402344
11.0 23.682299999 188.26768493652344 34.29795837402344
12.0 23.682299999 710.0571899414062 126.84249114990234
13.0 23.682299999 710.0571899414062 126.84249114990234
14.0 23.682299999 113.14229583740234 1189.015380859375
0.0 23.726365 78.61354064941406 73.7170639038086
1.0 23.726365 78.61354064941406 73.7170639038086
2.0 23.726365 80.81141662597656 82.76585388183594
3.0 23.726365 141.9618682861328 80.9757080078125
4.0 23.726365 141.9618682861328 80.9757080078125
5.0 23.726365 141.9618682861328 80.9757080078125
6.0 23.726365 134.89535522460938 13.930912971496582
7.0 23.726365 203.17462158203125 69.76533508300781
8.0 23.726365 203.17462158203125 69.76533508300781
9.0 23.726365 187.9049835205078 33.67615509033203
10.0 23.726365 187.9049835205078 33.67615509033203
11.0 23.726365 187.9049835205078 33.67615509033203
12.0 23.726365 736.9336547851562 125.86070251464844
13.0 23.726365 736.9336547851562 125.86070251464844
14.0 23.726365 113.38603973388672 1220.909912109375
0.0 23.77043 77.98137664794922 74.58639526367188
1.0 23.77043 77.98137664794922 74.58639526367188
2.0 23.77043 80.10794830322266 83.49620819091797
3.0 23.77043 139.97967529296875 82.52361297607422
4.0 23.77043 139.97967529296875 82.52361297607422
5.0 23.77043 139.97967529296875 82.52361297607422
6.0 23.77043 133.9304962158203 15.72545337677002
7.0 23.77043 201.2819366455078 71.95735168457031
8.0 23.77043 201.2819366455078 71.95735168457031
9.0 23.77043 186.36203002929688 35.729679107666016
10.0 23.77043 186.36203002929688 35.729679107666016
11.0 23.77043 186.36203002929688 35.729679107666016
12.0 23.77043 765.0471801757812 122.16148376464844
13.0 23.77043 765.0471801757812 122.16148376464844
14.0 23.77043 113.58061218261719 1252.7294921875
0.0 23.814495999 76.49193572998047 78.27220916748047
1.0 23.814495999 76.49193572998047 78.27220916748047
2.0 23.814495999 78.60839080810547 87.02529907226562
3.0 23.814495999 137.3357391357422 85.69074249267578
4.0 23.814495999 137.3357391357422 85.69074249267578
5.0 23.814495999 137.3357391357422 85.69074249267578
6.0 23.814495999 130.77560424804688 19.136905670166016
7.0 23.814495999 198.36541748046875 74.33334350585938
8.0 23.814495999 198.36541748046875 74.33334350585938
9.0 23.814495999 182.93333435058594 38.28561782836914
10.0 23.814495999 182.93333435058594 38.28561782836914
11.0 23.814495999 182.93333435058594 38.28561782836914
12.0 23.814495999 792.75732421875 122.25154876708984
13.0 23.814495999 792.75732421875 122.25154876708984
14.0 23.814495999 111.77920532226562 1285.096923828125
0.0 23.858560999 75.5492935180664 80.03407287597656
1.0 23.858560999 75.5492935180664 80.03407287597656
2.0 23.858560999 77.67546844482422 88.67826080322266
3.0 23.858560999 135.3476104736328 87.62288665771484
4.0 23.858560999 135.3476104736328 87.62288665771484
5.0 23.858560999 135.3476104736328 87.62288665771484
6.0 23.858560999 129.0487823486328 21.12947654724121
7.0 23.858560999 196.3305206298828 76.22066497802734
8.0 23.858560999 196.3305206298828 76.22066497802734
9.0 23.858560999 180.8004913330078 40.115440368652344
10.0 23.858560999 180.8004913330078 40.115440368652344
11.0 23.858560999 180.8004913330078 40.115440368652344
12.0 23.858560999 820.729248046875 120.44173431396484
13.0 23.858560999 820.729248046875 120.44173431396484
14.0 23.858560999 112.17675018310547 1317.076416015625
0.0 23.902625999 74.22460174560547 82.77090454101562
1.0 23.902625999 74.22460174560547 82.77090454101562
2.0 23.902625999 76.29885864257812 91.4271240234375
3.0 23.902625999 133.0409393310547 91.35260009765625
4.0 23.902625999 133.0409393310547 91.35260009765625
5.0 23.902625999 133.0409393310547 91.35260009765625
6.0 23.902625999 127.7728042602539 24.654428482055664
7.0 23.902625999 194.15640258789062 80.56073760986328
8.0 23.902625999 194.15640258789062 80.56073760986328
9.0 23.902625999 179.07559204101562 44.246986389160156
10.0 23.902625999 179.07559204101562 44.246986389160156
11.0 23.902625999 179.07559204101562 44.246986389160156
12.0 23.902625999 846.1924438476562 126.07504272460938
13.0 23.902625999 846.1924438476562 126.07504272460938
14.0 23.902625999 110.6966781616211 1349.232177734375
0.0 23.946691999 73.42807006835938 86.268798828125
1.0 23.946691999 73.42807006835938 86.268798828125
2.0 23.946691999 75.51954650878906 94.91734313964844
3.0 23.946691999 131.60069274902344 95.49081420898438
4.0 23.946691999 131.60069274902344 95.49081420898438
5.0 23.946691999 131.60069274902344 95.49081420898438
6.0 23.946691999 126.81112670898438 28.38811492919922
7.0 23.946691999 192.9454345703125 84.9383316040039
8.0 23.946691999 192.9454345703125 84.9383316040039
9.0 23.946691999 177.95286560058594 48.353755950927734
10.0 23.946691999 177.95286560058594 48.353755950927734
11.0 23.946691999 177.95286560058594 48.353755950927734
12.0 23.946691999 872.78857421875 131.13816833496094
13.0 23.946691999 872.78857421875 131.13816833496094
14.0 23.946691999 112.04459381103516 1381.8759765625
0.0 23.990756999 72.43630981445312 92.38839721679688
1.0 23.990756999 72.43630981445312 92.38839721679688
2.0 23.990756999 74.54004669189453 101.08843231201172
3.0 23.990756999 130.23175048828125 102.13304901123047
4.0 23.990756999 130.23175048828125 102.13304901123047
5.0 23.990756999 130.23175048828125 102.13304901123047
6.0 23.990756999 125.61885833740234 34.311214447021484
7.0 23.990756999 191.95037841796875 91.39495849609375
8.0 23.990756999 191.95037841796875 91.39495849609375
9.0 23.990756999 176.78273010253906 54.494041442871094
10.0 23.990756999 176.78273010253906 54.494041442871094
11.0 23.990756999 176.78273010253906 54.494041442871094
12.0 23.990756999 890.8873291015625 129.34669494628906
13.0 23.990756999 890.8873291015625 129.34669494628906
14.0 23.990756999 92.98136901855469 1399.560302734375
0.0 24.034822999 71.86942291259766 98.38981628417969
1.0 24.034822999 71.86942291259766 98.38981628417969
2.0 24.034822999 74.04524993896484 107.22069549560547
3.0 24.034822999 129.7052764892578 108.71455383300781
4.0 24.034822999 129.7052764892578 108.71455383300781
5.0 24.034822999 129.7052764892578 108.71455383300781
6.0 24.034822999 124.98291015625 39.893341064453125
7.0 24.034822999 192.00656127929688 97.79315185546875
8.0 24.034822999 192.00656127929688 97.79315185546875
9.0 24.034822999 176.5059051513672 60.45065689086914
10.0 24.034822999 176.5059051513672 60.45065689086914
11.0 24.034822999 176.5059051513672 60.45065689086914
12.0 24.034822999 915.0463256835938 137.0377960205078
13.0 24.034822999 915.0463256835938 137.0377960205078
14.0 24.034822999 96.73035430908203 1425.98779296875
0.0 24.078887999 70.12222290039062 102.17367553710938
1.0 24.078887999 70.12222290039062 102.17367553710938
2.0 24.078887999 72.3187026977539 111.16532135009766
3.0 24.078887999 128.20376586914062 113.72815704345703
4.0 24.078887999 128.20376586914062 113.72815704345703
5.0 24.078887999 128.20376586914062 113.72815704345703
6.0 24.078887999 124.24270629882812 43.652557373046875
7.0 24.078887999 191.42022705078125 103.38815307617188
8.0 24.078887999 191.42022705078125 103.38815307617188
9.0 24.078887999 176.05718994140625 65.39485931396484
10.0 24.078887999 176.05718994140625 65.39485931396484
11.0 24.078887999 176.05718994140625 65.39485931396484
12.0 24.078887999 937.9615478515625 145.1389923095703
13.0 24.078887999 937.9615478515625 145.1389923095703
14.0 24.078887999 87.70750427246094 1471.8507080078125
0.0 24.122952999 69.61521911621094 107.32600402832031
1.0 24.122952999 69.61521911621094 107.32600402832031
2.0 24.122952999 71.83262634277344 116.57803344726562
3.0 24.122952999 128.2091522216797 120.49811553955078
4.0 24.122952999 128.2091522216797 120.49811553955078
5.0 24.122952999 128.2091522216797 120.49811553955078
6.0 24.122952999 125.07501220703125 48.909759521484375
7.0 24.122952999 192.5553436279297 110.84376525878906
8.0 24.122952999 192.5553436279297 110.84376525878906
9.0 24.122952999 177.33872985839844 72.05577087402344
10.0 24.122952999 177.33872985839844 72.05577087402344
11.0 24.122952999 177.33872985839844 72.05577087402344
12.0 24.122952999 962.7824096679688 142.4345703125
13.0 24.122952999 962.7824096679688 142.4345703125
14.0 24.122952999 85.42459106445312 1505.1510009765625
0.0 24.167019 70.70169830322266 110.33650970458984
1.0 24.167019 70.70169830322266 110.33650970458984
2.0 24.167019 72.9832992553711 119.82421875
3.0 24.167019 130.15927124023438 125.22352600097656
4.0 24.167019 130.15927124023438 125.22352600097656
5.0 24.167019 130.15927124023438 125.22352600097656
6.0 24.167019 127.99085998535156 52.0301399230957
7.0 24.167019 195.7126922607422 116.6058349609375
8.0 24.167019 195.7126922607422 116.6058349609375
9.0 24.167019 180.79714965820312 76.90827178955078
10.0 24.167019 180.79714965820312 76.90827178955078
11.0 24.167019 180.79714965820312 76.90827178955078
12.0 24.167019 993.81787109375 155.25637817382812
13.0 24.167019 993.81787109375 155.25637817382812
14.0 24.167019 152.1970977783203 1551.9603271484375
0.0 24.211084 74.50558471679688 114.57592010498047
1.0 24.211084 74.50558471679688 114.57592010498047
2.0 24.211084 76.76284790039062 124.36976623535156
3.0 24.211084 134.9494171142578 131.770751953125
4.0 24.211084 134.9494171142578 131.770751953125
5.0 24.211084 134.9494171142578 131.770751953125
6.0 24.211084 134.15919494628906 56.83815002441406
7.0 24.211084 201.770263671875 124.60977172851562
8.0 24.211084 201.770263671875 124.60977172851562
9.0 24.211084 187.4407501220703 83.95354461669922
10.0 24.211084 187.4407501220703 83.95354461669922
11.0 24.211084 187.4407501220703 83.95354461669922
12.0 24.211084 1021.259033203125 155.1919403076172
13.0 24.211084 1021.259033203125 155.1919403076172
14.0 24.211084 151.5539093017578 1583.2635498046875
0.0 24.255148999 77.80238342285156 117.2947769165039
1.0 24.255148999 77.80238342285156 117.2947769165039
2.0 24.255148999 80.07133483886719 127.33201599121094
3.0 24.255148999 139.363525390625 136.3501434326172
4.0 24.255148999 139.363525390625 136.3501434326172
5.0 24.255148999 139.363525390625 136.3501434326172
6.0 24.255148999 139.459716796875 59.635406494140625
7.0 24.255148999 207.4305419921875 130.23228454589844
8.0 24.255148999 207.4305419921875 130.23228454589844
9.0 24.255148999 193.41786193847656 88.7196044921875
10.0 24.255148999 193.41786193847656 88.7196044921875
11.0 24.255148999 193.41786193847656 88.7196044921875
12.0 24.255148999 1049.3792724609375 156.61842346191406
13.0 24.255148999 1049.3792724609375 156.61842346191406
14.0 24.255148999 151.89842224121094 1615.337646484375
0.0 24.299215 79.29846954345703 118.64157104492188
1.0 24.299215 79.29846954345703 118.64157104492188
2.0 24.299215 81.5899658203125 128.93069458007812
3.0 24.299215 142.0885467529297 138.9061279296875
4.0 24.299215 142.0885467529297 138.9061279296875
5.0 24.299215 142.0885467529297 138.9061279296875
6.0 24.299215 142.3925018310547 60.541996002197266
7.0 24.299215 211.31723022460938 133.31771850585938
8.0 24.299215 211.31723022460938 133.31771850585938
9.0 24.299215 197.26956176757812 91.09847259521484
10.0 24.299215 197.26956176757812 91.09847259521484
11.0 24.299215 197.26956176757812 91.09847259521484
12.0 24.299215 1076.6868896484375 153.7928466796875
13.0 24.299215 1076.6868896484375 153.7928466796875
14.0 24.299215 149.95960998535156 1646.3660888671875
0.0 24.34328 78.26155853271484 117.73063659667969
1.0 24.34328 78.26155853271484 117.73063659667969
2.0 24.34328 80.5859375 128.30104064941406
3.0 24.34328 142.0363006591797 139.26197814941406
4.0 24.34328 142.0363006591797 139.26197814941406
5.0 24.34328 142.0363006591797 139.26197814941406
6.0 24.34328 142.96751403808594 59.48705291748047
7.0 24.34328 212.3567657470703 134.48915100097656
8.0 24.34328 212.3567657470703 134.48915100097656
9.0 24.34328 198.50570678710938 91.5626449584961
10.0 24.34328 198.50570678710938 91.5626449584961
11.0 24.34328 198.50570678710938 91.5626449584961
12.0 24.34328 1103.6248779296875 154.67135620117188
13.0 24.34328 1103.6248779296875 154.67135620117188
14.0 24.34328 149.41647338867188 1677.810546875
0.0 24.387345 74.18351745605469 116.859130859375
1.0 24.387345 74.18351745605469 116.859130859375
2.0 24.387345 76.40624237060547 127.70030212402344
3.0 24.387345 138.42337036132812 140.638916015625
4.0 24.387345 138.42337036132812 140.638916015625
5.0 24.387345 138.42337036132812 140.638916015625
6.0 24.387345 141.4716033935547 59.767208099365234
7.0 24.387345 209.69447326660156 137.78489685058594
8.0 24.387345 209.69447326660156 137.78489685058594
9.0 24.387345 197.0049285888672 94.1745376586914
10.0 24.387345 197.0049285888672 94.1745376586914
11.0 24.387345 197.0049285888672 94.1745376586914
12.0 24.387345 1132.3690185546875 154.31399536132812
13.0 24.387345 1132.3690185546875 154.31399536132812
14.0 24.387345 147.21182250976562 1710.255126953125
0.0 24.431411 67.93695068359375 118.03370666503906
1.0 24.431411 67.93695068359375 118.03370666503906
2.0 24.431411 70.02674865722656 129.21755981445312
3.0 24.431411 132.1853790283203 144.3478546142578
4.0 24.431411 132.1853790283203 144.3478546142578
5.0 24.431411 132.1853790283203 144.3478546142578
6.0 24.431411 137.75653076171875 62.87266159057617
7.0 24.431411 204.17564392089844 143.5436248779297
8.0 24.431411 204.17564392089844 143.5436248779297
9.0 24.431411 192.76193237304688 99.46153259277344
10.0 24.431411 192.76193237304688 99.46153259277344
11.0 24.431411 192.76193237304688 99.46153259277344
12.0 24.431411 1159.3050537109375 144.7967071533203
13.0 24.431411 1159.3050537109375 144.7967071533203
14.0 24.431411 143.30682373046875 1741.5927734375
0.0 24.475476 64.2042236328125 115.50466918945312
1.0 24.475476 64.2042236328125 115.50466918945312
2.0 24.475476 66.15296936035156 126.92596435546875
3.0 24.475476 128.21067810058594 143.6759796142578
4.0 24.475476 128.21067810058594 143.6759796142578
5.0 24.475476 128.21067810058594 143.6759796142578
6.0 24.475476 135.96533203125 62.192962646484375
7.0 24.475476 200.35580444335938 144.72430419921875
8.0 24.475476 200.35580444335938 144.72430419921875
9.0 24.475476 190.17982482910156 100.35151672363281
10.0 24.475476 190.17982482910156 100.35151672363281
11.0 24.475476 190.17982482910156 100.35151672363281
12.0 24.475476 1187.8973388671875 144.77218627929688
13.0 24.475476 1187.8973388671875 144.77218627929688
14.0 24.475476 141.19204711914062 1773.9368896484375
0.0 24.519542 65.51626586914062 116.28260803222656
1.0 24.519542 65.51626586914062 116.28260803222656
2.0 24.519542 67.4392318725586 127.69615173339844
3.0 24.519542 129.67373657226562 144.41531372070312
4.0 24.519542 129.67373657226562 144.41531372070312
5.0 24.519542 129.67373657226562 144.41531372070312
6.0 24.519542 137.5759735107422 63.33555603027344
7.0 24.519542 201.49880981445312 145.39340209960938
8.0 24.519542 201.49880981445312 145.39340209960938
9.0 24.519542 191.4273223876953 101.33697509765625
10.0 24.519542 191.4273223876953 101.33697509765625
11.0 24.519542 191.4273223876953 101.33697509765625
12.0 24.519542 1213.969970703125 142.2285919189453
13.0 24.519542 1213.969970703125 142.2285919189453
14.0 24.519542 146.37307739257812 1804.957275390625
0.0 24.563607 67.22429656982422 113.53250885009766
1.0 24.563607 67.22429656982422 113.53250885009766
2.0 24.563607 69.08848571777344 124.91703796386719
3.0 24.563607 131.34254455566406 141.2718963623047
4.0 24.563607 131.34254455566406 141.2718963623047
5.0 24.563607 131.34254455566406 141.2718963623047
6.0 24.563607 139.32525634765625 61.21327209472656
7.0 24.563607 202.26109313964844 142.2667236328125
8.0 24.563607 202.26109313964844 142.2667236328125
9.0 24.563607 192.4051513671875 98.82032012939453
10.0 24.563607 192.4051513671875 98.82032012939453
11.0 24.563607 192.4051513671875 98.82032012939453
12.0 24.563607 1241.81396484375 142.08670043945312
13.0 24.563607 1241.81396484375 142.08670043945312
14.0 24.563607 146.5964813232422 1836.211181640625
0.0 24.607672 70.62803649902344 110.28392028808594
1.0 24.607672 70.62803649902344 110.28392028808594
2.0 24.607672 72.36084747314453 121.54531860351562
3.0 24.607672 133.88278198242188 138.31515502929688
4.0 24.607672 133.88278198242188 138.31515502929688
5.0 24.607672 133.88278198242188 138.31515502929688
6.0 24.607672 143.0677947998047 59.98892593383789
7.0 24.607672 203.3640899658203 140.33282470703125
8.0 24.607672 203.3640899658203 140.33282470703125
9.0 24.607672 194.5620574951172 97.6380615234375
10.0 24.607672 194.5620574951172 97.6380615234375
11.0 24.607672 194.5620574951172 97.6380615234375
12.0 24.607672 1266.645263671875 104.97239685058594
13.0 24.607672 1266.645263671875 104.97239685058594
14.0 24.607672 149.29837036132812 1867.1689453125
0.0 24.651737999 73.19995880126953 109.44728088378906
1.0 24.651737999 73.19995880126953 109.44728088378906
2.0 24.651737999 74.86956787109375 120.48236083984375
3.0 24.651737999 135.52456665039062 136.9159698486328
4.0 24.651737999 135.52456665039062 136.9159698486328
5.0 24.651737999 135.52456665039062 136.9159698486328
6.0 24.651737999 144.95388793945312 60.6764030456543
7.0 24.651737999 203.26852416992188 139.14181518554688
8.0 24.651737999 203.26852416992188 139.14181518554688
9.0 24.651737999 195.0299530029297 97.49127960205078
10.0 24.651737999 195.0299530029297 97.49127960205078
11.0 24.651737999 195.0299530029297 97.49127960205078
12.0 24.651737999 1292.855224609375 105.58660888671875
13.0 24.651737999 1292.855224609375 105.58660888671875
14.0 24.651737999 152.44869995117188 1897.8734130859375
0.0 24.695802999 74.84452819824219 107.53401184082031
1.0 24.695802999 74.84452819824219 107.53401184082031
2.0 24.695802999 76.52672576904297 118.29401397705078
3.0 24.695802999 136.05889892578125 133.96054077148438
4.0 24.695802999 136.05889892578125 133.96054077148438
5.0 24.695802999 136.05889892578125 133.96054077148438
6.0 24.695802999 145.2967529296875 60.077327728271484
7.0 24.695802999 201.81314086914062 136.03277587890625
8.0 24.695802999 201.81314086914062 136.03277587890625
9.0 24.695802999 193.9860076904297 95.6514663696289
10.0 24.695802999 193.9860076904297 95.6514663696289
11.0 24.695802999 193.9860076904297 95.6514663696289
12.0 24.695802999 1320.634765625 106.35191345214844
13.0 24.695802999 1320.634765625 106.35191345214844
14.0 24.695802999 153.48593139648438 1928.41259765625
0.0 24.739868 76.53273010253906 105.18827819824219
1.0 24.739868 76.53273010253906 105.18827819824219
2.0 24.739868 78.2118911743164 115.65945434570312
3.0 24.739868 136.42286682128906 130.29078674316406
4.0 24.739868 136.42286682128906 130.29078674316406
5.0 24.739868 136.42286682128906 130.29078674316406
6.0 24.739868 145.31448364257812 58.893978118896484
7.0 24.739868 200.10147094726562 132.11341857910156
8.0 24.739868 200.10147094726562 132.11341857910156
9.0 24.739868 192.5557403564453 93.06746673583984
10.0 24.739868 192.5557403564453 93.06746673583984
11.0 24.739868 192.5557403564453 93.06746673583984
12.0 24.739868 1347.2130126953125 105.73265075683594
13.0 24.739868 1347.2130126953125 105.73265075683594
14.0 24.739868 153.45750427246094 1958.96435546875
0.0 24.783933999 77.07327270507812 102.62310791015625
1.0 24.783933999 77.07327270507812 102.62310791015625
2.0 24.783933999 78.74665832519531 112.81056213378906
3.0 24.783933999 135.42953491210938 126.6823959350586
4.0 24.783933999 135.42953491210938 126.6823959350586
5.0 24.783933999 135.42953491210938 126.6823959350586
6.0 24.783933999 144.2539825439453 57.831573486328125
7.0 24.783933999 197.0194854736328 128.48455810546875
8.0 24.783933999 197.0194854736328 128.48455810546875
9.0 24.783933999 189.90538024902344 90.61153411865234
10.0 24.783933999 189.90538024902344 90.61153411865234
11.0 24.783933999 189.90538024902344 90.61153411865234
12.0 24.783933999 1374.60888671875 105.63419342041016
13.0 24.783933999 1374.60888671875 105.63419342041016
14.0 24.783933999 149.8684844970703 1990.5567626953125
0.0 24.827998999 77.29932403564453 100.28956604003906
1.0 24.827998999 77.29932403564453 100.28956604003906
2.0 24.827998999 78.97427368164062 110.15907287597656
3.0 24.827998999 134.1243133544922 123.170166015625
4.0 24.827998999 134.1243133544922 123.170166015625
5.0 24.827998999 134.1243133544922 123.170166015625
6.0 24.827998999 142.702392578125 56.77617645263672
7.0 24.827998999 193.65338134765625 124.85194396972656
8.0 24.827998999 193.65338134765625 124.85194396972656
9.0 24.827998999 186.9306640625 88.29963684082031
10.0 24.827998999 186.9306640625 88.29963684082031
11.0 24.827998999 186.9306640625 88.29963684082031
12.0 24.827998999 1402.8646240234375 106.39289093017578
13.0 24.827998999 1402.8646240234375 106.39289093017578
14.0 24.827998999 151.38693237304688 2021.7913818359375
0.0 24.872063999 75.22003936767578 97.48863983154297
1.0 24.872063999 75.22003936767578 97.48863983154297
2.0 24.872063999 76.90000915527344 107.13763427734375
3.0 24.872063999 130.43380737304688 119.61774444580078
4.0 24.872063999 130.43380737304688 119.61774444580078
5.0 24.872063999 130.43380737304688 119.61774444580078
6.0 24.872063999 139.15780639648438 55.695899963378906
7.0 24.872063999 187.90443420410156 121.5369644165039
8.0 24.872063999 187.90443420410156 121.5369644165039
9.0 24.872063999 181.79074096679688 86.17581176757812
10.0 24.872063999 181.79074096679688 86.17581176757812
11.0 24.872063999 181.79074096679688 86.17581176757812
12.0 24.872063999 1429.139892578125 106.19239044189453
13.0 24.872063999 1429.139892578125 106.19239044189453
14.0 24.872063999 149.72109985351562 2053.0244140625
0.0 24.916129999 74.26963806152344 95.58251953125
1.0 24.916129999 74.26963806152344 95.58251953125
2.0 24.916129999 75.91651916503906 105.00963592529297
3.0 24.916129999 127.91993713378906 116.91161346435547
4.0 24.916129999 127.91993713378906 116.91161346435547
5.0 24.916129999 127.91993713378906 116.91161346435547
6.0 24.916129999 136.74046325683594 55.279850006103516
7.0 24.916129999 183.58970642089844 118.94544982910156
8.0 24.916129999 183.58970642089844 118.94544982910156
9.0 24.916129999 177.98428344726562 84.65403747558594
10.0 24.916129999 177.98428344726562 84.65403747558594
11.0 24.916129999 177.98428344726562 84.65403747558594
12.0 24.916129999 1456.60205078125 107.41423034667969
13.0 24.916129999 1456.60205078125 107.41423034667969
14.0 24.916129999 153.3756103515625 2084.64306640625
