0.0 7.298831 37.88850021362305 104.1117172241211
1.0 7.298831 37.88850021362305 104.1117172241211
2.0 7.298831 51.310935974121094 115.94055938720703
3.0 7.298831 51.310935974121094 115.94055938720703
4.0 7.298831 112.98655700683594 140.91297912597656
5.0 7.298831 112.98655700683594 140.91297912597656
6.0 7.298831 136.2294464111328 47.727230072021484
7.0 7.298831 194.28659057617188 151.2782440185547
8.0 7.298831 194.28659057617188 151.2782440185547
9.0 7.298831 201.25340270996094 93.51895904541016
10.0 7.298831 201.25340270996094 93.51895904541016
11.0 7.298831 216.63916015625 20.72014808654785
0.0 7.342897001 37.65574264526367 103.49090576171875
1.0 7.342897001 37.65574264526367 103.49090576171875
2.0 7.342897001 51.163448333740234 115.3117446899414
3.0 7.342897001 51.163448333740234 115.3117446899414
4.0 7.342897001 112.960205078125 140.08956909179688
5.0 7.342897001 112.960205078125 140.08956909179688
6.0 7.342897001 135.83143615722656 46.808570861816406
7.0 7.342897001 194.34535217285156 150.13626098632812
8.0 7.342897001 194.34535217285156 150.13626098632812
9.0 7.342897001 201.06988525390625 95.49391174316406
10.0 7.342897001 201.06988525390625 95.49391174316406
11.0 7.342897001 216.2069549560547 19.44251251220703
0.0 7.386962001 37.44890594482422 102.64530944824219
1.0 7.386962001 37.44890594482422 102.64530944824219
2.0 7.386962001 51.008392333984375 114.4494857788086
3.0 7.386962001 51.008392333984375 114.4494857788086
4.0 7.386962001 112.95045471191406 139.26553344726562
5.0 7.386962001 112.95045471191406 139.26553344726562
6.0 7.386962001 135.63970947265625 45.95887756347656
7.0 7.386962001 195.14112854003906 148.72927856445312
8.0 7.386962001 195.14112854003906 148.72927856445312
9.0 7.386962001 201.05398559570312 95.4811782836914
10.0 7.386962001 201.05398559570312 95.4811782836914
11.0 7.386962001 215.997802734375 18.443382263183594
0.0 7.431027 37.10676574707031 101.28113555908203
1.0 7.431027 37.10676574707031 101.28113555908203
2.0 7.431027 50.71257400512695 113.08604431152344
3.0 7.431027 50.71257400512695 113.08604431152344
4.0 7.431027 112.94468688964844 138.36859130859375
5.0 7.431027 112.94468688964844 138.36859130859375
6.0 7.431027 135.46978759765625 44.831851959228516
7.0 7.431027 195.08677673339844 147.53213500976562
8.0 7.431027 195.08677673339844 147.53213500976562
9.0 7.431027 201.10740661621094 94.89901733398438
10.0 7.431027 201.10740661621094 94.89901733398438
11.0 7.431027 215.895751953125 17.459646224975586
0.0 7.475093001 37.18543243408203 100.84984588623047
1.0 7.475093001 37.18543243408203 100.84984588623047
2.0 7.475093001 50.86174774169922 112.6092529296875
3.0 7.475093001 50.86174774169922 112.6092529296875
4.0 7.475093001 113.64218139648438 138.07337951660156
5.0 7.475093001 113.64218139648438 138.07337951660156
6.0 7.475093001 135.40512084960938 44.16118240356445
7.0 7.475093001 195.50218200683594 146.54075622558594
8.0 7.475093001 195.50218200683594 146.54075622558594
9.0 7.475093001 201.3662567138672 94.39710998535156
10.0 7.475093001 201.3662567138672 94.39710998535156
11.0 7.475093001 215.66075134277344 16.359121322631836
0.0 7.519158001 37.01857376098633 99.34510803222656
1.0 7.519158001 37.01857376098633 99.34510803222656
2.0 7.519158001 50.747005462646484 111.06121063232422
3.0 7.519158001 50.747005462646484 111.06121063232422
4.0 7.519158001 113.87680053710938 136.65817260742188
5.0 7.519158001 113.87680053710938 136.65817260742188
6.0 7.519158001 135.2315673828125 42.50407409667969
7.0 7.519158001 195.5202178955078 144.78314208984375
8.0 7.519158001 195.5202178955078 144.78314208984375
9.0 7.519158001 201.41998291015625 92.97382354736328
10.0 7.519158001 201.41998291015625 92.97382354736328
11.0 7.519158001 215.43292236328125 14.711153984069824
0.0 7.563223001 37.462501525878906 99.07310485839844
1.0 7.563223001 37.462501525878906 99.07310485839844
2.0 7.563223001 51.256168365478516 110.7630386352539
3.0 7.563223001 51.256168365478516 110.7630386352539
4.0 7.563223001 114.74788665771484 136.51576232910156
5.0 7.563223001 114.74788665771484 136.51576232910156
6.0 7.563223001 135.6377716064453 42.25151824951172
7.0 7.563223001 196.23397827148438 144.27349853515625
8.0 7.563223001 196.23397827148438 144.27349853515625
9.0 7.563223001 202.25033569335938 92.83112335205078
10.0 7.563223001 202.25033569335938 92.83112335205078
11.0 7.563223001 215.7503204345703 14.184639930725098
0.0 7.607289001 37.74431610107422 98.79934692382812
1.0 7.607289001 37.74431610107422 98.79934692382812
2.0 7.607289001 51.61777877807617 110.49800872802734
3.0 7.607289001 51.61777877807617 110.49800872802734
4.0 7.607289001 115.48439025878906 136.3006591796875
5.0 7.607289001 115.48439025878906 136.3006591796875
6.0 7.607289001 135.83523559570312 41.8360481262207
7.0 7.607289001 196.749267578125 143.6034393310547
8.0 7.607289001 196.749267578125 143.6034393310547
9.0 7.607289001 202.87025451660156 92.28626251220703
10.0 7.607289001 202.87025451660156 92.28626251220703
11.0 7.607289001 215.82814025878906 13.512776374816895
0.0 7.651354001 38.30564880371094 97.41587829589844
1.0 7.651354001 38.30564880371094 97.41587829589844
2.0 7.651354001 52.19532775878906 109.1518325805664
3.0 7.651354001 52.19532775878906 109.1518325805664
4.0 7.651354001 116.19989776611328 135.47955322265625
5.0 7.651354001 116.19989776611328 135.47955322265625
6.0 7.651354001 136.7914581298828 41.068084716796875
7.0 7.651354001 197.2413787841797 143.0413360595703
8.0 7.651354001 197.2413787841797 143.0413360595703
9.0 7.651354001 203.6746368408203 92.16278076171875
10.0 7.651354001 203.6746368408203 92.16278076171875
11.0 7.651354001 216.8527069091797 13.17064094543457
0.0 7.69542 38.408470153808594 95.41146850585938
1.0 7.69542 38.408470153808594 95.41146850585938
2.0 7.69542 52.18275451660156 107.32235717773438
3.0 7.69542 52.18275451660156 107.32235717773438
4.0 7.69542 116.02069091796875 134.83702087402344
5.0 7.69542 116.02069091796875 134.83702087402344
6.0 7.69542 137.8070831298828 40.65169143676758
7.0 7.69542 196.7863006591797 143.47181701660156
8.0 7.69542 196.7863006591797 143.47181701660156
9.0 7.69542 204.2630615234375 92.75135803222656
10.0 7.69542 204.2630615234375 92.75135803222656
11.0 7.69542 218.33285522460938 14.027787208557129
0.0 7.739485001 38.7876091003418 93.73800659179688
1.0 7.739485001 38.7876091003418 93.73800659179688
2.0 7.739485001 52.516929626464844 105.75787353515625
3.0 7.739485001 52.516929626464844 105.75787353515625
4.0 7.739485001 116.17860412597656 134.33448791503906
5.0 7.739485001 116.17860412597656 134.33448791503906
6.0 7.739485001 139.01304626464844 40.394737243652344
7.0 7.739485001 196.7023468017578 143.8779754638672
8.0 7.739485001 196.7023468017578 143.8779754638672
9.0 7.739485001 204.84500122070312 93.52059936523438
10.0 7.739485001 204.84500122070312 93.52059936523438
11.0 7.739485001 219.82798767089844 14.79161262512207
0.0 7.783550001 38.94390869140625 90.50604248046875
1.0 7.783550001 38.94390869140625 90.50604248046875
2.0 7.783550001 52.49910354614258 102.84574890136719
3.0 7.783550001 52.49910354614258 102.84574890136719
4.0 7.783550001 115.69657897949219 133.0994415283203
5.0 7.783550001 115.69657897949219 133.0994415283203
6.0 7.783550001 140.50741577148438 39.67449951171875
7.0 7.783550001 195.836669921875 144.39462280273438
8.0 7.783550001 195.836669921875 144.39462280273438
9.0 7.783550001 205.29373168945312 94.47382354736328
10.0 7.783550001 205.29373168945312 94.47382354736328
11.0 7.783550001 221.9724884033203 16.110395431518555
0.0 7.827616 39.25209045410156 85.83580780029297
1.0 7.827616 39.25209045410156 85.83580780029297
2.0 7.827616 52.39603042602539 98.52422332763672
3.0 7.827616 52.39603042602539 98.52422332763672
4.0 7.827616 114.58113098144531 131.28196716308594
5.0 7.827616 114.58113098144531 131.28196716308594
6.0 7.827616 142.6669464111328 38.85695266723633
7.0 7.827616 194.1976776123047 145.46070861816406
8.0 7.827616 194.1976776123047 145.46070861816406
9.0 7.827616 205.58587646484375 96.13841247558594
10.0 7.827616 205.58587646484375 96.13841247558594
11.0 7.827616 225.09805297851562 18.53436279296875
0.0 7.871681 39.87077713012695 82.01087188720703
1.0 7.871681 39.87077713012695 82.01087188720703
2.0 7.871681 52.818023681640625 94.99391174316406
3.0 7.871681 52.818023681640625 94.99391174316406
4.0 7.871681 113.85920715332031 130.26158142089844
5.0 7.871681 113.85920715332031 130.26158142089844
6.0 7.871681 145.02841186523438 38.789005279541016
7.0 7.871681 192.790771484375 147.12997436523438
8.0 7.871681 192.790771484375 147.12997436523438
9.0 7.871681 206.06890869140625 98.4367904663086
10.0 7.871681 206.06890869140625 98.4367904663086
11.0 7.871681 228.16908264160156 21.647014617919922
0.0 7.915746 39.9813346862793 77.54197692871094
1.0 7.915746 39.9813346862793 77.54197692871094
2.0 7.915746 52.54851531982422 90.86902618408203
3.0 7.915746 52.54851531982422 90.86902618408203
4.0 7.915746 112.45109558105469 128.39842224121094
5.0 7.915746 112.45109558105469 128.39842224121094
6.0 7.915746 146.6263885498047 38.11333465576172
7.0 7.915746 190.6220703125 147.86021423339844
8.0 7.915746 190.6220703125 147.86021423339844
9.0 7.915746 205.63722229003906 99.88241577148438
10.0 7.915746 205.63722229003906 99.88241577148438
11.0 7.915746 230.33575439453125 24.176982879638672
0.0 7.959812 40.85942459106445 72.40403747558594
1.0 7.959812 40.85942459106445 72.40403747558594
2.0 7.959812 52.93522262573242 86.11141967773438
3.0 7.959812 52.93522262573242 86.11141967773438
4.0 7.959812 111.15650177001953 126.47804260253906
5.0 7.959812 111.15650177001953 126.47804260253906
6.0 7.959812 149.29197692871094 37.85462188720703
7.0 7.959812 188.2597198486328 149.36593627929688
8.0 7.959812 188.2597198486328 149.36593627929688
9.0 7.959812 205.48941040039062 102.47032165527344
10.0 7.959812 205.48941040039062 102.47032165527344
11.0 7.959812 233.68592834472656 28.121492385864258
0.0 8.003877 41.59504318237305 67.48987579345703
1.0 8.003877 41.59504318237305 67.48987579345703
2.0 8.003877 53.20207214355469 81.61578369140625
3.0 8.003877 53.20207214355469 81.61578369140625
4.0 8.003877 109.52761840820312 124.88066101074219
5.0 8.003877 109.52761840820312 124.88066101074219
6.0 8.003877 151.51771545410156 38.051292419433594
7.0 8.003877 185.2716827392578 150.9495849609375
8.0 8.003877 185.2716827392578 150.9495849609375
9.0 8.003877 204.78256225585938 105.3866958618164
10.0 8.003877 204.78256225585938 105.3866958618164
11.0 8.003877 236.26528930664062 32.521324157714844
0.0 8.047942 42.93045425415039 63.363468170166016
1.0 8.047942 42.93045425415039 63.363468170166016
2.0 8.047942 54.106475830078125 77.78622436523438
3.0 8.047942 54.106475830078125 77.78622436523438
4.0 8.047942 108.72360229492188 123.44589233398438
5.0 8.047942 108.72360229492188 123.44589233398438
6.0 8.047942 154.04287719726562 38.30662536621094
7.0 8.047942 183.16900634765625 152.25770568847656
8.0 8.047942 183.16900634765625 152.25770568847656
9.0 8.047942 204.59642028808594 107.90166473388672
10.0 8.047942 204.59642028808594 107.90166473388672
11.0 8.047942 238.89100646972656 36.49876022338867
0.0 8.092008 44.6838493347168 59.06702423095703
1.0 8.092008 44.6838493347168 59.06702423095703
2.0 8.092008 55.39360809326172 73.79289245605469
3.0 8.092008 55.39360809326172 73.79289245605469
4.0 8.092008 107.95186614990234 122.23440551757812
5.0 8.092008 107.95186614990234 122.23440551757812
6.0 8.092008 156.93540954589844 39.06011199951172
7.0 8.092008 180.69285583496094 153.992919921875
8.0 8.092008 180.69285583496094 153.992919921875
9.0 8.092008 204.3115234375 111.15815734863281
10.0 8.092008 204.3115234375 111.15815734863281
11.0 8.092008 241.71466064453125 42.387969970703125
0.0 8.136073 46.930091857910156 54.81904983520508
1.0 8.136073 46.930091857910156 54.81904983520508
2.0 8.136073 57.09368896484375 69.95026397705078
3.0 8.136073 57.09368896484375 69.95026397705078
4.0 8.136073 107.33185577392578 121.1855697631836
5.0 8.136073 107.33185577392578 121.1855697631836
6.0 8.136073 160.14865112304688 40.22732925415039
7.0 8.136073 178.3401641845703 155.99842834472656
8.0 8.136073 178.3401641845703 155.99842834472656
9.0 8.136073 203.9550323486328 114.7149429321289
10.0 8.136073 203.9550323486328 114.7149429321289
11.0 8.136073 310.0103454589844 45.79050827026367
0.0 8.180139001 49.58879089355469 49.84491729736328
1.0 8.180139001 49.58879089355469 49.84491729736328
2.0 8.180139001 59.1476936340332 65.34016418457031
3.0 8.180139001 59.1476936340332 65.34016418457031
4.0 8.180139001 106.72417449951172 119.39390563964844
5.0 8.180139001 106.72417449951172 119.39390563964844
6.0 8.180139001 163.61175537109375 41.06295394897461
7.0 8.180139001 175.43601989746094 157.5381622314453
8.0 8.180139001 175.43601989746094 157.5381622314453
9.0 8.180139001 203.3863067626953 117.98014831542969
10.0 8.180139001 203.3863067626953 117.98014831542969
11.0 8.180139001 339.7955322265625 49.620941162109375
0.0 8.224204 53.309444427490234 45.10588455200195
1.0 8.224204 53.309444427490234 45.10588455200195
2.0 8.224204 62.14630889892578 61.06336212158203
3.0 8.224204 62.14630889892578 61.06336212158203
4.0 8.224204 106.46460723876953 118.15438842773438
5.0 8.224204 106.46460723876953 118.15438842773438
6.0 8.224204 167.88140869140625 43.082130432128906
7.0 8.224204 172.43670654296875 160.0179443359375
8.0 8.224204 172.43670654296875 160.0179443359375
9.0 8.224204 202.8963623046875 122.49168395996094
10.0 8.224204 202.8963623046875 122.49168395996094
11.0 8.224204 365.6587219238281 49.231475830078125
0.0 8.268269 56.641876220703125 41.08460235595703
1.0 8.268269 56.641876220703125 41.08460235595703
2.0 8.268269 64.81997680664062 57.416015625
3.0 8.268269 64.81997680664062 57.416015625
4.0 8.268269 106.13518524169922 117.04249572753906
5.0 8.268269 106.13518524169922 117.04249572753906
6.0 8.268269 171.45252990722656 45.072479248046875
7.0 8.268269 169.63075256347656 161.95944213867188
8.0 8.268269 169.63075256347656 161.95944213867188
9.0 8.268269 202.08966064453125 126.37520599365234
10.0 8.268269 202.08966064453125 126.37520599365234
11.0 8.268269 393.7424011230469 52.5933837890625
0.0 8.312335001 60.74671936035156 37.247989654541016
1.0 8.312335001 60.74671936035156 37.247989654541016
2.0 8.312335001 68.26222229003906 53.972259521484375
3.0 8.312335001 68.26222229003906 53.972259521484375
4.0 8.312335001 106.21526336669922 116.02238464355469
5.0 8.312335001 106.21526336669922 116.02238464355469
6.0 8.312335001 175.51025390625 47.6171760559082
7.0 8.312335001 167.03851318359375 164.1306610107422
8.0 8.312335001 167.03851318359375 164.1306610107422
9.0 8.312335001 201.434814453125 130.60325622558594
10.0 8.312335001 201.434814453125 130.60325622558594
11.0 8.312335001 418.7812194824219 66.338134765625
0.0 8.356400001 65.3370590209961 34.06386947631836
1.0 8.356400001 65.3370590209961 34.06386947631836
2.0 8.356400001 72.06511688232422 51.16277313232422
3.0 8.356400001 72.06511688232422 51.16277313232422
4.0 8.356400001 106.38932800292969 115.43428802490234
5.0 8.356400001 106.38932800292969 115.43428802490234
6.0 8.356400001 179.6320343017578 50.99219512939453
7.0 8.356400001 164.34893798828125 166.66018676757812
8.0 8.356400001 164.34893798828125 166.66018676757812
9.0 8.356400001 200.58734130859375 135.466552734375
10.0 8.356400001 200.58734130859375 135.466552734375
11.0 8.356400001 444.8267822265625 66.84304809570312
0.0 8.400465001 69.13522338867188 32.18701171875
1.0 8.400465001 69.13522338867188 32.18701171875
2.0 8.400465001 75.33052062988281 49.590518951416016
3.0 8.400465001 75.33052062988281 49.590518951416016
4.0 8.400465001 107.16828918457031 115.41516876220703
5.0 8.400465001 107.16828918457031 115.41516876220703
6.0 8.400465001 182.9138946533203 53.812870025634766
7.0 8.400465001 162.88275146484375 168.5750274658203
8.0 8.400465001 162.88275146484375 168.5750274658203
9.0 8.400465001 200.3280792236328 139.0926513671875
10.0 8.400465001 200.3280792236328 139.0926513671875
11.0 8.400465001 471.3455810546875 68.83978271484375
0.0 8.444531001 73.04251861572266 29.69999122619629
1.0 8.444531001 73.04251861572266 29.69999122619629
2.0 8.444531001 78.56228637695312 47.39590835571289
3.0 8.444531001 78.56228637695312 47.39590835571289
4.0 8.444531001 107.40287780761719 114.72756958007812
5.0 8.444531001 107.40287780761719 114.72756958007812
6.0 8.444531001 185.9501953125 56.54093551635742
7.0 8.444531001 160.72654724121094 170.1204071044922
8.0 8.444531001 160.72654724121094 170.1204071044922
9.0 8.444531001 199.42794799804688 142.50938415527344
10.0 8.444531001 199.42794799804688 142.50938415527344
11.0 8.444531001 497.2461853027344 69.75493621826172
0.0 8.488596001 77.62725067138672 27.733070373535156
1.0 8.488596001 77.62725067138672 27.733070373535156
2.0 8.488596001 82.39188385009766 45.72358322143555
3.0 8.488596001 82.39188385009766 45.72358322143555
4.0 8.488596001 107.76969146728516 114.64978790283203
5.0 8.488596001 107.76969146728516 114.64978790283203
6.0 8.488596001 189.28240966796875 60.538551330566406
7.0 8.488596001 158.18234252929688 172.4091033935547
8.0 8.488596001 158.18234252929688 172.4091033935547
9.0 8.488596001 198.17820739746094 147.0255889892578
10.0 8.488596001 198.17820739746094 147.0255889892578
11.0 8.488596001 522.8593139648438 72.67931365966797
0.0 8.532661001 80.84471893310547 26.803003311157227
1.0 8.532661001 80.84471893310547 26.803003311157227
2.0 8.532661001 85.16435241699219 45.0217170715332
3.0 8.532661001 85.16435241699219 45.0217170715332
4.0 8.532661001 108.54528045654297 114.80726623535156
5.0 8.532661001 108.54528045654297 114.80726623535156
6.0 8.532661001 191.57298278808594 63.08955001831055
7.0 8.532661001 157.179931640625 173.84471130371094
8.0 8.532661001 157.179931640625 173.84471130371094
9.0 8.532661001 197.7911834716797 149.73248291015625
10.0 8.532661001 197.7911834716797 149.73248291015625
11.0 8.532661001 548.8832397460938 75.73625183105469
0.0 8.576727001 82.42893981933594 27.627092361450195
1.0 8.576727001 82.42893981933594 27.627092361450195
2.0 8.576727001 86.63622283935547 45.99824905395508
3.0 8.576727001 86.63622283935547 45.99824905395508
4.0 8.576727001 109.52371215820312 116.06278228759766
5.0 8.576727001 109.52371215820312 116.06278228759766
6.0 8.576727001 192.90036010742188 64.88465118408203
7.0 8.576727001 157.65731811523438 175.41629028320312
8.0 8.576727001 157.65731811523438 175.41629028320312
9.0 8.576727001 198.32684326171875 151.5869903564453
10.0 8.576727001 198.32684326171875 151.5869903564453
11.0 8.576727001 575.7074584960938 73.64743041992188
0.0 8.620792001 82.31759643554688 28.999713897705078
1.0 8.620792001 82.31759643554688 28.999713897705078
2.0 8.620792001 86.62503051757812 47.4858283996582
3.0 8.620792001 86.62503051757812 47.4858283996582
4.0 8.620792001 109.97984313964844 117.48615264892578
5.0 8.620792001 109.97984313964844 117.48615264892578
6.0 8.620792001 192.917724609375 65.6264419555664
7.0 8.620792001 158.46170043945312 176.427490234375
8.0 8.620792001 158.46170043945312 176.427490234375
9.0 8.620792001 198.84449768066406 152.30210876464844
10.0 8.620792001 198.84449768066406 152.30210876464844
11.0 8.620792001 602.492919921875 73.16040802001953
0.0 8.664858 80.1763687133789 31.982458114624023
1.0 8.664858 80.1763687133789 31.982458114624023
2.0 8.664858 84.94409942626953 50.47745132446289
3.0 8.664858 84.94409942626953 50.47745132446289
4.0 8.664858 110.54058837890625 119.71497344970703
5.0 8.664858 110.54058837890625 119.71497344970703
6.0 8.664858 191.64144897460938 65.01570129394531
7.0 8.664858 160.7895050048828 176.9335174560547
8.0 8.664858 160.7895050048828 176.9335174560547
9.0 8.664858 200.29026794433594 151.52203369140625
10.0 8.664858 200.29026794433594 151.52203369140625
11.0 8.664858 628.1782836914062 74.83875274658203
0.0 8.708923 75.46454620361328 36.46858215332031
1.0 8.708923 75.46454620361328 36.46858215332031
2.0 8.708923 81.1977310180664 54.80318832397461
3.0 8.708923 81.1977310180664 54.80318832397461
4.0 8.708923 110.91828155517578 122.2535400390625
5.0 8.708923 110.91828155517578 122.2535400390625
6.0 8.708923 188.31275939941406 62.50986862182617
7.0 8.708923 164.29261779785156 176.18789672851562
8.0 8.708923 164.29261779785156 176.18789672851562
9.0 8.708923 202.32550048828125 148.39602661132812
10.0 8.708923 202.32550048828125 148.39602661132812
11.0 8.708923 654.6016235351562 72.70598602294922
0.0 8.752988001 70.29496002197266 40.391788482666016
1.0 8.752988001 70.29496002197266 40.391788482666016
2.0 8.752988001 76.95242309570312 58.51923370361328
3.0 8.752988001 76.95242309570312 58.51923370361328
4.0 8.752988001 110.7954330444336 123.85230255126953
5.0 8.752988001 110.7954330444336 123.85230255126953
6.0 8.752988001 184.0474395751953 59.2792854309082
7.0 8.752988001 167.21319580078125 174.26072692871094
8.0 8.752988001 167.21319580078125 174.26072692871094
9.0 8.752988001 203.49774169921875 144.16522216796875
10.0 8.752988001 203.49774169921875 144.16522216796875
11.0 8.752988001 680.3778076171875 74.48101806640625
0.0 8.797054 65.76830291748047 42.01809310913086
1.0 8.797054 65.76830291748047 42.01809310913086
2.0 8.797054 73.26101684570312 59.95389938354492
3.0 8.797054 73.26101684570312 59.95389938354492
4.0 8.797054 110.3554916381836 123.40238952636719
5.0 8.797054 110.3554916381836 123.40238952636719
6.0 8.797054 179.9987030029297 55.07476806640625
7.0 8.797054 169.16336059570312 170.80661010742188
8.0 8.797054 169.16336059570312 170.80661010742188
9.0 8.797054 203.7393341064453 138.91574096679688
10.0 8.797054 203.7393341064453 138.91574096679688
11.0 8.797054 707.3505249023438 75.75443267822266
0.0 8.841119 60.87907409667969 47.08617401123047
1.0 8.841119 60.87907409667969 47.08617401123047
2.0 8.841119 69.30606079101562 64.65579986572266
3.0 8.841119 69.30606079101562 64.65579986572266
4.0 8.841119 110.67839813232422 125.28041076660156
5.0 8.841119 110.67839813232422 125.28041076660156
6.0 8.841119 175.24002075195312 52.35994338989258
7.0 8.841119 172.82894897460938 168.5031280517578
8.0 8.841119 172.82894897460938 168.5031280517578
9.0 8.841119 204.80294799804688 134.29092407226562
10.0 8.841119 204.80294799804688 134.29092407226562
11.0 8.841119 734.1292114257812 77.01923370361328
0.0 8.885184 54.30551528930664 54.470829010009766
1.0 8.885184 54.30551528930664 54.470829010009766
2.0 8.885184 64.00349426269531 71.41336059570312
3.0 8.885184 64.00349426269531 71.41336059570312
4.0 8.885184 110.85074615478516 127.74637603759766
5.0 8.885184 110.85074615478516 127.74637603759766
6.0 8.885184 167.9720001220703 49.282657623291016
7.0 8.885184 176.983154296875 164.90240478515625
8.0 8.885184 176.983154296875 164.90240478515625
9.0 8.885184 205.19302368164062 127.85313415527344
10.0 8.885184 205.19302368164062 127.85313415527344
11.0 8.885184 763.5110473632812 76.07073974609375
0.0 8.92925 48.75261306762695 60.23566436767578
1.0 8.92925 48.75261306762695 60.23566436767578
2.0 8.92925 59.732818603515625 76.39118194580078
3.0 8.92925 59.732818603515625 76.39118194580078
4.0 8.92925 111.57321166992188 127.78661346435547
5.0 8.92925 111.57321166992188 127.78661346435547
6.0 8.92925 161.0039825439453 44.64291000366211
7.0 8.92925 181.1175079345703 158.6826171875
8.0 8.92925 181.1175079345703 158.6826171875
9.0 8.92925 205.32101440429688 119.21785736083984
10.0 8.92925 205.32101440429688 119.21785736083984
11.0 8.92925 796.941650390625 75.849853515625
0.0 8.973315 43.81651306152344 65.73062896728516
1.0 8.973315 43.81651306152344 65.73062896728516
2.0 8.973315 55.850521087646484 81.17291259765625
3.0 8.973315 55.850521087646484 81.17291259765625
4.0 8.973315 111.78176879882812 127.70433044433594
5.0 8.973315 111.78176879882812 127.70433044433594
6.0 8.973315 154.10789489746094 41.023738861083984
7.0 8.973315 183.82225036621094 152.67559814453125
8.0 8.973315 183.82225036621094 152.67559814453125
9.0 8.973315 204.28182983398438 111.43408966064453
10.0 8.973315 204.28182983398438 111.43408966064453
11.0 8.973315 829.416748046875 123.25261688232422
0.0 9.01738 39.44176483154297 73.81126403808594
1.0 9.01738 39.44176483154297 73.81126403808594
2.0 9.01738 52.51197814941406 88.3380355834961
3.0 9.01738 52.51197814941406 88.3380355834961
4.0 9.01738 112.53221893310547 129.0862579345703
5.0 9.01738 112.53221893310547 129.0862579345703
6.0 9.01738 146.71104431152344 39.1213264465332
7.0 9.01738 186.8596954345703 147.21389770507812
8.0 9.01738 186.8596954345703 147.21389770507812
9.0 9.01738 202.92115783691406 104.3292007446289
10.0 9.01738 202.92115783691406 104.3292007446289
11.0 9.01738 859.8302001953125 123.638427734375
0.0 9.061446 35.7616081237793 81.9013900756836
1.0 9.061446 35.7616081237793 81.9013900756836
2.0 9.061446 49.95670700073242 95.29496002197266
3.0 9.061446 49.95670700073242 95.29496002197266
4.0 9.061446 113.8327865600586 129.23838806152344
5.0 9.061446 113.8327865600586 129.23838806152344
6.0 9.061446 138.75967407226562 36.405399322509766
7.0 9.061446 189.84234619140625 139.54837036132812
8.0 9.061446 189.84234619140625 139.54837036132812
9.0 9.061446 201.00099182128906 95.40593719482422
10.0 9.061446 201.00099182128906 95.40593719482422
11.0 9.061446 889.4566650390625 124.24267578125
0.0 9.105511 32.67628860473633 88.78192138671875
1.0 9.105511 32.67628860473633 88.78192138671875
2.0 9.105511 47.86164855957031 100.99816131591797
3.0 9.105511 47.86164855957031 100.99816131591797
4.0 9.105511 114.84294891357422 127.93974304199219
5.0 9.105511 114.84294891357422 127.93974304199219
6.0 9.105511 130.5171356201172 33.072879791259766
7.0 9.105511 191.63204956054688 130.53184509277344
8.0 9.105511 191.63204956054688 130.53184509277344
9.0 9.105511 197.9851531982422 85.6442642211914
10.0 9.105511 197.9851531982422 85.6442642211914
11.0 9.105511 919.2564086914062 122.0792465209961
0.0 9.149577001 31.019840240478516 95.09827423095703
1.0 9.149577001 31.019840240478516 95.09827423095703
2.0 9.149577001 46.88573455810547 106.32228088378906
3.0 9.149577001 46.88573455810547 106.32228088378906
4.0 9.149577001 115.85980224609375 127.36222839355469
5.0 9.149577001 115.85980224609375 127.36222839355469
6.0 9.149577001 123.87872314453125 31.421472549438477
7.0 9.149577001 192.72677612304688 123.62625885009766
8.0 9.149577001 192.72677612304688 123.62625885009766
9.0 9.149577001 195.1727752685547 78.49246978759766
10.0 9.149577001 195.1727752685547 78.49246978759766
11.0 9.149577001 948.567626953125 116.52345275878906
0.0 9.193642001 29.463808059692383 100.46733093261719
1.0 9.193642001 29.463808059692383 100.46733093261719
2.0 9.193642001 45.93455505371094 110.75752258300781
3.0 9.193642001 45.93455505371094 110.75752258300781
4.0 9.193642001 116.32257080078125 126.46747589111328
5.0 9.193642001 116.32257080078125 126.46747589111328
6.0 9.193642001 117.34989929199219 30.033964157104492
7.0 9.193642001 192.71456909179688 117.0105972290039
8.0 9.193642001 192.71456909179688 117.0105972290039
9.0 9.193642001 191.73294067382812 72.02324676513672
10.0 9.193642001 191.73294067382812 72.02324676513672
11.0 9.193642001 976.5985107421875 118.63957214355469
0.0 9.237707 28.271682739257812 103.57916259765625
1.0 9.237707 28.271682739257812 103.57916259765625
2.0 9.237707 45.188316345214844 113.17721557617188
3.0 9.237707 45.188316345214844 113.17721557617188
4.0 9.237707 116.3548812866211 124.75865936279297
5.0 9.237707 116.3548812866211 124.75865936279297
6.0 9.237707 112.1138687133789 28.265207290649414
7.0 9.237707 192.0979461669922 111.03864288330078
8.0 9.237707 192.0979461669922 111.03864288330078
9.0 9.237707 188.5697479248047 66.41219329833984
10.0 9.237707 188.5697479248047 66.41219329833984
11.0 9.237707 1004.436279296875 123.012939453125
0.0 9.281773001 28.11013412475586 106.55321502685547
1.0 9.281773001 28.11013412475586 106.55321502685547
2.0 9.281773001 45.33511734008789 115.51790618896484
3.0 9.281773001 45.33511734008789 115.51790618896484
4.0 9.281773001 117.09793853759766 123.7184829711914
5.0 9.281773001 117.09793853759766 123.7184829711914
6.0 9.281773001 108.49405670166016 27.382801055908203
7.0 9.281773001 192.1195831298828 106.59222412109375
8.0 9.281773001 192.1195831298828 106.59222412109375
9.0 9.281773001 186.5714569091797 62.30826187133789
10.0 9.281773001 186.5714569091797 62.30826187133789
11.0 9.281773001 1032.3072509765625 117.14637756347656
0.0 9.325838001 28.94119644165039 110.01657104492188
1.0 9.325838001 28.94119644165039 110.01657104492188
2.0 9.325838001 46.5550422668457 118.25415802001953
3.0 9.325838001 46.5550422668457 118.25415802001953
4.0 9.325838001 118.83500671386719 122.46739196777344
5.0 9.325838001 118.83500671386719 122.46739196777344
6.0 9.325838001 105.0054702758789 26.556943893432617
7.0 9.325838001 192.7616729736328 101.36709594726562
8.0 9.325838001 192.7616729736328 101.36709594726562
9.0 9.325838001 184.84837341308594 57.65826416015625
10.0 9.325838001 184.84837341308594 57.65826416015625
11.0 9.325838001 1056.4056396484375 139.97821044921875
0.0 9.369903001 30.388099670410156 114.54771423339844
1.0 9.369903001 30.388099670410156 114.54771423339844
2.0 9.369903001 48.372840881347656 121.75227355957031
3.0 9.369903001 48.372840881347656 121.75227355957031
4.0 9.369903001 120.98481750488281 120.78926086425781
5.0 9.369903001 120.98481750488281 120.78926086425781
6.0 9.369903001 100.42050170898438 25.859020233154297
7.0 9.369903001 193.26065063476562 94.6555404663086
8.0 9.369903001 193.26065063476562 94.6555404663086
9.0 9.369903001 182.0948486328125 51.94306182861328
10.0 9.369903001 182.0948486328125 51.94306182861328
11.0 9.369903001 1083.2861328125 142.52049255371094
0.0 9.413969001 33.06990051269531 119.75056457519531
1.0 9.413969001 33.06990051269531 119.75056457519531
2.0 9.413969001 51.42349624633789 125.96383666992188
3.0 9.413969001 51.42349624633789 125.96383666992188
4.0 9.413969001 124.0036392211914 119.98658752441406
5.0 9.413969001 124.0036392211914 119.98658752441406
6.0 9.413969001 96.79483032226562 26.51386070251465
7.0 9.413969001 194.29563903808594 88.9925537109375
8.0 9.413969001 194.29563903808594 88.9925537109375
9.0 9.413969001 179.9545135498047 47.517948150634766
10.0 9.413969001 179.9545135498047 47.517948150634766
11.0 9.413969001 1109.3759765625 134.44677734375
0.0 9.458034001 36.35651779174805 126.4101333618164
1.0 9.458034001 36.35651779174805 126.4101333618164
2.0 9.458034001 54.9773063659668 131.51950073242188
3.0 9.458034001 54.9773063659668 131.51950073242188
4.0 9.458034001 127.10577392578125 120.25442504882812
5.0 9.458034001 127.10577392578125 120.25442504882812
6.0 9.458034001 92.7860336303711 28.852380752563477
7.0 9.458034001 194.902587890625 84.12641143798828
8.0 9.458034001 194.902587890625 84.12641143798828
9.0 9.458034001 177.49436950683594 44.02880859375
10.0 9.458034001 177.49436950683594 44.02880859375
11.0 9.458034001 1135.1627197265625 138.28518676757812
0.0 9.5021 38.950870513916016 132.00624084472656
1.0 9.5021 38.950870513916016 132.00624084472656
2.0 9.5021 57.795188903808594 136.24575805664062
3.0 9.5021 57.795188903808594 136.24575805664062
4.0 9.5021 129.27377319335938 120.76820373535156
5.0 9.5021 129.27377319335938 120.76820373535156
6.0 9.5021 89.30696105957031 31.48107147216797
7.0 9.5021 194.74159240722656 80.58280181884766
8.0 9.5021 194.74159240722656 80.58280181884766
9.0 9.5021 174.7250213623047 41.920413970947266
10.0 9.5021 174.7250213623047 41.920413970947266
11.0 9.5021 1160.460693359375 139.60812377929688
0.0 9.546165001 40.81367492675781 136.2366943359375
1.0 9.546165001 40.81367492675781 136.2366943359375
2.0 9.546165001 59.7856559753418 139.7713165283203
3.0 9.546165001 59.7856559753418 139.7713165283203
4.0 9.546165001 130.5775604248047 121.29376220703125
5.0 9.546165001 130.5775604248047 121.29376220703125
6.0 9.546165001 86.56402587890625 33.779388427734375
7.0 9.546165001 194.21499633789062 78.19542694091797
8.0 9.546165001 194.21499633789062 78.19542694091797
9.0 9.546165001 172.396728515625 40.668338775634766
10.0 9.546165001 172.396728515625 40.668338775634766
11.0 9.546165001 1186.50048828125 138.49537658691406
0.0 9.590230001 41.323604583740234 138.26661682128906
1.0 9.590230001 41.323604583740234 138.26661682128906
2.0 9.590230001 60.37736129760742 141.3970489501953
3.0 9.590230001 60.37736129760742 141.3970489501953
4.0 9.590230001 130.73257446289062 121.17768859863281
5.0 9.590230001 130.73257446289062 121.17768859863281
6.0 9.590230001 84.43321228027344 34.77150344848633
7.0 9.590230001 193.19381713867188 76.40939331054688
8.0 9.590230001 193.19381713867188 76.40939331054688
9.0 9.590230001 170.44651794433594 39.59627914428711
10.0 9.590230001 170.44651794433594 39.59627914428711
11.0 9.590230001 1212.80224609375 139.46133422851562
0.0 9.634296 40.62767028808594 137.93984985351562
1.0 9.634296 40.62767028808594 137.93984985351562
2.0 9.634296 59.760772705078125 140.89849853515625
3.0 9.634296 59.760772705078125 140.89849853515625
4.0 9.634296 130.0477752685547 120.22203063964844
5.0 9.634296 130.0477752685547 120.22203063964844
6.0 9.634296 83.08515167236328 34.12016296386719
7.0 9.634296 192.07672119140625 74.99403381347656
8.0 9.634296 192.07672119140625 74.99403381347656
9.0 9.634296 169.2317352294922 38.46245193481445
10.0 9.634296 169.2317352294922 38.46245193481445
11.0 9.634296 1239.008056640625 140.81900024414062
0.0 9.678361 38.58572769165039 135.23939514160156
1.0 9.678361 38.58572769165039 135.23939514160156
2.0 9.678361 57.75770568847656 138.72122192382812
3.0 9.678361 57.75770568847656 138.72122192382812
4.0 9.678361 128.77920532226562 120.51847076416016
5.0 9.678361 128.77920532226562 120.51847076416016
6.0 9.678361 84.81935119628906 32.85687255859375
7.0 9.678361 192.10252380371094 77.43045806884766
8.0 9.678361 192.10252380371094 77.43045806884766
9.0 9.678361 170.81785583496094 40.151527404785156
10.0 9.678361 170.81785583496094 40.151527404785156
11.0 9.678361 1267.546142578125 139.958251953125
0.0 9.722426 35.631568908691406 130.74502563476562
1.0 9.722426 35.631568908691406 130.74502563476562
2.0 9.722426 54.79886245727539 135.16326904296875
3.0 9.722426 54.79886245727539 135.16326904296875
4.0 9.722426 126.85231018066406 121.2239761352539
5.0 9.722426 126.85231018066406 121.2239761352539
6.0 9.722426 88.18738555908203 31.14944076538086
7.0 9.722426 192.2649688720703 81.92475891113281
8.0 9.722426 192.2649688720703 81.92475891113281
9.0 9.722426 173.68406677246094 43.35266876220703
10.0 9.722426 173.68406677246094 43.35266876220703
11.0 9.722426 1294.6337890625 147.68411254882812
0.0 9.766492 32.5257568359375 123.638671875
1.0 9.766492 32.5257568359375 123.638671875
2.0 9.766492 51.56007766723633 129.23800659179688
3.0 9.766492 51.56007766723633 129.23800659179688
4.0 9.766492 124.59003448486328 120.89341735839844
5.0 9.766492 124.59003448486328 120.89341735839844
6.0 9.766492 93.1167984008789 28.21510124206543
7.0 9.766492 192.4677276611328 86.78387451171875
8.0 9.766492 192.4677276611328 86.78387451171875
9.0 9.766492 177.5266876220703 46.70684051513672
10.0 9.766492 177.5266876220703 46.70684051513672
11.0 9.766492 1322.5625 137.59683227539062
0.0 9.810557 30.25057029724121 116.38086700439453
1.0 9.810557 30.25057029724121 116.38086700439453
2.0 9.810557 49.06636047363281 123.10169982910156
3.0 9.810557 49.06636047363281 123.10169982910156
4.0 9.810557 122.57708740234375 120.38926696777344
5.0 9.810557 122.57708740234375 120.38926696777344
6.0 9.810557 98.39779663085938 25.762195587158203
7.0 9.810557 192.5807342529297 91.61787414550781
8.0 9.810557 192.5807342529297 91.61787414550781
9.0 9.810557 181.3782501220703 50.3250732421875
10.0 9.810557 181.3782501220703 50.3250732421875
11.0 9.810557 1349.598388671875 148.14572143554688
0.0 9.854622 28.971830368041992 109.80635070800781
1.0 9.854622 28.971830368041992 109.80635070800781
2.0 9.854622 47.58202362060547 117.50170135498047
3.0 9.854622 47.58202362060547 117.50170135498047
4.0 9.854622 121.20077514648438 119.6705322265625
5.0 9.854622 121.20077514648438 119.6705322265625
6.0 9.854622 103.29126739501953 23.910785675048828
7.0 9.854622 192.7200927734375 95.58383178710938
8.0 9.854622 192.7200927734375 95.58383178710938
9.0 9.854622 184.7048797607422 53.51022720336914
10.0 9.854622 184.7048797607422 53.51022720336914
11.0 9.854622 1378.4781494140625 141.6212158203125
0.0 9.898688 27.27994728088379 102.45745849609375
1.0 9.898688 27.27994728088379 102.45745849609375
2.0 9.898688 45.647151947021484 110.96525573730469
3.0 9.898688 45.647151947021484 110.96525573730469
4.0 9.898688 119.02601623535156 117.6133804321289
5.0 9.898688 119.02601623535156 117.6133804321289
6.0 9.898688 106.99181365966797 21.187829971313477
7.0 9.898688 191.7000274658203 98.002685546875
8.0 9.898688 191.7000274658203 98.002685546875
9.0 9.898688 186.7965545654297 55.334381103515625
10.0 9.898688 186.7965545654297 55.334381103515625
11.0 9.898688 1405.944580078125 140.45480346679688
0.0 9.942753 24.907556533813477 93.48706817626953
1.0 9.942753 24.907556533813477 93.48706817626953
2.0 9.942753 42.807212829589844 103.16522216796875
3.0 9.942753 42.807212829589844 103.16522216796875
4.0 9.942753 115.36278533935547 115.87577819824219
5.0 9.942753 115.36278533935547 115.87577819824219
6.0 9.942753 111.4085922241211 19.19025993347168
7.0 9.942753 189.21588134765625 102.4113998413086
8.0 9.942753 189.21588134765625 102.4113998413086
9.0 9.942753 188.5840301513672 59.28489685058594
10.0 9.942753 188.5840301513672 59.28489685058594
11.0 9.942753 1428.03662109375 162.57777404785156
0.0 9.986819001 24.62095069885254 84.79828643798828
1.0 9.986819001 24.62095069885254 84.79828643798828
2.0 9.986819001 41.82973098754883 95.81129455566406
3.0 9.986819001 41.82973098754883 95.81129455566406
4.0 9.986819001 112.70481872558594 115.97946166992188
5.0 9.986819001 112.70481872558594 115.97946166992188
6.0 9.986819001 118.33390045166016 19.744680404663086
7.0 9.986819001 187.2872772216797 110.0133056640625
8.0 9.986819001 187.2872772216797 110.0133056640625
9.0 9.986819001 191.76605224609375 66.86965942382812
10.0 9.986819001 191.76605224609375 66.86965942382812
11.0 9.986819001 1455.2452392578125 134.1738739013672
0.0 10.030884 25.399805068969727 75.50691223144531
1.0 10.030884 25.399805068969727 75.50691223144531
2.0 10.030884 41.71446990966797 87.81346893310547
3.0 10.030884 41.71446990966797 87.81346893310547
4.0 10.030884 110.06879425048828 115.60822296142578
5.0 10.030884 110.06879425048828 115.60822296142578
6.0 10.030884 125.48670959472656 20.753700256347656
7.0 10.030884 184.61273193359375 117.4830093383789
8.0 10.030884 184.61273193359375 117.4830093383789
9.0 10.030884 194.4442138671875 74.7994155883789
10.0 10.030884 194.4442138671875 74.7994155883789
11.0 10.030884 1484.09716796875 131.06396484375
0.0 10.074949 26.69274139404297 66.87998962402344
1.0 10.074949 26.69274139404297 66.87998962402344
2.0 10.074949 42.3957405090332 80.24097442626953
3.0 10.074949 42.3957405090332 80.24097442626953
4.0 10.074949 108.14923858642578 113.98078918457031
5.0 10.074949 108.14923858642578 113.98078918457031
6.0 10.074949 131.21827697753906 20.79254150390625
7.0 10.074949 181.97889709472656 122.06975555419922
8.0 10.074949 181.97889709472656 122.06975555419922
9.0 10.074949 196.0924835205078 80.31269836425781
10.0 10.074949 196.0924835205078 80.31269836425781
11.0 10.074949 1509.2259521484375 140.50921630859375
0.0 10.119015001 28.607370376586914 59.769290924072266
1.0 10.119015001 28.607370376586914 59.769290924072266
2.0 10.119015001 43.54803466796875 73.90451049804688
3.0 10.119015001 43.54803466796875 73.90451049804688
4.0 10.119015001 106.56812286376953 112.62039184570312
5.0 10.119015001 106.56812286376953 112.62039184570312
6.0 10.119015001 136.45103454589844 21.517004013061523
7.0 10.119015001 179.46031188964844 126.29374694824219
8.0 10.119015001 179.46031188964844 126.29374694824219
9.0 10.119015001 197.2832489013672 85.62847900390625
10.0 10.119015001 197.2832489013672 85.62847900390625
11.0 10.119015001 1537.3533935546875 150.94775390625
0.0 10.163080001 31.474632263183594 51.953128814697266
1.0 10.163080001 31.474632263183594 51.953128814697266
2.0 10.163080001 45.48943328857422 67.06094360351562
3.0 10.163080001 45.48943328857422 67.06094360351562
4.0 10.163080001 105.01988983154297 111.43919372558594
5.0 10.163080001 105.01988983154297 111.43919372558594
6.0 10.163080001 142.3968505859375 22.988521575927734
7.0 10.163080001 176.1362762451172 131.17799377441406
8.0 10.163080001 176.1362762451172 131.17799377441406
9.0 10.163080001 198.14271545410156 92.15489196777344
10.0 10.163080001 198.14271545410156 92.15489196777344
11.0 10.163080001 1561.6624755859375 176.0749969482422
0.0 10.207145001 34.759498596191406 44.57258224487305
1.0 10.207145001 34.759498596191406 44.57258224487305
2.0 10.207145001 47.727046966552734 60.62131118774414
3.0 10.207145001 47.727046966552734 60.62131118774414
4.0 10.207145001 103.30113983154297 110.28394317626953
5.0 10.207145001 103.30113983154297 110.28394317626953
6.0 10.207145001 147.9297332763672 25.042112350463867
7.0 10.207145001 172.18405151367188 135.9156036376953
8.0 10.207145001 172.18405151367188 135.9156036376953
9.0 10.207145001 198.21548461914062 98.80701446533203
10.0 10.207145001 198.21548461914062 98.80701446533203
11.0 10.207145001 1556.320068359375 329.25799560546875
0.0 10.251211001 38.54392623901367 38.59690475463867
1.0 10.251211001 38.54392623901367 38.59690475463867
2.0 10.251211001 50.554847717285156 55.42249298095703
3.0 10.251211001 50.554847717285156 55.42249298095703
4.0 10.251211001 102.12779998779297 109.57304382324219
5.0 10.251211001 102.12779998779297 109.57304382324219
6.0 10.251211001 153.2009735107422 27.72329330444336
7.0 10.251211001 168.6820526123047 140.35174560546875
8.0 10.251211001 168.6820526123047 140.35174560546875
9.0 10.251211001 198.15098571777344 105.26492309570312
10.0 10.251211001 198.15098571777344 105.26492309570312
11.0 10.251211001 356.320068359375 1129.258056640625
0.0 10.295276001 42.2586784362793 33.616634368896484
1.0 10.295276001 42.2586784362793 33.616634368896484
2.0 10.295276001 53.378929138183594 51.117149353027344
3.0 10.295276001 53.378929138183594 51.117149353027344
4.0 10.295276001 101.28131103515625 108.9216537475586
5.0 10.295276001 101.28131103515625 108.9216537475586
6.0 10.295276001 157.67271423339844 30.34722900390625
7.0 10.295276001 165.33509826660156 143.84765625
8.0 10.295276001 165.33509826660156 143.84765625
9.0 10.295276001 197.58287048339844 110.79317474365234
10.0 10.295276001 197.58287048339844 110.79317474365234
11.0 10.295276001 356.320068359375 1229.258056640625
0.0 10.339341001 46.53491973876953 28.102214813232422
1.0 10.339341001 46.53491973876953 28.102214813232422
2.0 10.339341001 56.6229362487793 46.216041564941406
3.0 10.339341001 56.6229362487793 46.216041564941406
4.0 10.339341001 100.24862670898438 107.71991729736328
5.0 10.339341001 100.24862670898438 107.71991729736328
6.0 10.339341001 162.3603057861328 33.1378059387207
7.0 10.339341001 161.4769744873047 147.06744384765625
8.0 10.339341001 161.4769744873047 147.06744384765625
9.0 10.339341001 196.59722900390625 116.30181884765625
10.0 10.339341001 196.59722900390625 116.30181884765625
11.0 10.339341001 456.320068359375 1129.258056640625
0.0 10.383407001 51.325199127197266 23.962961196899414
1.0 10.383407001 51.325199127197266 23.962961196899414
2.0 10.383407001 60.341712951660156 42.682735443115234
3.0 10.383407001 60.341712951660156 42.682735443115234
4.0 10.383407001 99.41100311279297 107.5807876586914
5.0 10.383407001 99.41100311279297 107.5807876586914
6.0 10.383407001 166.89535522460938 37.50629425048828
7.0 10.383407001 157.4978790283203 151.04086303710938
8.0 10.383407001 157.4978790283203 151.04086303710938
9.0 10.383407001 195.2867431640625 122.84302520751953
10.0 10.383407001 195.2867431640625 122.84302520751953
11.0 10.383407001 556.320068359375 1129.258056640625
0.0 10.427472001 55.94552993774414 18.521961212158203
1.0 10.427472001 55.94552993774414 18.521961212158203
2.0 10.427472001 63.723968505859375 37.78900146484375
3.0 10.427472001 63.723968505859375 37.78900146484375
4.0 10.427472001 97.68682861328125 105.91458892822266
5.0 10.427472001 97.68682861328125 105.91458892822266
6.0 10.427472001 170.59384155273438 41.111236572265625
7.0 10.427472001 152.1389923095703 153.46031188964844
8.0 10.427472001 152.1389923095703 153.46031188964844
9.0 10.427472001 192.5920867919922 128.07872009277344
10.0 10.427472001 192.5920867919922 128.07872009277344
11.0 10.427472001 856.320068359375 1029.258056640625
0.0 10.471538 62.81233215332031 12.932090759277344
1.0 10.471538 62.81233215332031 12.932090759277344
2.0 10.471538 69.0859146118164 32.66731262207031
3.0 10.471538 69.0859146118164 32.66731262207031
4.0 10.471538 96.53192138671875 104.0999755859375
5.0 10.471538 96.53192138671875 104.0999755859375
6.0 10.471538 175.40081787109375 46.39037322998047
7.0 10.471538 146.13479614257812 156.21987915039062
8.0 10.471538 146.13479614257812 156.21987915039062
9.0 10.471538 189.55230712890625 134.58551025390625
10.0 10.471538 189.55230712890625 134.58551025390625
11.0 10.471538 856.320068359375 954.258056640625
0.0 10.515603 69.26944732666016 8.990742683410645
1.0 10.515603 69.26944732666016 8.990742683410645
2.0 10.515603 74.19728088378906 29.07891082763672
3.0 10.515603 74.19728088378906 29.07891082763672
4.0 10.515603 95.93482208251953 102.8418197631836
5.0 10.515603 95.93482208251953 102.8418197631836
6.0 10.515603 179.18980407714844 51.58611297607422
7.0 10.515603 141.1811981201172 158.38949584960938
8.0 10.515603 141.1811981201172 158.38949584960938
9.0 10.515603 186.9158935546875 140.1146240234375
10.0 10.515603 186.9158935546875 140.1146240234375
11.0 10.515603 853.195068359375 879.258056640625
0.0 10.559668001 73.75138092041016 5.82473087310791
1.0 10.559668001 73.75138092041016 5.82473087310791
2.0 10.559668001 77.66525268554688 26.15087890625
3.0 10.559668001 77.66525268554688 26.15087890625
4.0 10.559668001 95.20956420898438 101.26002502441406
5.0 10.559668001 95.20956420898438 101.26002502441406
6.0 10.559668001 181.28382873535156 54.875587463378906
7.0 10.559668001 137.17588806152344 159.08201599121094
8.0 10.559668001 137.17588806152344 159.08201599121094
9.0 10.559668001 184.533447265625 143.14749145507812
10.0 10.559668001 184.533447265625 143.14749145507812
11.0 10.559668001 853.195068359375 879.258056640625
0.0 10.603734 79.12937927246094 2.7186827659606934
1.0 10.603734 79.12937927246094 2.7186827659606934
2.0 10.603734 81.53115844726562 23.869863510131836
3.0 10.603734 81.53115844726562 23.869863510131836
4.0 10.603734 94.32946014404297 100.28785705566406
5.0 10.603734 94.32946014404297 100.28785705566406
6.0 10.603734 183.09735107421875 59.431495666503906
7.0 10.603734 132.5403289794922 160.2892608642578
8.0 10.603734 132.5403289794922 160.2892608642578
9.0 10.603734 181.37356567382812 147.15582275390625
10.0 10.603734 181.37356567382812 147.15582275390625
11.0 10.603734 453.195068359375 879.258056640625
0.0 10.647799 82.72972106933594 1.4219447374343872
1.0 10.647799 82.72972106933594 1.4219447374343872
2.0 10.647799 83.98822021484375 23.89129638671875
3.0 10.647799 83.98822021484375 23.89129638671875
4.0 10.647799 93.7083511352539 101.0355453491211
5.0 10.647799 93.7083511352539 101.0355453491211
6.0 10.647799 184.02188110351562 63.76125717163086
7.0 10.647799 129.5348663330078 162.25613403320312
8.0 10.647799 129.5348663330078 162.25613403320312
9.0 10.647799 179.20318603515625 150.8987274169922
10.0 10.647799 179.20318603515625 150.8987274169922
11.0 10.647799 428.195068359375 1029.258056640625
0.0 10.691864 85.0344467163086 0.05930515006184578
1.0 10.691864 85.0344467163086 0.05930515006184578
2.0 10.691864 85.7339859008789 24.262632369995117
3.0 10.691864 85.7339859008789 24.262632369995117
4.0 10.691864 94.30497741699219 101.68472290039062
5.0 10.691864 94.30497741699219 101.68472290039062
6.0 10.691864 185.13970947265625 65.75435638427734
7.0 10.691864 129.16494750976562 163.30958557128906
8.0 10.691864 129.16494750976562 163.30958557128906
9.0 10.691864 179.17689514160156 152.63641357421875
10.0 10.691864 179.17689514160156 152.63641357421875
11.0 10.691864 478.195068359375 929.258056640625
0.0 10.73593 85.19254302978516 0.17812587320804596
1.0 10.73593 85.19254302978516 0.17812587320804596
2.0 10.73593 85.97856903076172 26.563383102416992
3.0 10.73593 85.97856903076172 26.563383102416992
4.0 10.73593 94.75177001953125 104.0841293334961
5.0 10.73593 94.75177001953125 104.0841293334961
6.0 10.73593 185.5044708251953 67.73373413085938
7.0 10.73593 129.90113830566406 165.48092651367188
8.0 10.73593 129.90113830566406 165.48092651367188
9.0 10.73593 179.80181884765625 154.7229766845703
10.0 10.73593 179.80181884765625 154.7229766845703
11.0 10.73593 515.695068359375 954.258056640625
0.0 10.779995 82.52240753173828 -7.247441291809082
1.0 10.779995 82.52240753173828 -7.247441291809082
2.0 10.779995 85.4614028930664 28.16031837463379
3.0 10.779995 85.4614028930664 28.16031837463379
4.0 10.779995 95.83524322509766 105.48526000976562
5.0 10.779995 95.83524322509766 105.48526000976562
6.0 10.779995 185.87774658203125 67.1633071899414
7.0 10.779995 132.3483428955078 166.1692657470703
8.0 10.779995 132.3483428955078 166.1692657470703
9.0 10.779995 181.8456573486328 154.3577880859375
10.0 10.779995 181.8456573486328 154.3577880859375
11.0 10.779995 590.695068359375 1004.258056640625
0.0 10.824061001 98.1926040649414 -42.0419921875
1.0 10.824061001 98.1926040649414 -42.0419921875
2.0 10.824061001 84.31565856933594 30.836669921875
3.0 10.824061001 84.31565856933594 30.836669921875
4.0 10.824061001 96.52555847167969 107.8747329711914
5.0 10.824061001 96.52555847167969 107.8747329711914
6.0 10.824061001 185.6610565185547 67.22997283935547
7.0 10.824061001 134.60960388183594 167.6376495361328
8.0 10.824061001 134.60960388183594 167.6376495361328
9.0 10.824061001 183.57315063476562 154.71546936035156
10.0 10.824061001 183.57315063476562 154.71546936035156
11.0 10.824061001 150.695068359375 1444.258056640625
