7.298831000
7.342897001
7.386962001
7.431027000
7.475093001
7.519158001
7.563223001
7.607289001
7.651354001
7.695420000
7.739485001
7.783550001
7.827616000
7.871681000
7.915746000
7.959812000
8.003877000
8.047942000
8.092008000
8.136073000
8.180139001
8.224204000
8.268269000
8.312335001
8.356400001
8.400465001
8.444531001
8.488596001
8.532661001
8.576727001
8.620792001
8.664858000
8.708923000
8.752988001
8.797054000
8.841119000
8.885184000
8.929250000
8.973315000
9.017380000
9.061446000
9.105511000
9.149577001
9.193642001
9.237707000
9.281773001
9.325838001
9.369903001
9.413969001
9.458034001
9.502100000
9.546165001
9.590230001
9.634296000
9.678361000
9.722426000
9.766492000
9.810557000
9.854622000
9.898688000
9.942753000
9.986819001
10.030884000
10.074949000
10.119015001
10.163080001
10.207145001
10.251211001
10.295276001
10.339341001
10.383407001
10.427472001
10.471538000
10.515603000
10.559668001
10.603734000
10.647799000
10.691864000
10.735930000
10.779995000
10.824061001
