0.0 15.202934 149.0 6.0
1.0 15.202934 166.0 8.0
2.0 15.202934 174.0 14.0
3.0 15.202934 174.0 19.0
4.0 15.202934 39.0 25.0
5.0 15.202934 129.0 33.0
6.0 15.202934 35.0 34.0
7.0 15.202934 23.0 35.0
8.0 15.202934 21.0 38.0
9.0 15.202934 35.0 39.0
10.0 15.202934 34.0 50.0
11.0 15.202934 22.0 51.0
12.0 15.202934 37.0 55.0
13.0 15.202934 18.0 56.0
14.0 15.202934 129.0 69.0
15.0 15.202934 132.0 69.0
16.0 15.202934 228.0 107.0
17.0 15.202934 53.0 109.0
18.0 15.202934 232.0 111.0
19.0 15.202934 57.0 113.0
0.0 15.249 147.54359436035156 4.710818290710449
1.0 15.249 164.32211303710938 7.356264591217041
2.0 15.249 172.48529052734375 13.28901481628418
3.0 15.249 172.51907348632812 18.137985229492188
4.0 15.249 37.46639633178711 24.995349884033203
5.0 15.249 127.42897033691406 32.41681671142578
6.0 15.249 32.95975875854492 34.11261749267578
7.0 15.249 20.9981689453125 35.261688232421875
8.0 15.249 19.184293746948242 38.66545867919922
9.0 15.249 33.24386215209961 39.81507110595703
10.0 15.249 32.50319290161133 50.03020095825195
11.0 15.249 20.505395889282227 51.05396270751953
12.0 15.249 35.4532356262207 55.02482986450195
13.0 15.249 16.50472640991211 56.08084487915039
14.0 15.249 127.48870849609375 68.31836700439453
15.0 15.249 130.49310302734375 68.30181884765625
16.0 15.249 226.91940307617188 105.80391693115234
17.0 15.249 51.55192947387695 108.76216125488281
18.0 15.249 231.0908660888672 109.8516845703125
19.0 15.249 55.55695343017578 112.74264526367188
0.0 15.295064999 145.12599182128906 1.5421562194824219
1.0 15.295064999 161.73973083496094 4.803822040557861
2.0 15.295064999 169.93951416015625 10.928492546081543
3.0 15.295064999 169.95875549316406 15.692886352539062
4.0 15.295064999 34.74607467651367 23.45035743713379
5.0 15.295064999 124.80459594726562 30.329214096069336
6.0 15.295064999 30.3784122467041 32.490264892578125
7.0 15.295064999 18.48988914489746 33.80268096923828
8.0 15.295064999 16.360881805419922 37.98970413208008
9.0 15.295064999 30.301782608032227 39.586158752441406
10.0 15.295064999 29.907243728637695 48.62771987915039
11.0 15.295064999 17.928218841552734 49.68172073364258
12.0 15.295064999 32.92699432373047 53.638858795166016
13.0 15.295064999 13.924886703491211 54.78533935546875
14.0 15.295064999 125.00230407714844 66.01258850097656
15.0 15.295064999 128.00155639648438 65.99017333984375
16.0 15.295064999 224.9039764404297 103.09815979003906
17.0 15.295064999 49.09642028808594 106.98881530761719
18.0 15.295064999 229.1854248046875 107.24479675292969
19.0 15.295064999 53.085594177246094 110.88796997070312
0.0 15.34113 142.23899841308594 -21.86482048034668
1.0 15.34113 158.93238830566406 2.0023128986358643
2.0 15.34113 167.63259887695312 9.383054733276367
3.0 15.34113 167.67034912109375 14.062796592712402
4.0 15.34113 32.11836624145508 22.22843360900879
5.0 15.34113 122.22583770751953 28.983766555786133
6.0 15.34113 28.140392303466797 30.8338565826416
7.0 15.34113 15.90532112121582 32.57046127319336
8.0 15.34113 13.726296424865723 36.623130798339844
9.0 15.34113 27.827482223510742 36.65040588378906
10.0 15.34113 27.197067260742188 47.54779815673828
11.0 15.34113 15.334816932678223 48.599090576171875
12.0 15.34113 30.18558692932129 52.56783676147461
13.0 15.34113 11.320242881774902 53.722896575927734
14.0 15.34113 122.41860961914062 64.4409408569336
15.0 15.34113 125.42356872558594 64.41717529296875
16.0 15.34113 222.6939697265625 101.2553482055664
17.0 15.34113 46.435890197753906 105.62820434570312
18.0 15.34113 227.09649658203125 105.44815826416016
19.0 15.34113 50.411800384521484 109.49729919433594
0.0 15.387196 141.25990295410156 -56.56707000732422
1.0 15.387196 158.37469482421875 -9.878552436828613
2.0 15.387196 166.78465270996094 8.362424850463867
3.0 15.387196 166.8106689453125 12.98670482635498
4.0 15.387196 31.193138122558594 21.02305030822754
5.0 15.387196 121.41297149658203 27.82106590270996
6.0 15.387196 27.007688522338867 29.95418930053711
7.0 15.387196 14.897148132324219 31.32478141784668
8.0 15.387196 12.882102012634277 34.53382873535156
9.0 15.387196 26.685075759887695 36.8170166015625
10.0 15.387196 26.133384704589844 46.389320373535156
11.0 15.387196 14.204614639282227 47.395992279052734
12.0 15.387196 29.106735229492188 51.405696868896484
13.0 15.387196 10.148263931274414 52.48967742919922
14.0 15.387196 121.73860931396484 63.179683685302734
15.0 15.387196 124.74886322021484 63.14405822753906
16.0 15.387196 222.1558837890625 100.1127700805664
17.0 15.387196 45.50419998168945 104.36125946044922
18.0 15.387196 226.63528442382812 104.32733917236328
19.0 15.387196 49.50680160522461 108.1778335571289
0.0 15.433260999 142.4150390625 -87.79463958740234
1.0 15.433260999 159.41064453125 -45.10072326660156
2.0 15.433260999 168.548828125 7.399548530578613
3.0 15.433260999 168.57159423828125 12.02020263671875
4.0 15.433260999 32.5461540222168 19.247922897338867
5.0 15.433260999 123.23478698730469 26.565359115600586
6.0 15.433260999 28.283090591430664 28.146167755126953
7.0 15.433260999 16.130083084106445 29.438596725463867
8.0 15.433260999 13.929828643798828 33.2180061340332
9.0 15.433260999 27.73369026184082 36.71157455444336
10.0 15.433260999 27.391029357910156 44.53102111816406
11.0 15.433260999 15.32858657836914 45.51010513305664
12.0 15.433260999 30.338275909423828 49.571163177490234
13.0 15.433260999 11.236042976379395 50.62495040893555
14.0 15.433260999 123.73184204101562 61.83967590332031
15.0 15.433260999 126.75782012939453 61.773956298828125
16.0 15.433260999 223.97312927246094 99.67318725585938
17.0 15.433260999 46.953773498535156 102.57199096679688
18.0 15.433260999 228.5572509765625 103.73922729492188
19.0 15.433260999 50.989768981933594 106.39948272705078
0.0 15.479326999 147.54458618164062 -111.73853302001953
1.0 15.479326999 165.46434020996094 -80.41096496582031
2.0 15.479326999 173.52503967285156 6.125744819641113
3.0 15.479326999 173.55914306640625 10.967997550964355
4.0 15.479326999 36.94407272338867 17.533767700195312
5.0 15.479326999 128.4724578857422 25.29337501525879
6.0 15.479326999 32.76851272583008 26.392108917236328
7.0 15.479326999 20.414777755737305 27.683706283569336
8.0 15.479326999 18.033233642578125 32.17472839355469
9.0 15.479326999 31.587549209594727 39.94774627685547
10.0 15.479326999 31.834074020385742 42.69915771484375
11.0 15.479326999 19.548904418945312 43.75724411010742
12.0 15.479326999 34.8194694519043 47.73843002319336
13.0 15.479326999 15.434712409973145 48.918701171875
14.0 15.479326999 116.1903076171875 73.87590026855469
15.0 15.479326999 118.07608795166016 74.59549713134766
16.0 15.479326999 229.5902099609375 99.18929290771484
17.0 15.479326999 52.45716857910156 100.72572326660156
18.0 15.479326999 234.20245361328125 102.9930419921875
19.0 15.479326999 56.53438186645508 104.59614562988281
0.0 15.525392 154.3131866455078 -139.29425048828125
1.0 15.525392 170.0201873779297 -87.97064208984375
2.0 15.525392 180.49293518066406 6.0535783767700195
3.0 15.525392 180.71578979492188 11.735429763793945
4.0 15.525392 43.70467758178711 16.430442810058594
5.0 15.525392 135.8852996826172 25.489206314086914
6.0 15.525392 40.008243560791016 24.715003967285156
7.0 15.525392 26.872196197509766 26.30900001525879
8.0 15.525392 24.56981658935547 30.307024002075195
9.0 15.525392 38.376670837402344 38.211280822753906
10.0 15.525392 38.46839904785156 41.52346420288086
11.0 15.525392 25.896671295166016 42.34986114501953
12.0 15.525392 41.42776107788086 46.5711669921875
13.0 15.525392 21.70330810546875 47.450443267822266
14.0 15.525392 124.47615814208984 73.92385864257812
15.0 15.525392 126.40010070800781 74.65644073486328
16.0 15.525392 238.9913787841797 100.96367645263672
17.0 15.525392 53.82765197753906 100.4379653930664
18.0 15.525392 262.10888671875 104.4885482788086
19.0 15.525392 50.4886474609375 105.43985748291016
0.0 15.571457 162.042236328125 -161.7973175048828
1.0 15.571457 177.46929931640625 -110.5119857788086
2.0 15.571457 189.57139587402344 5.838100433349609
3.0 15.571457 190.07196044921875 12.590607643127441
4.0 15.571457 28.28200912475586 -45.3219108581543
5.0 15.571457 145.1023406982422 25.520097732543945
6.0 15.571457 48.57686233520508 23.218006134033203
7.0 15.571457 35.3499641418457 24.307931900024414
8.0 15.571457 39.712955474853516 22.14206886291504
9.0 15.571457 46.885623931884766 37.1750602722168
10.0 15.571457 47.11642074584961 39.6861457824707
11.0 15.571457 34.20608139038086 40.4241828918457
12.0 15.571457 50.063472747802734 44.73336410522461
13.0 15.571457 29.962417602539062 45.50165939331055
14.0 15.571457 135.14588928222656 73.72565460205078
15.0 15.571457 137.0622100830078 74.51242065429688
16.0 15.571457 238.32296752929688 103.88106536865234
17.0 15.571457 63.762393951416016 98.71986389160156
18.0 15.571457 274.8713073730469 110.14945983886719
19.0 15.571457 60.579200744628906 103.67900848388672
0.0 15.617522999 171.5836944580078 -187.40513610839844
1.0 15.617522999 187.03369140625 -143.2082061767578
2.0 15.617522999 198.60560607910156 2.8064982891082764
3.0 15.617522999 200.3002471923828 12.90217113494873
4.0 15.617522999 -1296.1005859375 -641.6842041015625
5.0 15.617522999 155.2108917236328 24.60511016845703
6.0 15.617522999 58.21229934692383 20.11126136779785
7.0 15.617522999 44.61540603637695 20.960437774658203
8.0 15.617522999 33.45486068725586 24.27029037475586
9.0 15.617522999 56.3048095703125 34.02993392944336
10.0 15.617522999 56.50560760498047 36.58161163330078
11.0 15.617522999 43.27752685546875 37.12331008911133
12.0 15.617522999 59.406131744384766 41.66120529174805
13.0 15.617522999 38.97921371459961 42.16797637939453
14.0 15.617522999 146.43392944335938 72.80632019042969
15.0 15.617522999 148.40298461914062 73.6041488647461
16.0 15.617522999 273.5732116699219 106.54782104492188
17.0 15.617522999 74.38899993896484 95.72553253173828
18.0 15.617522999 302.8818054199219 111.885498046875
19.0 15.617522999 71.33223724365234 100.60221862792969
0.0 15.663587999 178.7797088623047 -219.13409423828125
1.0 15.663587999 194.66961669921875 -177.1729736328125
2.0 15.663587999 201.88037109375 -8.750476837158203
3.0 15.663587999 209.44839477539062 14.486614227294922
4.0 15.663587999 -1146.1005859375 -791.6842041015625
5.0 15.663587999 164.27516174316406 25.197797775268555
6.0 15.663587999 66.76832580566406 18.88568878173828
7.0 15.663587999 53.046875 19.349878311157227
8.0 15.663587999 41.81509780883789 22.4257755279541
9.0 15.663587999 64.75484466552734 32.65388107299805
10.0 15.663587999 64.9895248413086 35.132572174072266
11.0 15.663587999 51.46730422973633 35.363800048828125
12.0 15.663587999 67.86295318603516 40.2619743347168
13.0 15.663587999 47.127174377441406 40.37419128417969
14.0 15.663587999 156.9091796875 73.4715805053711
15.0 15.663587999 158.90542602539062 74.3077163696289
16.0 15.663587999 271.826171875 110.14019012451172
17.0 15.663587999 84.18585968017578 94.60334014892578
18.0 15.663587999 300.6383361816406 115.77915954589844
19.0 15.663587999 81.26361846923828 99.41911315917969
0.0 15.709653 190.53709411621094 -246.83531188964844
1.0 15.709653 97.5294418334961 -183.61891174316406
2.0 15.709653 208.65509033203125 -32.357486724853516
3.0 15.709653 219.64627075195312 15.974814414978027
4.0 15.709653 -1096.1005859375 -941.6842041015625
5.0 15.709653 174.6602783203125 25.816129684448242
6.0 15.709653 76.70650482177734 18.033004760742188
7.0 15.709653 62.719886779785156 18.251874923706055
8.0 15.709653 51.4697151184082 21.18756866455078
9.0 15.709653 74.74193572998047 31.801315307617188
10.0 15.709653 74.95966339111328 34.26775360107422
11.0 15.709653 61.08539962768555 34.2736930847168
12.0 15.709653 77.83358001708984 39.42218017578125
13.0 15.709653 56.66716384887695 39.25051498413086
14.0 15.709653 168.58523559570312 74.45401000976562
15.0 15.709653 170.60768127441406 75.29815673828125
16.0 15.709653 270.7913513183594 106.78247833251953
17.0 15.709653 95.6265640258789 93.95700073242188
18.0 15.709653 352.17962646484375 118.46265411376953
19.0 15.709653 92.76300811767578 98.70987701416016
0.0 15.755719 198.84222412109375 -282.6439208984375
1.0 15.755719 91.04647064208984 -214.90780639648438
2.0 15.755719 218.91546630859375 -58.76472091674805
3.0 15.755719 229.554931640625 14.410350799560547
4.0 15.755719 -1058.6005859375 -941.6842041015625
5.0 15.755719 184.7073516845703 24.02350616455078
6.0 15.755719 86.5753402709961 15.910426139831543
7.0 15.755719 72.16962432861328 16.30996322631836
8.0 15.755719 60.78496170043945 19.69270896911621
9.0 15.755719 84.47795104980469 29.989248275756836
10.0 15.755719 84.71202087402344 32.37236785888672
11.0 15.755719 70.572998046875 32.36262893676758
12.0 15.755719 87.63053894042969 37.48736572265625
13.0 15.755719 66.15792846679688 37.35523986816406
14.0 15.755719 180.40530395507812 73.00147247314453
15.0 15.755719 182.47613525390625 73.79444122314453
16.0 15.755719 228.6697540283203 75.49307250976562
17.0 15.755719 107.45423889160156 91.92105865478516
18.0 15.755719 284.5120544433594 117.36454010009766
19.0 15.755719 104.62734985351562 96.68574523925781
0.0 15.801783999 209.713134765625 -311.2737121582031
1.0 15.801783999 92.18193817138672 -245.54164123535156
2.0 15.801783999 228.0397491455078 -72.76216125488281
3.0 15.801783999 237.16700744628906 11.58566665649414
4.0 15.801783999 -1058.6005859375 -991.6842041015625
5.0 15.801783999 192.71795654296875 21.831239700317383
6.0 15.801783999 94.36306762695312 14.899162292480469
7.0 15.801783999 79.6192855834961 15.84367561340332
8.0 15.801783999 68.2511215209961 19.516111373901367
9.0 15.801783999 92.26251983642578 29.67367935180664
10.0 15.801783999 92.59502410888672 31.7802791595459
11.0 15.801783999 78.34149932861328 32.02362823486328
12.0 15.801783999 95.58240509033203 36.836551666259766
13.0 15.801783999 73.94628143310547 37.05961227416992
14.0 15.801783999 190.47488403320312 71.00234985351562
15.0 15.801783999 192.57369995117188 71.73322296142578
16.0 15.801783999 230.0216827392578 75.24596405029297
17.0 15.801783999 117.94920349121094 90.7286605834961
18.0 15.801783999 217.31588745117188 218.03033447265625
19.0 15.801783999 115.1129379272461 95.5728530883789
0.0 15.847849 214.31396484375 -349.72772216796875
1.0 15.847849 94.56368255615234 -277.7663879394531
2.0 15.847849 229.35739135742188 -92.50112915039062
3.0 15.847849 258.0498962402344 12.021764755249023
4.0 15.847849 -1108.6005859375 -891.6842041015625
5.0 15.847849 196.10865783691406 21.6734676361084
6.0 15.847849 97.95191955566406 14.043230056762695
7.0 15.847849 82.86529541015625 15.326737403869629
8.0 15.847849 71.43915557861328 18.8944091796875
9.0 15.847849 95.48920440673828 29.527990341186523
10.0 15.847849 95.86425018310547 31.484865188598633
11.0 15.847849 81.57344055175781 31.476720809936523
12.0 15.847849 98.92266845703125 36.609657287597656
13.0 15.847849 77.24796295166016 36.52082443237305
14.0 15.847849 194.01376342773438 70.90875244140625
15.0 15.847849 196.1635284423828 71.61942291259766
16.0 15.847849 233.65782165527344 75.25069427490234
17.0 15.847849 121.37014770507812 90.21669006347656
18.0 15.847849 219.50881958007812 214.33941650390625
19.0 15.847849 118.47055053710938 95.096923828125
0.0 15.893915 211.55120849609375 -379.79620361328125
1.0 15.893915 93.06426239013672 -310.27545166015625
2.0 15.893915 231.88523864746094 -158.2551727294922
3.0 15.893915 288.1483459472656 10.19306468963623
4.0 15.893915 -1136.6005859375 132.3157958984375
5.0 15.893915 195.3349609375 19.567689895629883
6.0 15.893915 96.82276916503906 11.949930191040039
7.0 15.893915 81.8603744506836 13.1933012008667
8.0 15.893915 70.49425506591797 16.681678771972656
9.0 15.893915 94.7883071899414 26.936601638793945
10.0 15.893915 94.90984344482422 29.267730712890625
11.0 15.893915 80.56474304199219 29.30058479309082
12.0 15.893915 97.96168518066406 34.3969841003418
13.0 15.893915 76.23353576660156 34.38077926635742
14.0 15.893915 192.47840881347656 68.62026977539062
15.0 15.893915 194.66033935546875 69.34244537353516
16.0 15.893915 232.641845703125 72.44234466552734
17.0 15.893915 119.7191162109375 87.63276672363281
18.0 15.893915 214.61361694335938 228.03565979003906
19.0 15.893915 116.93900299072266 92.48370361328125
0.0 15.939979999 206.83349609375 -411.5113525390625
1.0 15.939979999 88.24556732177734 -341.2164001464844
2.0 15.939979999 229.23651123046875 -198.105224609375
3.0 15.939979999 311.54986572265625 14.750250816345215
4.0 15.939979999 -1178.55419921875 136.00013732910156
5.0 15.939979999 190.2610321044922 19.031814575195312
6.0 15.939979999 91.95390319824219 11.684734344482422
7.0 15.939979999 77.02516174316406 12.738199234008789
8.0 15.939979999 65.68141174316406 16.273496627807617
9.0 15.939979999 89.72417449951172 26.719558715820312
10.0 15.939979999 89.88224029541016 28.81713104248047
11.0 15.939979999 75.66617584228516 28.891855239868164
12.0 15.939979999 92.938720703125 33.94413757324219
13.0 15.939979999 71.33238220214844 34.00029373168945
14.0 15.939979999 185.6034393310547 67.80467224121094
15.0 15.939979999 187.86141967773438 68.50626373291016
16.0 15.939979999 226.09066772460938 70.82208251953125
17.0 15.939979999 132.45001220703125 84.4169921875
18.0 15.939979999 213.74925231933594 293.91705322265625
19.0 15.939979999 126.64187622070312 91.4815902709961
0.0 15.986045999 199.01026916503906 -435.52423095703125
1.0 15.986045999 80.00486755371094 -373.43670654296875
2.0 15.986045999 227.63499450683594 -247.1784210205078
3.0 15.986045999 346.5011291503906 15.735716819763184
4.0 15.986045999 -1211.38232421875 138.1774444580078
5.0 15.986045999 182.50177001953125 18.47241973876953
6.0 15.986045999 105.78711700439453 16.093971252441406
7.0 15.986045999 69.60245513916016 13.801023483276367
8.0 15.986045999 58.392765045166016 17.310527801513672
9.0 15.986045999 82.2282943725586 27.930593490600586
10.0 15.986045999 82.40695190429688 29.735286712646484
11.0 15.986045999 68.37117767333984 29.98039436340332
12.0 15.986045999 85.47943878173828 34.84672164916992
13.0 15.986045999 64.043701171875 35.16352081298828
14.0 15.986045999 175.96449279785156 67.00032043457031
15.0 15.986045999 178.29933166503906 67.65999603271484
16.0 15.986045999 215.9870147705078 68.84720611572266
17.0 15.986045999 123.21359252929688 84.736083984375
18.0 15.986045999 233.556884765625 228.44967651367188
19.0 15.986045999 117.27249908447266 91.70917510986328
0.0 16.032111 277.2991027832031 -422.5940856933594
1.0 16.032111 69.09990692138672 -402.4572448730469
2.0 16.032111 217.51470947265625 -286.79986572265625
3.0 16.032111 377.7149353027344 17.166582107543945
4.0 16.032111 -1244.2213134765625 142.6608123779297
5.0 16.032111 193.06626892089844 17.025314331054688
6.0 16.032111 94.4636459350586 16.26905632019043
7.0 16.032111 59.0868034362793 15.33703327178955
8.0 16.032111 47.90225601196289 18.97487449645996
9.0 16.032111 104.23639678955078 15.203968048095703
10.0 16.032111 71.68843841552734 30.968524932861328
11.0 16.032111 57.89800262451172 31.366992950439453
12.0 16.032111 74.7982406616211 36.05228042602539
13.0 16.032111 53.605072021484375 36.617496490478516
14.0 16.032111 171.448486328125 60.93133544921875
15.0 16.032111 174.47415161132812 59.57718276977539
16.0 16.032111 201.62783813476562 66.89532470703125
17.0 16.032111 131.7126922607422 52.29715347290039
18.0 16.032111 233.0126190185547 234.1144561767578
19.0 16.032111 104.05445861816406 92.4726791381836
0.0 16.078176 677.299072265625 -172.59408569335938
1.0 16.078176 56.12400817871094 -432.58905029296875
2.0 16.078176 197.50042724609375 -311.2760925292969
3.0 16.078176 400.02783203125 20.34315299987793
4.0 16.078176 -1324.578857421875 151.90013122558594
5.0 16.078176 174.62142944335938 17.67409896850586
6.0 16.078176 80.3824234008789 17.24751091003418
7.0 16.078176 46.274452209472656 17.886388778686523
8.0 16.078176 35.204017639160156 21.6002254486084
9.0 16.078176 123.3787841796875 -0.3473437428474426
10.0 16.078176 101.20404052734375 24.409223556518555
11.0 16.078176 45.19276428222656 34.1108283996582
12.0 16.078176 61.624637603759766 38.627193450927734
13.0 16.078176 40.89741134643555 39.421695709228516
14.0 16.078176 202.03306579589844 44.9592170715332
15.0 16.078176 171.20176696777344 57.16538619995117
16.0 16.078176 200.34925842285156 67.77093505859375
17.0 16.078176 115.04824829101562 53.966331481933594
18.0 16.078176 240.24093627929688 377.6045227050781
19.0 16.078176 110.73834991455078 64.48855590820312
0.0 16.124242 602.299072265625 -235.09408569335938
1.0 16.124242 41.98581314086914 -464.90960693359375
2.0 16.124242 167.6855926513672 -330.609375
3.0 16.124242 417.284912109375 25.233789443969727
4.0 16.124242 -1308.426025390625 147.00596618652344
5.0 16.124242 154.56100463867188 20.304834365844727
6.0 16.124242 65.48950958251953 20.03094482421875
7.0 16.124242 32.28376007080078 21.8283634185791
8.0 16.124242 21.32843017578125 25.3055362701416
9.0 16.124242 43.8967399597168 -25.929658889770508
10.0 16.124242 85.48468780517578 27.436616897583008
11.0 16.124242 31.22535514831543 38.19999313354492
12.0 16.124242 98.72110748291016 33.43952178955078
13.0 16.124242 26.92694664001465 43.55851745605469
14.0 16.124242 180.75193786621094 45.894500732421875
15.0 16.124242 153.25904846191406 63.19816207885742
16.0 16.124242 204.2114715576172 69.79056549072266
17.0 16.124242 96.73863220214844 57.371578216552734
18.0 16.124242 304.8037109375 318.7564697265625
19.0 16.124242 96.91764068603516 58.428646087646484
0.0 16.170306999 589.799072265625 -228.84408569335938
1.0 16.170306999 28.492008209228516 -494.65435791015625
2.0 16.170306999 157.71527099609375 -303.4753723144531
3.0 16.170306999 390.0513916015625 23.204769134521484
4.0 16.170306999 -1360.87353515625 143.01622009277344
5.0 16.170306999 135.1539306640625 24.38510513305664
6.0 16.170306999 50.93222427368164 24.314393997192383
7.0 16.170306999 29.361177444458008 -7.182010650634766
8.0 16.170306999 8.327910423278809 30.73924446105957
9.0 16.170306999 30.185239791870117 -56.39181900024414
10.0 16.170306999 70.82542419433594 32.29029846191406
11.0 16.170306999 18.108766555786133 43.77253723144531
12.0 16.170306999 81.25138854980469 38.524993896484375
13.0 16.170306999 13.854945182800293 49.254249572753906
14.0 16.170306999 165.65866088867188 46.954734802246094
15.0 16.170306999 149.13882446289062 67.92040252685547
16.0 16.170306999 210.42227172851562 75.97769927978516
17.0 16.170306999 79.53141784667969 62.59349060058594
18.0 16.170306999 267.3037109375 393.7564697265625
19.0 16.170306999 79.7034683227539 63.70161437988281
0.0 16.216372 564.799072265625 -203.84408569335938
1.0 16.216372 15.190406799316406 -520.2371826171875
2.0 16.216372 139.04383850097656 -299.5636901855469
3.0 16.216372 387.7146911621094 50.26179885864258
4.0 16.216372 -1382.0078125 140.01254272460938
5.0 16.216372 114.4892807006836 26.559764862060547
6.0 16.216372 38.048004150390625 27.798120498657227
7.0 16.216372 15.949588775634766 -33.056251525878906
8.0 16.216372 -4.337193012237549 35.52517318725586
9.0 16.216372 16.699920654296875 -82.58132934570312
10.0 16.216372 56.9244499206543 35.34481430053711
11.0 16.216372 5.50453519821167 48.5625114440918
12.0 16.216372 64.8450927734375 41.77820587158203
13.0 16.216372 1.160444736480713 54.13456344604492
14.0 16.216372 157.9086151123047 46.37565231323242
15.0 16.216372 153.52882385253906 68.29574584960938
16.0 16.216372 212.271728515625 73.46175384521484
17.0 16.216372 63.736942291259766 65.99452209472656
18.0 16.216372 267.3037109375 393.7564697265625
19.0 16.216372 63.93750762939453 67.11844635009766
0.0 16.262438 564.799072265625 -203.84408569335938
1.0 16.262438 -55.44017791748047 -522.5857543945312
2.0 16.262438 128.5371551513672 -322.19305419921875
3.0 16.262438 502.5435485839844 56.82951354980469
4.0 16.262438 -1377.507568359375 158.50433349609375
5.0 16.262438 99.3603286743164 29.422794342041016
6.0 16.262438 26.359039306640625 28.63347053527832
7.0 16.262438 -41.14842224121094 -38.25922775268555
8.0 16.262438 -25.566537857055664 42.62494659423828
9.0 16.262438 -28.51287841796875 -91.31217956542969
10.0 16.262438 44.588111877441406 38.062744140625
11.0 16.262438 -20.779338836669922 50.88294219970703
12.0 16.262438 50.7733268737793 44.7133674621582
13.0 16.262438 -38.14106750488281 56.29924011230469
14.0 16.262438 157.54888916015625 50.015098571777344
15.0 16.262438 160.860107421875 64.57484436035156
16.0 16.262438 198.26312255859375 74.42642974853516
17.0 16.262438 49.90900802612305 68.78766632080078
18.0 16.262438 242.3037109375 390.6314697265625
19.0 16.262438 50.10829544067383 69.96681213378906
0.0 16.308502999 639.799072265625 -191.34408569335938
1.0 16.308502999 -3.4401779174804688 -526.5857543945312
2.0 16.308502999 160.77833557128906 -628.4652099609375
3.0 16.308502999 421.4952087402344 52.29199981689453
4.0 16.308502999 -1401.4190673828125 156.0366668701172
5.0 16.308502999 86.1392593383789 31.79155731201172
6.0 16.308502999 15.366232872009277 31.214834213256836
7.0 16.308502999 -5.1484222412109375 -10.259231567382812
8.0 16.308502999 -43.78351593017578 62.994873046875
9.0 16.308502999 -8.51287841796875 -71.31217956542969
10.0 16.308502999 32.771236419677734 41.562522888183594
11.0 16.308502999 -69.21379089355469 52.9382209777832
12.0 16.308502999 38.27400588989258 47.97321701049805
13.0 16.308502999 -68.65727233886719 58.55431365966797
14.0 16.308502999 156.8502655029297 52.24628829956055
15.0 16.308502999 146.63365173339844 65.52936553955078
16.0 16.308502999 185.4872589111328 74.36199951171875
17.0 16.308502999 37.70380783081055 72.47901916503906
18.0 16.308502999 242.3037109375 390.6314697265625
19.0 16.308502999 37.92535400390625 73.62322235107422
0.0 16.354568999 639.799072265625 -831.3441162109375
1.0 16.354568999 -52.369659423828125 -547.1510009765625
2.0 16.354568999 164.99746704101562 -659.1495361328125
3.0 16.354568999 403.8023986816406 52.100276947021484
4.0 16.354568999 -1373.4925537109375 143.27078247070312
5.0 16.354568999 75.96021270751953 33.45491027832031
6.0 16.354568999 7.255926132202148 32.54578399658203
7.0 16.354568999 -59.877281188964844 -25.142759323120117
8.0 16.354568999 -47.08993911743164 52.1324348449707
9.0 16.354568999 -71.01287841796875 -83.81217956542969
10.0 16.354568999 24.60572624206543 44.16319274902344
11.0 16.354568999 -151.6807861328125 47.359092712402344
12.0 16.354568999 29.6664981842041 50.54990005493164
13.0 16.354568999 -94.23689270019531 47.107154846191406
14.0 16.354568999 161.3005828857422 50.78798294067383
15.0 16.354568999 136.98599243164062 65.95333099365234
16.0 16.354568999 176.6194305419922 73.91083526611328
17.0 16.354568999 29.492319107055664 75.09005737304688
18.0 16.354568999 292.30859375 442.8006591796875
19.0 16.354568999 29.726669311523438 76.20721435546875
0.0 16.400634 639.799072265625 -831.3441162109375
1.0 16.400634 -89.86965942382812 -572.1510009765625
2.0 16.400634 159.05865478515625 -690.2999877929688
3.0 16.400634 388.9544982910156 54.90044021606445
4.0 16.400634 -1366.6746826171875 133.21607971191406
5.0 16.400634 71.18634033203125 34.73127746582031
6.0 16.400634 -25.582904815673828 28.568063735961914
7.0 16.400634 -97.37728118896484 -50.14276123046875
8.0 16.400634 -73.13731384277344 55.168975830078125
9.0 16.400634 -108.51287841796875 -108.81217956542969
10.0 16.400634 20.04459571838379 45.17822265625
11.0 16.400634 -191.9982452392578 52.394500732421875
12.0 16.400634 25.0092716217041 51.601661682128906
13.0 16.400634 -134.41773986816406 51.86736297607422
14.0 16.400634 156.0626678466797 52.618309020996094
15.0 16.400634 131.71038818359375 67.6897201538086
16.0 16.400634 171.27316284179688 75.75929260253906
17.0 16.400634 24.490079879760742 76.25997161865234
18.0 16.400634 292.30859375 492.8006591796875
19.0 16.400634 24.71686553955078 77.39232635498047
0.0 16.446699 539.799072265625 -931.3441162109375
1.0 16.446699 -64.86965942382812 -672.1510009765625
2.0 16.446699 159.58067321777344 -721.0563354492188
3.0 16.446699 540.822509765625 55.52783203125
4.0 16.446699 -1396.3841552734375 128.39602661132812
5.0 16.446699 73.40766906738281 34.06130599975586
6.0 16.446699 -55.5680046081543 25.963266372680664
7.0 16.446699 -72.37728118896484 -150.14276123046875
8.0 16.446699 -96.2191390991211 54.347164154052734
9.0 16.446699 -83.51287841796875 -208.8121795654297
10.0 16.446699 21.152162551879883 44.17520523071289
11.0 16.446699 -214.1003875732422 51.5888671875
12.0 16.446699 26.561702728271484 50.62418746948242
13.0 16.446699 -156.368408203125 51.08329772949219
14.0 16.446699 158.22030639648438 52.7577018737793
15.0 16.446699 133.83306884765625 67.6101303100586
16.0 16.446699 172.77609252929688 76.26998901367188
17.0 16.446699 25.59218978881836 75.42022705078125
18.0 16.446699 244.30859375 540.8006591796875
19.0 16.446699 25.820417404174805 76.56403350830078
0.0 16.492764999 539.799072265625 -981.3441162109375
1.0 16.492764999 -77.36965942382812 -734.6510009765625
2.0 16.492764999 160.74685668945312 -751.8236694335938
3.0 16.492764999 692.5831298828125 55.153202056884766
4.0 16.492764999 -1603.176513671875 124.07605743408203
5.0 16.492764999 82.3463363647461 32.52608871459961
6.0 16.492764999 -82.29737854003906 18.086111068725586
7.0 16.492764999 -84.87728118896484 -212.64276123046875
8.0 16.492764999 -63.7296142578125 58.462562561035156
9.0 16.492764999 -96.01287841796875 -271.31219482421875
10.0 16.492764999 28.360713958740234 41.78572082519531
11.0 16.492764999 -176.00152587890625 57.02935791015625
12.0 16.492764999 34.81521987915039 48.416290283203125
13.0 16.492764999 -117.62798309326172 56.74198532104492
14.0 16.492764999 153.74343872070312 53.936580657958984
15.0 16.492764999 121.37002563476562 72.26289367675781
16.0 16.492764999 181.260986328125 76.92544555664062
17.0 16.492764999 33.124977111816406 73.22236633300781
18.0 16.492764999 187.24935913085938 563.9933471679688
19.0 16.492764999 33.330238342285156 74.38484954833984
0.0 16.538829999 577.299072265625 -987.5941162109375
1.0 16.538829999 -127.36965942382812 -759.6510009765625
2.0 16.538829999 162.57717895507812 -782.4028930664062
3.0 16.538829999 882.9876098632812 55.764366149902344
4.0 16.538829999 -1528.9669189453125 124.07319641113281
5.0 16.538829999 94.37812805175781 31.91527557373047
6.0 16.538829999 -104.57445526123047 16.077739715576172
7.0 16.538829999 -134.87728881835938 -237.64276123046875
8.0 16.538829999 -818.728515625 547.7825927734375
9.0 16.538829999 -146.01287841796875 -296.31219482421875
10.0 16.538829999 38.6452522277832 39.70513153076172
11.0 16.538829999 -297.06549072265625 127.65592956542969
12.0 16.538829999 46.77801513671875 46.50234603881836
13.0 16.538829999 -257.1095275878906 126.03985595703125
14.0 16.538829999 154.35525512695312 54.15678787231445
15.0 16.538829999 111.9543228149414 73.39778137207031
16.0 16.538829999 177.21337890625 77.6269760131836
17.0 16.538829999 44.06307601928711 71.32403564453125
18.0 16.538829999 190.01864624023438 629.6484375
19.0 16.538829999 44.24135971069336 72.5091552734375
0.0 16.584895 427.299072265625 -1012.5941162109375
1.0 16.584895 -227.36965942382812 -759.6510009765625
2.0 16.584895 154.8506317138672 -813.9026489257812
3.0 16.584895 905.378662109375 55.925209045410156
4.0 16.584895 -1711.7176513671875 113.24105072021484
5.0 16.584895 112.86112213134766 31.874853134155273
6.0 16.584895 -72.40277862548828 74.16049194335938
7.0 16.584895 -234.87728881835938 -237.64276123046875
8.0 16.584895 -807.791015625 547.7825927734375
9.0 16.584895 -246.01287841796875 -296.31219482421875
10.0 16.584895 20.804323196411133 25.303556442260742
11.0 16.584895 -358.1082458496094 4.2374267578125
12.0 16.584895 63.69641876220703 45.38225173950195
13.0 16.584895 -449.2362060546875 119.4979476928711
14.0 16.584895 157.87095642089844 53.60458755493164
15.0 16.584895 116.04006958007812 73.45993041992188
16.0 16.584895 196.8258819580078 79.74794006347656
17.0 16.584895 9.882317543029785 57.191375732421875
18.0 16.584895 224.70668029785156 -121.89939880371094
19.0 16.584895 39.879295349121094 105.45380401611328
0.0 16.630961 427.299072265625 -1012.5941162109375
1.0 16.630961 -252.36965942382812 -784.6510009765625
2.0 16.630961 156.72254943847656 -845.3832397460938
3.0 16.630961 880.7964477539062 54.843238830566406
4.0 16.630961 -1733.311767578125 114.5862808227539
5.0 16.630961 114.39996337890625 36.335235595703125
6.0 16.630961 -103.72320556640625 78.87220764160156
7.0 16.630961 -259.8772888183594 -262.64276123046875
8.0 16.630961 -607.791015625 747.7825927734375
9.0 16.630961 -271.01287841796875 -321.31219482421875
10.0 16.630961 14.380524635314941 -51.6198616027832
11.0 16.630961 -378.26055908203125 -15.602343559265137
12.0 16.630961 82.03074645996094 44.42247772216797
13.0 16.630961 -504.3555603027344 112.4981460571289
14.0 16.630961 167.85511779785156 55.55118179321289
15.0 16.630961 92.53604888916016 84.76797485351562
16.0 16.630961 197.0232696533203 71.0865249633789
17.0 16.630961 23.78603172302246 54.8697624206543
18.0 16.630961 371.65625 -75.26937103271484
19.0 16.630961 56.1967887878418 103.70808410644531
0.0 16.677025999 327.299072265625 -1112.5941162109375
1.0 16.677025999 51.630340576171875 -3328.65087890625
2.0 16.677025999 155.46649169921875 -875.8046264648438
3.0 16.677025999 902.8544921875 76.24921417236328
4.0 16.677025999 -1759.8372802734375 111.5186767578125
5.0 16.677025999 131.98666381835938 36.447086334228516
6.0 16.677025999 -94.63813018798828 78.55760192871094
7.0 16.677025999 28.122711181640625 -606.6427612304688
8.0 16.677025999 -632.791015625 822.7825927734375
9.0 16.677025999 16.98712158203125 -969.3121948242188
10.0 16.677025999 19.9176025390625 -13.781600952148438
11.0 16.677025999 37.73944091796875 -1599.602294921875
12.0 16.677025999 102.46987915039062 43.848663330078125
13.0 16.677025999 -533.5267333984375 108.20307159423828
14.0 16.677025999 178.45303344726562 60.36637496948242
15.0 16.677025999 79.59395599365234 83.1829605102539
16.0 16.677025999 197.96807861328125 73.92206573486328
17.0 16.677025999 39.846458435058594 53.1853141784668
18.0 16.677025999 271.65625 -175.26937866210938
19.0 16.677025999 75.15923309326172 102.5606918334961
0.0 16.723091 277.299072265625 -1187.5941162109375
1.0 16.723091 123.13822174072266 -3359.1865234375
2.0 16.723091 157.11875915527344 -906.4191284179688
3.0 16.723091 951.8530883789062 183.9100799560547
4.0 16.723091 -1760.672119140625 113.89607238769531
5.0 16.723091 145.6013641357422 35.28190994262695
6.0 16.723091 -118.52054595947266 80.6747055053711
7.0 16.723091 40.39717102050781 -636.79443359375
8.0 16.723091 -632.791015625 822.7825927734375
9.0 16.723091 29.130714416503906 -1008.5376586914062
10.0 16.723091 -123.79090881347656 -396.6686706542969
11.0 16.723091 37.684688568115234 -1538.836181640625
12.0 16.723091 118.9394760131836 42.389404296875
13.0 16.723091 -538.4041748046875 104.60074615478516
14.0 16.723091 181.31927490234375 60.11775588989258
15.0 16.723091 94.66192626953125 81.21829223632812
16.0 16.723091 194.39178466796875 69.657470703125
17.0 16.723091 52.3963508605957 51.02289962768555
18.0 16.723091 175.65625 -283.2693786621094
19.0 16.723091 90.4897689819336 100.64768981933594
0.0 16.769157 239.299072265625 -1230.5941162109375
1.0 16.769157 124.88545989990234 -3389.776123046875
2.0 16.769157 155.66651916503906 -937.2182006835938
3.0 16.769157 951.8530883789062 183.9100799560547
4.0 16.769157 -1782.9090576171875 88.39849853515625
5.0 16.769157 157.85887145996094 34.86556625366211
6.0 16.769157 -167.37171936035156 91.81925964355469
7.0 16.769157 50.752079010009766 -664.68310546875
8.0 16.769157 -782.791015625 622.7825927734375
9.0 16.769157 39.17009353637695 -1042.3311767578125
10.0 16.769157 33.45909118652344 -558.918701171875
11.0 16.769157 1.3547859191894531 -2577.998291015625
12.0 16.769157 133.61257934570312 41.875919342041016
13.0 16.769157 -584.3054809570312 141.8373565673828
14.0 16.769157 196.54632568359375 60.99869918823242
15.0 16.769157 108.5302963256836 80.46646118164062
16.0 16.769157 198.92425537109375 62.99019241333008
17.0 16.769157 64.08209991455078 50.043331146240234
18.0 16.769157 172.5484619140625 -314.2677001953125
19.0 16.769157 104.46286010742188 100.16958618164062
0.0 16.815221999 275.1430969238281 -1261.6453857421875
1.0 16.815221999 126.54867553710938 -3420.1904296875
2.0 16.815221999 157.77252197265625 -968.0081176757812
3.0 16.815221999 898.061279296875 189.85299682617188
4.0 16.815221999 -1803.37548828125 78.20108032226562
5.0 16.815221999 166.79315185546875 30.099626541137695
6.0 16.815221999 -211.63055419921875 93.95783996582031
7.0 16.815221999 51.23814010620117 -629.1192626953125
8.0 16.815221999 -789.041015625 660.2825927734375
9.0 16.815221999 47.09236145019531 -1076.1461181640625
10.0 16.815221999 41.043155670166016 -594.25634765625
11.0 16.815221999 -40.580345153808594 -2606.30859375
12.0 16.815221999 144.27996826171875 37.47108459472656
13.0 16.815221999 -627.2269287109375 143.4904022216797
14.0 16.815221999 207.74002075195312 57.22959518432617
15.0 16.815221999 119.04864501953125 75.96688079833984
16.0 16.815221999 210.37020874023438 59.46854782104492
17.0 16.815221999 72.53711700439453 46.466102600097656
18.0 16.815221999 170.37130737304688 -345.2867736816406
19.0 16.815221999 115.4118423461914 96.06629180908203
0.0 16.861287999 275.1430969238281 -1361.6453857421875
1.0 16.861287999 120.08769226074219 -3450.46142578125
2.0 16.861287999 162.9336700439453 -998.6718139648438
3.0 16.861287999 898.061279296875 189.85299682617188
4.0 16.861287999 -1829.1578369140625 73.9816665649414
5.0 16.861287999 170.26512145996094 26.049579620361328
6.0 16.861287999 -230.2834014892578 96.88593292236328
7.0 16.861287999 52.82381820678711 -650.4970703125
8.0 16.861287999 -989.041015625 710.2825927734375
9.0 16.861287999 50.30537796020508 -1109.203369140625
10.0 16.861287999 43.852821350097656 -627.6553955078125
11.0 16.861287999 -3368.580078125 209.69140625
12.0 16.861287999 148.44322204589844 33.724491119384766
13.0 16.861287999 -641.7789306640625 149.56430053710938
14.0 16.861287999 212.45314025878906 53.04827117919922
15.0 16.861287999 123.69950103759766 72.50884246826172
16.0 16.861287999 215.1643829345703 55.40408706665039
17.0 16.861287999 76.13004302978516 44.02021789550781
18.0 16.861287999 166.43435668945312 -376.17254638671875
19.0 16.861287999 120.43916320800781 92.99310302734375
0.0 16.907353 245.14309692382812 -1401.6453857421875
1.0 16.907353 121.19367980957031 -3481.1923828125
2.0 16.907353 154.67376708984375 -1030.063232421875
3.0 16.907353 932.2272338867188 224.01971435546875
4.0 16.907353 -1858.3184814453125 76.38569641113281
5.0 16.907353 169.20455932617188 25.424297332763672
6.0 16.907353 -253.490478515625 99.88643646240234
7.0 16.907353 51.1156120300293 -702.8928833007812
8.0 16.907353 -1014.041015625 710.2825927734375
9.0 16.907353 47.94855499267578 -1140.46435546875
10.0 16.907353 42.48540115356445 -658.1633911132812
11.0 16.907353 -3393.580078125 209.69140625
12.0 16.907353 147.04574584960938 33.62792205810547
13.0 16.907353 -667.6920776367188 152.1634979248047
14.0 16.907353 211.27642822265625 51.77540588378906
15.0 16.907353 122.90420532226562 72.41146850585938
16.0 16.907353 213.9830780029297 54.06941223144531
17.0 16.907353 75.41053009033203 44.629417419433594
18.0 16.907353 160.48660278320312 -407.41058349609375
19.0 16.907353 119.7983169555664 93.35810852050781
0.0 16.953418 316.0549621582031 -1397.9627685546875
1.0 16.953418 123.26982116699219 -3511.367431640625
2.0 16.953418 149.10623168945312 -1060.0947265625
3.0 16.953418 932.2272338867188 224.01971435546875
4.0 16.953418 -1885.815673828125 81.90911102294922
5.0 16.953418 163.5276641845703 25.480676651000977
6.0 16.953418 -270.7115173339844 86.00780487060547
7.0 16.953418 45.621341705322266 -716.4462280273438
8.0 16.953418 -1014.041015625 810.2825927734375
9.0 16.953418 55.0430908203125 -1075.8306884765625
10.0 16.953418 37.141990661621094 -684.4706420898438
11.0 16.953418 -3393.580078125 309.69140625
12.0 16.953418 139.9259490966797 33.86248016357422
13.0 16.953418 -716.3223266601562 148.4664306640625
14.0 16.953418 204.0167999267578 50.871604919433594
15.0 16.953418 116.39360809326172 72.8857650756836
16.0 16.953418 218.8641357421875 66.78704833984375
17.0 16.953418 70.16338348388672 45.468406677246094
18.0 16.953418 162.3279571533203 -437.7627868652344
19.0 16.953418 113.32035064697266 93.88450622558594
0.0 16.999484 366.0549621582031 -1410.4627685546875
1.0 16.999484 119.81962585449219 -3541.439208984375
2.0 16.999484 146.80177307128906 -1091.2423095703125
3.0 16.999484 932.2272338867188 624.0197143554688
4.0 16.999484 -1922.885498046875 88.55750274658203
5.0 16.999484 155.71896362304688 23.21190643310547
6.0 16.999484 -304.6326904296875 92.00277709960938
7.0 16.999484 45.2001838684082 -665.7058715820312
8.0 16.999484 -3062.041015625 -1621.7174072265625
9.0 16.999484 587.7091064453125 -2456.762939453125
10.0 16.999484 29.496347427368164 -698.4068603515625
11.0 16.999484 -3553.580078125 53.69140625
12.0 16.999484 130.08120727539062 32.26011276245117
13.0 16.999484 -744.2396240234375 148.55026245117188
14.0 16.999484 204.1216583251953 50.99329376220703
15.0 16.999484 107.96415710449219 71.57456970214844
16.0 16.999484 225.7030792236328 66.6472396850586
17.0 16.999484 63.085975646972656 45.60863494873047
18.0 16.999484 166.25721740722656 -468.615966796875
19.0 16.999484 105.12625885009766 92.85077667236328
0.0 17.045548999 316.0549621582031 -1410.4627685546875
1.0 17.045548999 121.76666259765625 -3571.51513671875
2.0 17.045548999 157.43905639648438 -1121.439208984375
3.0 17.045548999 932.2272338867188 624.0197143554688
4.0 17.045548999 -1885.891357421875 64.4083251953125
5.0 17.045548999 146.11019897460938 25.196861267089844
6.0 17.045548999 -283.0040588378906 68.12713623046875
7.0 17.045548999 825.5845336914062 -2395.426025390625
8.0 17.045548999 -3062.041015625 -1621.7174072265625
9.0 17.045548999 537.7091064453125 -2456.762939453125
10.0 17.045548999 49.63197708129883 -634.3838500976562
11.0 17.045548999 -3556.2333984375 51.8231315612793
12.0 17.045548999 117.94393920898438 35.35007095336914
13.0 17.045548999 -759.1731567382812 146.1270294189453
14.0 17.045548999 197.3592987060547 51.7083740234375
15.0 17.045548999 97.55943298339844 74.78730010986328
16.0 17.045548999 234.72300720214844 64.42189025878906
17.0 17.045548999 54.59633255004883 49.60356140136719
18.0 17.045548999 157.2378692626953 -498.6717224121094
19.0 17.045548999 94.65215301513672 96.20757293701172
0.0 17.091614 466.0549621582031 -1360.4627685546875
1.0 17.091614 123.14067840576172 -3601.56591796875
2.0 17.091614 142.70790100097656 -1152.0198974609375
3.0 17.091614 932.2272338867188 599.0197143554688
4.0 17.091614 -1874.170166015625 62.24993133544922
5.0 17.091614 145.79627990722656 27.414392471313477
6.0 17.091614 -305.8383483886719 67.41709899902344
7.0 17.091614 975.5845336914062 -2345.426025390625
8.0 17.091614 -3093.291015625 -1621.7174072265625
9.0 17.091614 687.7091064453125 -2406.762939453125
10.0 17.091614 38.25010299682617 -660.585693359375
11.0 17.091614 -3573.564697265625 54.42102813720703
12.0 17.091614 102.2479248046875 40.858314514160156
13.0 17.091614 -821.7708740234375 146.5390167236328
14.0 17.091614 199.43807983398438 47.056034088134766
15.0 17.091614 82.94429016113281 80.34526824951172
16.0 17.091614 239.0606689453125 89.13410949707031
17.0 17.091614 43.06334686279297 55.07366943359375
18.0 17.091614 147.36709594726562 -528.992431640625
19.0 17.091614 79.70890045166016 101.88070678710938
0.0 17.13768 456.6799621582031 -1362.0252685546875
1.0 17.13768 121.1678466796875 -3631.602783203125
2.0 17.13768 88.85087585449219 -1180.3804931640625
3.0 17.13768 532.2272338867188 1399.019775390625
4.0 17.13768 -1924.6796875 60.16632080078125
5.0 17.13768 132.10205078125 28.236108779907227
6.0 17.13768 -296.2312927246094 57.469696044921875
7.0 17.13768 966.2095336914062 -2346.988525390625
8.0 17.13768 -3043.291015625 -1621.7174072265625
9.0 17.13768 678.3341064453125 -2408.325439453125
10.0 17.13768 26.88522720336914 -688.7505493164062
11.0 17.13768 -3576.537109375 51.47773361206055
12.0 17.13768 86.57938385009766 42.607120513916016
13.0 17.13768 -839.2882690429688 151.39608764648438
14.0 17.13768 198.01406860351562 47.71241760253906
15.0 17.13768 68.82505798339844 82.09390258789062
16.0 17.13768 273.07244873046875 92.82451629638672
17.0 17.13768 31.67161750793457 57.3714599609375
18.0 17.13768 160.78131103515625 -554.3941040039062
19.0 17.13768 65.43148040771484 104.03177642822266
0.0 17.183744999 431.6799621582031 -1324.5252685546875
1.0 17.183744999 159.829833984375 -3657.184326171875
2.0 17.183744999 95.47103118896484 -1212.512451171875
3.0 17.183744999 469.72723388671875 1324.019775390625
4.0 17.183744999 -1965.9967041015625 63.9749755859375
5.0 17.183744999 132.1578369140625 26.40579605102539
6.0 17.183744999 -318.0677490234375 60.140159606933594
7.0 17.183744999 941.2095336914062 -2309.488525390625
8.0 17.183744999 -3118.291015625 -1609.2174072265625
9.0 17.183744999 653.3341064453125 -2370.825439453125
10.0 17.183744999 16.708995819091797 -710.201904296875
11.0 17.183744999 -3560.447509765625 54.399898529052734
12.0 17.183744999 72.57816314697266 46.67367935180664
13.0 17.183744999 -864.1294555664062 151.21575927734375
14.0 17.183744999 195.71728515625 50.572200775146484
15.0 17.183744999 56.277984619140625 86.07056427001953
16.0 17.183744999 338.000732421875 95.55702209472656
17.0 17.183744999 21.515029907226562 61.452171325683594
18.0 17.183744999 150.14149475097656 -604.4014282226562
19.0 17.183744999 52.57119369506836 108.09756469726562
0.0 17.22981 14081.6796875 -1324.5252685546875
1.0 17.22981 138.54063415527344 -3686.198974609375
2.0 17.22981 95.4754638671875 -1243.504638671875
3.0 17.22981 469.72723388671875 1324.019775390625
4.0 17.22981 -2101.177001953125 66.953125
5.0 17.22981 135.7998504638672 28.731853485107422
6.0 17.22981 -772.240478515625 93.73635864257812
7.0 17.22981 14591.208984375 -2309.488525390625
8.0 17.22981 -7598.291015625 118.7825927734375
9.0 17.22981 14303.3330078125 -2370.825439453125
10.0 17.22981 3.052931308746338 -728.7892456054688
11.0 17.22981 -3861.13134765625 40.84612274169922
12.0 17.22981 56.6267204284668 49.871864318847656
13.0 17.22981 -920.4808959960938 142.97093200683594
14.0 17.22981 192.07408142089844 49.81676483154297
15.0 17.22981 41.74032974243164 89.74349975585938
16.0 17.22981 393.86431884765625 99.1670913696289
17.0 17.22981 8.9598388671875 65.38783264160156
18.0 17.22981 54.560752868652344 -633.976806640625
19.0 17.22981 37.801780700683594 111.99214935302734
0.0 17.275876 14031.6796875 -1374.5252685546875
1.0 17.275876 -1.7215187549591064 -3718.84716796875
2.0 17.275876 96.69960021972656 -1276.1253662109375
3.0 17.275876 269.72723388671875 1324.019775390625
4.0 17.275876 -2144.41748046875 67.03288269042969
5.0 17.275876 152.93930053710938 31.079734802246094
6.0 17.275876 -810.2379760742188 90.63811492919922
7.0 17.275876 14541.208984375 -2359.488525390625
8.0 17.275876 -7673.130859375 120.57969665527344
9.0 17.275876 14253.3330078125 -2420.825439453125
10.0 17.275876 -72.24199676513672 -752.5850219726562
11.0 17.275876 -3904.56689453125 40.29620361328125
12.0 17.275876 44.77651596069336 51.46495819091797
13.0 17.275876 -913.7863159179688 140.59156799316406
14.0 17.275876 197.57762145996094 50.03422927856445
15.0 17.275876 30.386253356933594 91.34982299804688
16.0 17.275876 349.7327880859375 101.51045989990234
17.0 17.275876 -0.5700270533561707 66.26520538330078
18.0 17.275876 53.93379592895508 -664.8811645507812
19.0 17.275876 26.160459518432617 113.49101257324219
0.0 17.321941 14081.6796875 -1299.5252685546875
1.0 17.321941 -55.57925796508789 -3744.02734375
2.0 17.321941 99.4925765991211 -1306.7550048828125
3.0 17.321941 269.72723388671875 1324.019775390625
4.0 17.321941 -2085.929931640625 60.34557342529297
5.0 17.321941 151.79188537597656 30.715421676635742
6.0 17.321941 -835.8505249023438 84.74085235595703
7.0 17.321941 14591.208984375 -2284.488525390625
8.0 17.321941 -7707.15478515625 119.46961212158203
9.0 17.321941 14303.3330078125 -2345.825439453125
10.0 17.321941 -197.24200439453125 -727.5850219726562
11.0 17.321941 -3919.103271484375 28.75290298461914
12.0 17.321941 36.55818557739258 51.00922393798828
13.0 17.321941 -843.6314086914062 137.7282257080078
14.0 17.321941 188.82789611816406 49.27692413330078
15.0 17.321941 22.496484756469727 90.91284942626953
16.0 17.321941 325.34820556640625 100.84062957763672
17.0 17.321941 17.464982986450195 52.292850494384766
18.0 17.321941 54.45912551879883 -695.0946044921875
19.0 17.321941 18.21170997619629 113.24190521240234
0.0 17.368006999 12481.6796875 -2099.525390625
1.0 17.368006999 -55.57925796508789 -3794.02734375
2.0 17.368006999 186.4696502685547 -1334.0712890625
3.0 17.368006999 319.72723388671875 1330.269775390625
4.0 17.368006999 -2099.343505859375 63.481590270996094
5.0 17.368006999 149.97061157226562 32.403202056884766
6.0 17.368006999 -861.6554565429688 86.84394836425781
7.0 17.368006999 12991.208984375 -3084.488525390625
8.0 17.368006999 -7740.37939453125 122.67609405517578
9.0 17.368006999 12703.3330078125 -3145.825439453125
10.0 17.368006999 -197.24200439453125 -777.5850219726562
11.0 17.368006999 -3948.7509765625 33.25018310546875
12.0 17.368006999 35.41081619262695 53.989837646484375
13.0 17.368006999 -872.1154174804688 140.03965759277344
14.0 17.368006999 186.80384826660156 50.34076690673828
15.0 17.368006999 21.690107345581055 93.62432098388672
16.0 17.368006999 347.53375244140625 104.47415161132812
17.0 17.368006999 16.38486671447754 55.15608596801758
18.0 17.368006999 55.862762451171875 -725.7127075195312
19.0 17.368006999 17.604400634765625 116.15130615234375
0.0 17.414071999 12681.6796875 -1999.525390625
1.0 17.414071999 -68.07925415039062 -3831.52734375
2.0 17.414071999 190.65939331054688 -1361.138671875
3.0 17.414071999 233.72723388671875 1311.769775390625
4.0 17.414071999 -2467.47607421875 90.57968139648438
5.0 17.414071999 155.68885803222656 33.386085510253906
6.0 17.414071999 -891.439697265625 96.86336517333984
7.0 17.414071999 13191.208984375 -2984.488525390625
8.0 17.414071999 -7770.2919921875 126.32637023925781
9.0 17.414071999 12903.3330078125 -3045.825439453125
10.0 17.414071999 -209.74200439453125 -815.0850219726562
11.0 17.414071999 -3975.8759765625 61.339473724365234
12.0 17.414071999 40.619972229003906 55.01838684082031
13.0 17.414071999 -884.9447631835938 225.05877685546875
14.0 17.414071999 192.0543670654297 50.905311584472656
15.0 17.414071999 26.6101016998291 94.45343017578125
16.0 17.414071999 369.2203063964844 100.83683776855469
17.0 17.414071999 21.280359268188477 56.28105163574219
18.0 17.414071999 57.32947540283203 -756.4805908203125
19.0 17.414071999 22.759780883789062 117.21009063720703
0.0 17.460137 6281.6796875 -2049.525390625
1.0 17.460137 -93.07925415039062 -3881.52734375
2.0 17.460137 198.63742065429688 -1385.992431640625
3.0 17.460137 -4041.308837890625 4436.3271484375
4.0 17.460137 -2506.942626953125 93.5912094116211
5.0 17.460137 166.88966369628906 36.00505065917969
6.0 17.460137 -892.8991088867188 141.52047729492188
7.0 17.460137 6791.208984375 -3034.488525390625
8.0 17.460137 -7743.95263671875 137.69436645507812
9.0 17.460137 6503.3330078125 -3095.825439453125
10.0 17.460137 -234.74200439453125 -865.0850219726562
11.0 17.460137 -3876.339111328125 59.01853942871094
12.0 17.460137 50.12925720214844 53.85654830932617
13.0 17.460137 -909.9447631835938 275.05877685546875
14.0 17.460137 187.5241241455078 42.94963455200195
15.0 17.460137 34.292701721191406 92.63219451904297
16.0 17.460137 369.42724609375 98.6854476928711
17.0 17.460137 30.126758575439453 54.47856140136719
18.0 17.460137 84.91973876953125 -788.1047973632812
19.0 17.460137 30.15520477294922 115.27789306640625
0.0 17.506203 3881.6796875 -2849.525390625
1.0 17.506203 -30.579254150390625 -3844.02734375
2.0 17.506203 208.16217041015625 -1410.2158203125
3.0 17.506203 -6441.30859375 2436.3271484375
4.0 17.506203 -2521.517333984375 91.78643035888672
5.0 17.506203 180.7439422607422 40.24260711669922
6.0 17.506203 -929.9705200195312 171.15174865722656
7.0 17.506203 4391.208984375 -3834.488525390625
8.0 17.506203 -7842.75537109375 131.36276245117188
9.0 17.506203 4103.3330078125 -3895.825439453125
10.0 17.506203 -172.24200439453125 -827.5850219726562
11.0 17.506203 -3892.267578125 56.001914978027344
12.0 17.506203 62.11819076538086 51.858619689941406
13.0 17.506203 -1293.94482421875 107.05877685546875
14.0 17.506203 185.43548583984375 45.635860443115234
15.0 17.506203 43.47320556640625 89.64791107177734
16.0 17.506203 334.04339599609375 71.61947631835938
17.0 17.506203 39.30017852783203 51.487491607666016
18.0 17.506203 89.12960052490234 -819.8436279296875
19.0 17.506203 38.9077262878418 111.98524475097656
0.0 17.552267999 3881.6796875 -2849.525390625
1.0 17.552267999 -6.579254150390625 -4068.02734375
2.0 17.552267999 214.26808166503906 -1440.9200439453125
3.0 17.552267999 -6441.30859375 2036.3271484375
4.0 17.552267999 -2553.170166015625 93.93385314941406
5.0 17.552267999 170.15591430664062 40.43267822265625
6.0 17.552267999 -1030.7843017578125 173.37374877929688
7.0 17.552267999 4391.208984375 -3834.488525390625
8.0 17.552267999 -7853.49169921875 135.89816284179688
9.0 17.552267999 4103.3330078125 -3895.825439453125
10.0 17.552267999 6.25799560546875 -1173.5849609375
11.0 17.552267999 -3840.04296875 50.43256378173828
12.0 17.552267999 76.52033233642578 50.801483154296875
13.0 17.552267999 -1313.255126953125 109.26109313964844
14.0 17.552267999 177.65138244628906 46.23064041137695
15.0 17.552267999 55.380462646484375 87.72891235351562
16.0 17.552267999 250.93869018554688 79.069580078125
17.0 17.552267999 50.27671432495117 49.58307647705078
18.0 17.552267999 93.53559875488281 -851.6884765625
19.0 17.552267999 50.616722106933594 109.6987075805664
0.0 17.598333 4281.6796875 -2049.525390625
1.0 17.598333 -5827.89013671875 -7839.83203125
2.0 17.598333 217.985595703125 -1474.3087158203125
3.0 17.598333 -6391.30859375 2336.3271484375
4.0 17.598333 -2580.06298828125 94.22045135498047
5.0 17.598333 170.21348571777344 38.50209426879883
6.0 17.598333 -1067.7406005859375 186.83580017089844
7.0 17.598333 4791.208984375 -3034.488525390625
8.0 17.598333 -7872.04541015625 125.5734634399414
9.0 17.598333 4503.3330078125 -3095.825439453125
10.0 17.598333 -1360.267333984375 -1889.1302490234375
11.0 17.598333 -3933.537841796875 48.2552604675293
12.0 17.598333 96.74939727783203 49.36895751953125
13.0 17.598333 -1341.993896484375 104.65689086914062
14.0 17.598333 175.70286560058594 43.87457275390625
15.0 17.598333 73.49456024169922 85.2181625366211
16.0 17.598333 250.93869018554688 79.069580078125
17.0 17.598333 66.69007873535156 47.32371139526367
18.0 17.598333 96.70761108398438 -883.412109375
19.0 17.598333 68.65892791748047 106.89634704589844
0.0 17.644399 4331.6796875 -2074.525390625
1.0 17.644399 -5727.89013671875 -7939.83203125
2.0 17.644399 219.44825744628906 -1509.596435546875
3.0 17.644399 -6403.80859375 2386.3271484375
4.0 17.644399 -2600.88818359375 95.15625
5.0 17.644399 180.56427001953125 37.0468864440918
6.0 17.644399 -1080.2406005859375 236.83580017089844
7.0 17.644399 4841.208984375 -3059.488525390625
8.0 17.644399 -7909.11572265625 122.96672058105469
9.0 17.644399 4553.3330078125 -3120.825439453125
10.0 17.644399 -1260.267333984375 -1989.1302490234375
11.0 17.644399 -4000.339599609375 49.144283294677734
12.0 17.644399 116.27107238769531 47.247215270996094
13.0 17.644399 -1358.8365478515625 100.98662567138672
14.0 17.644399 89.8440170288086 69.59391784667969
15.0 17.644399 90.78016662597656 82.02428436279297
16.0 17.644399 246.56639099121094 79.82329559326172
17.0 17.644399 82.46199035644531 44.290164947509766
18.0 17.644399 97.63800048828125 -915.896484375
19.0 17.644399 85.832275390625 103.3797378540039
0.0 17.690463999 4406.6796875 -2087.025390625
1.0 17.690463999 -5827.89013671875 -7839.83203125
2.0 17.690463999 222.2490692138672 -1543.5484619140625
3.0 17.690463999 -6453.80859375 2686.3271484375
4.0 17.690463999 -2628.808349609375 97.16419982910156
5.0 17.690463999 199.76536560058594 35.93467712402344
6.0 17.690463999 -1130.2406005859375 536.8358154296875
7.0 17.690463999 4916.208984375 -3071.988525390625
8.0 17.690463999 -7931.78857421875 138.80502319335938
9.0 17.690463999 4628.3330078125 -3133.325439453125
10.0 17.690463999 -1360.267333984375 -1889.1302490234375
11.0 17.690463999 -4046.2705078125 53.48448944091797
12.0 17.690463999 134.60919189453125 46.00708770751953
13.0 17.690463999 -1408.741455078125 102.07176971435547
14.0 17.690463999 107.16800689697266 68.24138641357422
15.0 17.690463999 108.57271575927734 80.45235443115234
16.0 17.690463999 314.8408203125 76.59538269042969
17.0 17.690463999 97.83209228515625 42.990604400634766
18.0 17.690463999 103.47974395751953 -947.7178955078125
19.0 17.690463999 103.9653091430664 101.98369598388672
0.0 17.736529999 4456.6796875 -2112.025390625
1.0 17.736529999 -5815.39013671875 -7852.33203125
2.0 17.736529999 224.6697235107422 -1577.229736328125
3.0 17.736529999 -6447.55859375 2723.8271484375
4.0 17.736529999 -2654.796630859375 101.97213745117188
5.0 17.736529999 215.0734100341797 32.65982437133789
6.0 17.736529999 -1123.9906005859375 574.3358154296875
7.0 17.736529999 4966.208984375 -3096.988525390625
8.0 17.736529999 -7981.55029296875 140.49717712402344
9.0 17.736529999 4678.3330078125 -3158.325439453125
10.0 17.736529999 -1347.767333984375 -1901.6302490234375
11.0 17.736529999 -4094.333251953125 58.02099609375
12.0 17.736529999 149.91171264648438 42.91441345214844
13.0 17.736529999 -1412.421630859375 110.31856536865234
14.0 17.736529999 121.80937957763672 65.28963470458984
15.0 17.736529999 123.663818359375 77.29159545898438
16.0 17.736529999 262.3674011230469 74.00768280029297
17.0 17.736529999 110.97242736816406 40.186893463134766
18.0 17.736529999 123.4539794921875 -978.3114013671875
19.0 17.736529999 119.36956024169922 98.86409759521484
0.0 17.782594999 4456.6796875 -2212.025390625
1.0 17.782594999 -6015.39013671875 -7452.33203125
2.0 17.782594999 228.50811767578125 -1606.3895263671875
3.0 17.782594999 -6547.55859375 2623.8271484375
4.0 17.782594999 -2678.865478515625 102.97037506103516
5.0 17.782594999 223.39012145996094 29.800716400146484
6.0 17.782594999 -1223.9906005859375 474.3358154296875
7.0 17.782594999 4966.208984375 -3196.988525390625
8.0 17.782594999 -7996.07275390625 132.87615966796875
9.0 17.782594999 4678.3330078125 -3258.325439453125
10.0 17.782594999 -1547.767333984375 -1501.6302490234375
11.0 17.782594999 -4133.6025390625 63.00670623779297
12.0 17.782594999 158.71505737304688 41.19969177246094
13.0 17.782594999 -1428.15625 87.5468521118164
14.0 17.782594999 130.65789794921875 64.12467956542969
15.0 17.782594999 132.88987731933594 75.91331481933594
16.0 17.782594999 285.7508239746094 73.02616119384766
17.0 17.782594999 118.77266693115234 38.98768997192383
18.0 17.782594999 109.08580017089844 -1009.2797241210938
19.0 17.782594999 129.13861083984375 97.59767150878906
0.0 17.82866 4631.6796875 -2149.525390625
1.0 17.82866 -6415.39013671875 -7452.33203125
2.0 17.82866 230.93899536132812 -1633.76220703125
3.0 17.82866 -5747.55859375 2623.8271484375
4.0 17.82866 -2699.864990234375 98.96259307861328
5.0 17.82866 226.4892578125 29.449068069458008
6.0 17.82866 -423.9906005859375 474.3358154296875
7.0 17.82866 5141.208984375 -3134.488525390625
8.0 17.82866 -8018.83837890625 131.6764678955078
9.0 17.82866 4853.3330078125 -3195.825439453125
10.0 17.82866 -1947.767333984375 -1501.6302490234375
11.0 17.82866 -4180.275390625 68.0924301147461
12.0 17.82866 162.44711303710938 41.91169738769531
13.0 17.82866 -1472.476318359375 84.86239624023438
14.0 17.82866 135.04434204101562 65.06708526611328
15.0 17.82866 137.41763305664062 76.7889404296875
16.0 17.82866 315.4297180175781 75.62932586669922
17.0 17.82866 122.54959869384766 39.89708709716797
18.0 17.82866 110.46737670898438 -1040.7064208984375
19.0 17.82866 133.9617156982422 98.8330307006836
0.0 17.874726 4706.6796875 -2137.025390625
1.0 17.874726 -6414.99951171875 -7451.16015625
2.0 17.874726 231.5186309814453 -1662.4422607421875
3.0 17.874726 -5722.55859375 2773.8271484375
4.0 17.874726 -2736.597900390625 103.31903076171875
5.0 17.874726 225.2432403564453 29.99986457824707
6.0 17.874726 -398.9906005859375 624.3358154296875
7.0 17.874726 5216.208984375 -3121.988525390625
8.0 17.874726 -8045.35595703125 133.58343505859375
9.0 17.874726 4928.3330078125 -3183.325439453125
10.0 17.874726 -1947.376708984375 -1500.4583740234375
11.0 17.874726 -4208.64306640625 70.66122436523438
12.0 17.874726 161.91961669921875 42.90462112426758
13.0 17.874726 -1501.325927734375 85.7234878540039
14.0 17.874726 135.09945678710938 65.77334594726562
15.0 17.874726 137.4725799560547 77.57959747314453
16.0 17.874726 315.1170959472656 75.9669189453125
17.0 17.874726 122.94105529785156 40.522544860839844
18.0 17.874726 113.01494598388672 -1072.4725341796875
19.0 17.874726 134.03863525390625 99.82493591308594
0.0 17.920790999 4806.6796875 -2137.025390625
1.0 17.920790999 -6814.99951171875 -7051.16015625
2.0 17.920790999 273.63238525390625 -1678.678466796875
3.0 17.920790999 -5322.55859375 3573.8271484375
4.0 17.920790999 -2760.95556640625 105.45779418945312
5.0 17.920790999 220.0562286376953 31.587751388549805
6.0 17.920790999 1.0093994140625 1424.3358154296875
7.0 17.920790999 5316.208984375 -3121.988525390625
8.0 17.920790999 -8078.5166015625 132.64974975585938
9.0 17.920790999 5028.3330078125 -3183.325439453125
10.0 17.920790999 -2347.376708984375 -1100.4583740234375
11.0 17.920790999 -4240.1513671875 72.39541625976562
12.0 17.920790999 157.46615600585938 44.829402923583984
13.0 17.920790999 -1531.630126953125 87.95516967773438
14.0 17.920790999 131.4246063232422 67.47555541992188
15.0 17.920790999 133.66151428222656 79.3725814819336
16.0 17.920790999 316.16375732421875 74.54988861083984
17.0 17.920790999 120.33375549316406 42.04474639892578
18.0 17.920790999 115.51139831542969 -1102.8985595703125
19.0 17.920790999 130.1165008544922 101.71354675292969
0.0 17.966856 4806.6796875 -2187.025390625
1.0 17.966856 -5614.99951171875 -7151.16015625
2.0 17.966856 273.63238525390625 -1728.678466796875
3.0 17.966856 -5347.55859375 3598.8271484375
4.0 17.966856 -2794.5732421875 107.06643676757812
5.0 17.966856 207.009521484375 34.35233688354492
6.0 17.966856 -13.226236343383789 1461.9132080078125
7.0 17.966856 5316.208984375 -3171.988525390625
8.0 17.966856 -8111.35009765625 133.16285705566406
9.0 17.966856 5028.3330078125 -3233.325439453125
10.0 17.966856 -1147.376708984375 -1200.4583740234375
11.0 17.966856 -4238.125 68.39131164550781
12.0 17.966856 144.6697235107422 46.83384323120117
13.0 17.966856 -1539.3138427734375 71.2091293334961
14.0 17.966856 119.4133529663086 68.8591079711914
15.0 17.966856 121.00362396240234 80.74363708496094
16.0 17.966856 286.2210388183594 77.94808959960938
17.0 17.966856 110.2531967163086 43.016719818115234
18.0 17.966856 116.06598663330078 -1133.4110107421875
19.0 17.966856 117.37826538085938 101.16329193115234
0.0 18.012922 4856.6796875 -2137.025390625
1.0 18.012922 -5702.49951171875 -7138.66015625
2.0 18.012922 323.63238525390625 -1678.678466796875
3.0 18.012922 -5385.05859375 3623.8271484375
4.0 18.012922 -2827.947265625 98.98491668701172
5.0 18.012922 194.4188232421875 39.26374816894531
6.0 18.012922 -50.726234436035156 1486.9132080078125
7.0 18.012922 5366.208984375 -3121.988525390625
8.0 18.012922 -8116.552734375 128.09400939941406
9.0 18.012922 5078.3330078125 -3183.325439453125
10.0 18.012922 -1234.876708984375 -1187.9583740234375
11.0 18.012922 -4250.04443359375 69.36085510253906
12.0 18.012922 133.6211700439453 51.86656951904297
13.0 18.012922 -1581.7041015625 75.37870788574219
14.0 18.012922 109.45252227783203 73.580078125
15.0 18.012922 110.61775970458984 85.5813980102539
16.0 18.012922 472.3669128417969 70.30004119873047
17.0 18.012922 102.15823364257812 47.35786056518555
18.0 18.012922 116.99949645996094 -1163.8297119140625
19.0 18.012922 106.46554565429688 105.98548126220703
0.0 18.058986999 5256.6796875 -2037.025390625
1.0 18.058986999 -5702.49951171875 -7338.66015625
2.0 18.058986999 723.6323852539062 -1578.678466796875
3.0 18.058986999 -5385.05859375 3623.8271484375
4.0 18.058986999 -2838.037109375 94.39606475830078
5.0 18.058986999 179.6812286376953 41.51798629760742
6.0 18.058986999 -50.726234436035156 1486.9132080078125
7.0 18.058986999 5766.208984375 -3021.988525390625
8.0 18.058986999 -8175.0810546875 122.53460693359375
9.0 18.058986999 5478.3330078125 -3083.325439453125
10.0 18.058986999 -1234.876708984375 -1387.9583740234375
11.0 18.058986999 -4196.9501953125 72.43904113769531
12.0 18.058986999 121.27218627929688 55.88772201538086
13.0 18.058986999 -1583.38671875 83.55350494384766
14.0 18.058986999 98.7737045288086 77.76596069335938
15.0 18.058986999 100.02809143066406 89.81282806396484
16.0 18.058986999 455.3705749511719 72.08094024658203
17.0 18.058986999 93.14336395263672 51.44493103027344
18.0 18.058986999 118.1156234741211 -1193.9881591796875
19.0 18.058986999 117.16847229003906 79.32267761230469
0.0 18.105051999 5181.6796875 -2074.525390625
1.0 18.105051999 -5677.49951171875 -7338.66015625
2.0 18.105051999 648.6323852539062 -1616.178466796875
3.0 18.105051999 -5385.64453125 3624.6083984375
4.0 18.105051999 -2878.90478515625 98.13648223876953
5.0 18.105051999 163.16299438476562 43.32659149169922
6.0 18.105051999 -51.312171936035156 1487.6944580078125
7.0 18.105051999 5691.208984375 -3059.488525390625
8.0 18.105051999 -8185.55419921875 122.24388122558594
9.0 18.105051999 5403.3330078125 -3120.825439453125
10.0 18.105051999 -1209.876708984375 -1387.9583740234375
11.0 18.105051999 -4234.62353515625 72.3065185546875
12.0 18.105051999 106.9831771850586 57.675296783447266
13.0 18.105051999 -1603.718017578125 82.59516906738281
14.0 18.105051999 140.40957641601562 89.16970825195312
15.0 18.105051999 86.48193359375 91.27783203125
16.0 18.105051999 693.229736328125 72.13273620605469
17.0 18.105051999 82.33605194091797 52.762168884277344
18.0 18.105051999 119.91596984863281 -1225.0416259765625
19.0 18.105051999 103.16053771972656 80.98188018798828
0.0 18.151118 5212.9296875 -2083.900390625
1.0 18.151118 -5683.74951171875 -7363.66015625
2.0 18.151118 679.8823852539062 -1625.553466796875
3.0 18.151118 -5185.64453125 3824.6083984375
4.0 18.151118 -2932.55224609375 100.02168273925781
5.0 18.151118 143.49807739257812 42.36399459838867
6.0 18.151118 8.687828063964844 1683.6944580078125
7.0 18.151118 5722.458984375 -3068.863525390625
8.0 18.151118 -8205.6357421875 135.29794311523438
9.0 18.151118 5434.5830078125 -3130.200439453125
10.0 18.151118 -1216.126708984375 -1412.9583740234375
11.0 18.151118 -4247.806640625 66.69479370117188
12.0 18.151118 89.73748779296875 57.48711395263672
13.0 18.151118 -1623.857666015625 77.59243774414062
14.0 18.151118 159.63941955566406 75.6036605834961
15.0 18.151118 70.58675384521484 91.42649841308594
16.0 18.151118 786.936279296875 72.33287811279297
17.0 18.151118 68.61957550048828 52.98686599731445
18.0 18.151118 122.55989074707031 -1255.171630859375
19.0 18.151118 86.53816986083984 80.9433364868164
0.0 18.197183 5162.9296875 -2033.900390625
1.0 18.197183 -5658.74951171875 -7301.16015625
2.0 18.197183 629.8823852539062 -1575.553466796875
3.0 18.197183 -4985.64453125 4024.6083984375
4.0 18.197183 -2963.598876953125 98.53807830810547
5.0 18.197183 118.74678802490234 41.54917526245117
6.0 18.197183 4.552371978759766 1752.7738037109375
7.0 18.197183 5672.458984375 -3018.863525390625
8.0 18.197183 -8235.015625 143.09896850585938
9.0 18.197183 5384.5830078125 -3080.200439453125
10.0 18.197183 -1191.126708984375 -1350.4583740234375
11.0 18.197183 -4245.6806640625 63.05290603637695
12.0 18.197183 70.72346496582031 57.888267517089844
13.0 18.197183 -1653.9952392578125 74.75554656982422
14.0 18.197183 163.78660583496094 77.30889892578125
15.0 18.197183 70.3624038696289 74.09825134277344
16.0 18.197183 724.5110473632812 78.98723602294922
17.0 18.197183 51.725067138671875 54.0676383972168
18.0 18.197183 121.37387084960938 -1285.1439208984375
19.0 18.197183 68.28196716308594 81.6534652709961
0.0 18.243248999 5187.9296875 -1683.900390625
1.0 18.243248999 -5758.74951171875 -7301.16015625
2.0 18.243248999 654.8823852539062 -1225.553466796875
3.0 18.243248999 -4998.14453125 4024.6083984375
4.0 18.243248999 -2978.122314453125 94.55840301513672
5.0 18.243248999 103.65187072753906 41.00125503540039
6.0 18.243248999 -31.950849533081055 1722.001953125
7.0 18.243248999 5697.458984375 -2668.863525390625
8.0 18.243248999 -8274.880859375 136.5641326904297
9.0 18.243248999 5409.5830078125 -2730.200439453125
10.0 18.243248999 -1291.126708984375 -1350.4583740234375
11.0 18.243248999 -4705.341796875 296.26202392578125
12.0 18.243248999 55.32683563232422 58.86027145385742
13.0 18.243248999 -1710.8154296875 78.10482025146484
14.0 18.243248999 162.50668334960938 78.07877349853516
15.0 18.243248999 59.662960052490234 64.00493621826172
16.0 18.243248999 724.5110473632812 78.98723602294922
17.0 18.243248999 37.2278938293457 55.3651123046875
18.0 18.243248999 122.03860473632812 -1315.383056640625
19.0 18.243248999 53.72975158691406 82.67102813720703
0.0 18.289313999 4587.9296875 -1883.900390625
1.0 18.289313999 -2558.74951171875 -13701.16015625
2.0 18.289313999 221.49176025390625 -1370.319091796875
3.0 18.289313999 -4948.14453125 4124.6083984375
4.0 18.289313999 -3008.007080078125 93.03475952148438
5.0 18.289313999 90.428466796875 41.17024230957031
6.0 18.289313999 -1.9508495330810547 1756.001953125
7.0 18.289313999 5097.458984375 -2868.863525390625
8.0 18.289313999 -8211.28125 140.90029907226562
9.0 18.289313999 4809.5830078125 -2930.200439453125
10.0 18.289313999 724.873291015625 -5382.45849609375
11.0 18.289313999 -4655.341796875 396.26202392578125
12.0 18.289313999 43.45592498779297 60.17168426513672
13.0 18.289313999 -1744.6434326171875 79.1990966796875
14.0 18.289313999 149.6774444580078 76.94649505615234
15.0 18.289313999 47.912025451660156 64.97327423095703
16.0 18.289313999 715.6605834960938 89.05306243896484
17.0 18.289313999 26.00258445739746 57.073543548583984
18.0 18.289313999 126.1396713256836 -1346.12353515625
19.0 18.289313999 42.45256805419922 84.10032653808594
0.0 18.335379 4687.9296875 -1908.900390625
1.0 18.335379 -2583.74951171875 -13801.16015625
2.0 18.335379 215.80307006835938 -1434.589111328125
3.0 18.335379 -4948.14453125 4274.6083984375
4.0 18.335379 -3037.84765625 91.53839874267578
5.0 18.335379 83.75869750976562 40.942901611328125
6.0 18.335379 -74.29296112060547 1760.0469970703125
7.0 18.335379 5197.458984375 -2893.863525390625
8.0 18.335379 -8225.275390625 149.83091735839844
9.0 18.335379 4909.5830078125 -2955.200439453125
10.0 18.335379 824.873291015625 -5407.45849609375
11.0 18.335379 -4655.341796875 546.2620239257812
12.0 18.335379 37.26323318481445 60.75760269165039
13.0 18.335379 -1761.330078125 80.232421875
14.0 18.335379 143.34640502929688 76.00263214111328
15.0 18.335379 41.76221466064453 65.2894287109375
16.0 18.335379 530.023681640625 76.85480499267578
17.0 18.335379 20.080411911010742 58.033546447753906
18.0 18.335379 126.76387023925781 -1376.803955078125
19.0 18.335379 36.491939544677734 84.6979751586914
0.0 18.381445 4712.9296875 -1940.150390625
1.0 18.381445 -2658.74951171875 -13876.16015625
2.0 18.381445 214.36459350585938 -1471.297607421875
3.0 18.381445 -4998.14453125 4299.6083984375
4.0 18.381445 -3068.035400390625 93.97512817382812
5.0 18.381445 84.61202239990234 41.010887145996094
6.0 18.381445 -124.29296112060547 1785.0469970703125
7.0 18.381445 5222.458984375 -2925.113525390625
8.0 18.381445 -8272.94921875 147.81802368164062
9.0 18.381445 4934.5830078125 -2986.450439453125
10.0 18.381445 849.873291015625 -5438.70849609375
11.0 18.381445 -4705.341796875 571.2620239257812
12.0 18.381445 37.687469482421875 61.313053131103516
13.0 18.381445 -1791.9893798828125 81.17282104492188
14.0 18.381445 144.2865753173828 75.84235382080078
15.0 18.381445 42.29047393798828 65.51455688476562
16.0 18.381445 530.023681640625 76.85480499267578
17.0 18.381445 20.315767288208008 58.897422790527344
18.0 18.381445 128.6079559326172 -1407.51318359375
19.0 18.381445 36.91685104370117 85.19752502441406
0.0 18.427509999 4737.9296875 -1965.150390625
1.0 18.427509999 -2608.74951171875 -13926.16015625
2.0 18.427509999 219.2493896484375 -1511.6744384765625
3.0 18.427509999 -4398.14453125 5499.6083984375
4.0 18.427509999 -3078.0185546875 132.22271728515625
5.0 18.427509999 90.8622817993164 38.81603240966797
6.0 18.427509999 39.95703887939453 2097.671875
7.0 18.427509999 5247.458984375 -2950.113525390625
8.0 18.427509999 -8252.5947265625 136.5968780517578
9.0 18.427509999 4959.5830078125 -3011.450439453125
10.0 18.427509999 874.873291015625 -5463.70849609375
11.0 18.427509999 -4105.341796875 1771.261962890625
12.0 18.427509999 43.34306716918945 58.6773681640625
13.0 18.427509999 -1849.2078857421875 79.79354858398438
14.0 18.427509999 151.08067321777344 74.4633560180664
15.0 18.427509999 47.899925231933594 62.74964141845703
16.0 18.427509999 521.2361450195312 76.85480499267578
17.0 18.427509999 25.35003089904785 56.41661071777344
18.0 18.427509999 130.21287536621094 -1437.961669921875
19.0 18.427509999 41.95488357543945 82.54852294921875
0.0 18.473575 4762.9296875 -1974.525390625
1.0 18.473575 -2577.49951171875 -13932.41015625
2.0 18.473575 229.6351318359375 -1532.5675048828125
3.0 18.473575 -2798.14453125 9499.6083984375
4.0 18.473575 -3156.210693359375 125.31218719482422
5.0 18.473575 101.6380844116211 37.8632926940918
6.0 18.473575 44.13295364379883 2108.449951171875
7.0 18.473575 5272.458984375 -2959.488525390625
8.0 18.473575 -8364.693359375 -6.316786766052246
9.0 18.473575 4984.5830078125 -3020.825439453125
10.0 18.473575 899.873291015625 -5473.08349609375
11.0 18.473575 -2505.341796875 5771.26171875
12.0 18.473575 54.80335235595703 56.069740295410156
13.0 18.473575 -1872.114990234375 76.16992950439453
14.0 18.473575 142.1206817626953 79.2348403930664
15.0 18.473575 59.29364013671875 60.06147384643555
16.0 18.473575 640.0240478515625 -306.351318359375
17.0 18.473575 35.637420654296875 53.39668273925781
18.0 18.473575 129.7713623046875 -1469.3543701171875
19.0 18.473575 52.330108642578125 79.84452056884766
0.0 18.519641 4762.9296875 -1899.525390625
1.0 18.519641 -2539.99951171875 -13982.41015625
2.0 18.519641 241.3817596435547 -1484.7996826171875
3.0 18.519641 -3398.14453125 9299.6083984375
4.0 18.519641 -3167.485595703125 128.36627197265625
5.0 18.519641 117.58477783203125 37.86201095581055
6.0 18.519641 39.85791015625 2260.214111328125
7.0 18.519641 5272.458984375 -2884.488525390625
8.0 18.519641 -8342.8671875 -8.946639060974121
9.0 18.519641 4984.5830078125 -2945.825439453125
10.0 18.519641 899.873291015625 -5398.08349609375
11.0 18.519641 -3105.341796875 5571.26171875
12.0 18.519641 70.33140563964844 54.57968521118164
13.0 18.519641 -1874.8515625 72.68940734863281
14.0 18.519641 136.09512329101562 80.86927032470703
15.0 18.519641 74.71183776855469 58.62313461303711
16.0 18.519641 640.0240478515625 -231.351318359375
17.0 18.519641 47.71361541748047 51.22321701049805
18.0 18.519641 128.7955322265625 -1499.775390625
19.0 18.519641 46.05244445800781 112.88179779052734
0.0 18.565705999 4762.9296875 -1899.525390625
1.0 18.565705999 -2539.99951171875 -15182.41015625
2.0 18.565705999 1049.52734375 92.33381652832031
3.0 18.565705999 -3401.26953125 9305.8583984375
4.0 18.565705999 -3199.989990234375 125.78406524658203
5.0 18.565705999 120.11665344238281 41.79769515991211
6.0 18.565705999 58.81023025512695 2365.328857421875
7.0 18.565705999 5272.458984375 -2884.488525390625
8.0 18.565705999 -8342.8671875 -1208.9466552734375
9.0 18.565705999 4984.5830078125 -2945.825439453125
10.0 18.565705999 899.873291015625 -5398.08349609375
11.0 18.565705999 -3108.466796875 5577.51171875
12.0 18.565705999 88.92688751220703 54.000370025634766
13.0 18.565705999 -1888.302001953125 70.32628631591797
14.0 18.565705999 138.8901824951172 81.85177612304688
15.0 18.565705999 93.19773864746094 58.0162353515625
16.0 18.565705999 640.0240478515625 -231.351318359375
17.0 18.565705999 62.38042068481445 49.8218994140625
18.0 18.565705999 122.70303344726562 -1529.90478515625
19.0 18.565705999 62.59177780151367 111.31626892089844
0.0 18.611770999 4850.4296875 -1912.025390625
1.0 18.611770999 -2639.99951171875 -15207.41015625
2.0 18.611770999 1126.013427734375 75.71345520019531
3.0 18.611770999 -3426.26953125 9318.3583984375
4.0 18.611770999 -3216.9013671875 128.09454345703125
5.0 18.611770999 136.5592041015625 45.0090446472168
6.0 18.611770999 72.76432037353516 2401.31884765625
7.0 18.611770999 5359.958984375 -2896.988525390625
8.0 18.611770999 -8442.8671875 -1233.9466552734375
9.0 18.611770999 5072.0830078125 -2958.325439453125
10.0 18.611770999 987.373291015625 -5410.58349609375
11.0 18.611770999 -3133.466796875 5590.01171875
12.0 18.611770999 108.32710266113281 56.923763275146484
13.0 18.611770999 -1898.4566650390625 75.03062438964844
14.0 18.611770999 116.75132751464844 66.79467010498047
15.0 18.611770999 112.58768463134766 60.872291564941406
16.0 18.611770999 727.5240478515625 -243.851318359375
17.0 18.611770999 77.94233703613281 51.93321228027344
18.0 18.611770999 123.69947814941406 -1560.4818115234375
19.0 18.611770999 80.4792709350586 113.48243713378906
0.0 18.657836999 4900.4296875 -1924.525390625
1.0 18.657836999 -2689.99951171875 -15232.41015625
2.0 18.657836999 1181.1290283203125 82.76370239257812
3.0 18.657836999 -3476.26953125 9518.3583984375
4.0 18.657836999 -3238.451171875 124.77910614013672
5.0 18.657836999 150.1204376220703 46.88923645019531
6.0 18.657836999 86.14425659179688 2473.66845703125
7.0 18.657836999 5409.958984375 -2909.488525390625
8.0 18.657836999 -8492.8671875 -1258.9466552734375
9.0 18.657836999 5122.0830078125 -2970.825439453125
10.0 18.657836999 1037.373291015625 -5423.08349609375
11.0 18.657836999 -3183.466796875 5790.01171875
12.0 18.657836999 124.57683563232422 58.72237777709961
13.0 18.657836999 -1934.8594970703125 82.56930541992188
14.0 18.657836999 234.8434600830078 -66.50635528564453
15.0 18.657836999 128.73228454589844 62.60305404663086
16.0 18.657836999 777.5240478515625 -256.351318359375
17.0 18.657836999 90.8353042602539 52.59414291381836
18.0 18.657836999 116.32705688476562 -1591.9049072265625
19.0 18.657836999 95.25446319580078 114.25563049316406
0.0 18.703902 5050.4296875 -1849.525390625
1.0 18.703902 -2714.99951171875 -15282.41015625
2.0 18.703902 1229.2861328125 79.34455108642578
3.0 18.703902 -3476.26953125 9618.3583984375
4.0 18.703902 -3273.901611328125 128.5072784423828
5.0 18.703902 161.205078125 48.41799545288086
6.0 18.703902 81.52616119384766 2679.466064453125
7.0 18.703902 5559.958984375 -2834.488525390625
8.0 18.703902 -8517.8671875 -1308.9466552734375
9.0 18.703902 5272.0830078125 -2895.825439453125
10.0 18.703902 1187.373291015625 -5348.08349609375
11.0 18.703902 -3183.466796875 5890.01171875
12.0 18.703902 138.1461181640625 60.758907318115234
13.0 18.703902 -1972.3946533203125 80.55048370361328
14.0 18.703902 289.8904724121094 -83.82881927490234
15.0 18.703902 142.30079650878906 64.47461700439453
16.0 18.703902 927.5240478515625 -181.351318359375
17.0 18.703902 101.68229675292969 53.90431594848633
18.0 18.703902 123.73369598388672 -1623.20703125
19.0 18.703902 108.35755920410156 115.9023208618164
0.0 18.749968 5050.4296875 -1899.525390625
1.0 18.749968 -2727.49951171875 -15319.91015625
2.0 18.749968 1251.6905517578125 78.14221954345703
3.0 18.749968 -3488.76953125 9649.6083984375
4.0 18.749968 -3281.4287109375 124.18954467773438
5.0 18.749968 173.0550994873047 47.24728775024414
6.0 18.749968 100.1445541381836 2719.958251953125
7.0 18.749968 5559.958984375 -2884.488525390625
8.0 18.749968 -8530.3671875 -1346.4466552734375
9.0 18.749968 5272.0830078125 -2945.825439453125
10.0 18.749968 1187.373291015625 -5398.08349609375
11.0 18.749968 -3195.966796875 5921.26171875
12.0 18.749968 152.18096923828125 60.439903259277344
13.0 18.749968 -2000.5296630859375 78.6741943359375
14.0 18.749968 289.8904724121094 -133.82882690429688
15.0 18.749968 156.33676147460938 63.94892501831055
16.0 18.749968 927.5240478515625 -231.351318359375
17.0 18.749968 113.62129974365234 53.945396423339844
18.0 18.749968 125.48506927490234 -1653.5625
19.0 18.749968 123.0625 116.1457748413086
0.0 18.796032999 5100.4296875 -1899.525390625
1.0 18.796032999 -2702.49951171875 -15519.91015625
2.0 18.796032999 1284.57666015625 74.83602142333984
3.0 18.796032999 -3513.76953125 9662.1083984375
4.0 18.796032999 -3311.5205078125 123.42135620117188
5.0 18.796032999 174.49501037597656 45.276512145996094
6.0 18.796032999 94.60137939453125 2806.602783203125
7.0 18.796032999 5609.958984375 -2884.488525390625
8.0 18.796032999 -8505.3671875 -1546.4466552734375
9.0 18.796032999 5322.0830078125 -2945.825439453125
10.0 18.796032999 1237.373291015625 -5398.08349609375
11.0 18.796032999 -3220.966796875 5933.76171875
12.0 18.796032999 154.49745178222656 58.4088020324707
13.0 18.796032999 -2026.4403076171875 75.93570709228516
14.0 18.796032999 339.8904724121094 -133.82882690429688
15.0 18.796032999 158.6576385498047 61.79178237915039
16.0 18.796032999 977.5240478515625 -231.351318359375
17.0 18.796032999 115.05875396728516 51.76374053955078
18.0 18.796032999 131.48435974121094 -1684.8953857421875
19.0 18.796032999 125.18138885498047 114.29325866699219
0.0 18.842098 5000.4296875 -1974.525390625
1.0 18.842098 -2652.49951171875 -15519.91015625
2.0 18.842098 1292.9024658203125 74.54586029052734
3.0 18.842098 -6713.76953125 4862.1083984375
4.0 18.842098 -3337.317138671875 121.7139663696289
5.0 18.842098 173.1883544921875 43.81547164916992
6.0 18.842098 93.97193908691406 2844.0986328125
7.0 18.842098 5509.958984375 -2959.488525390625
8.0 18.842098 -8455.3671875 -1546.4466552734375
9.0 18.842098 5222.0830078125 -3020.825439453125
10.0 18.842098 1137.373291015625 -5473.08349609375
11.0 18.842098 -6420.966796875 1133.76171875
12.0 18.842098 153.21498107910156 56.97021484375
13.0 18.842098 -2051.0927734375 74.42178344726562
14.0 18.842098 243.89047241210938 -206.82882690429688
15.0 18.842098 157.33026123046875 60.23190689086914
16.0 18.842098 877.5240478515625 -306.351318359375
17.0 18.842098 113.59711456298828 50.266029357910156
18.0 18.842098 129.62542724609375 -1715.9881591796875
19.0 18.842098 123.8319091796875 112.86540222167969
0.0 18.888164 4800.4296875 -2074.525390625
1.0 18.888164 -2652.49951171875 -15519.91015625
2.0 18.888164 1301.176025390625 73.23346710205078
3.0 18.888164 -6776.26953125 4849.6083984375
4.0 18.888164 -3363.421630859375 122.49065399169922
5.0 18.888164 171.03677368164062 40.94670486450195
6.0 18.888164 94.05853271484375 2869.484130859375
7.0 18.888164 5309.958984375 -3059.488525390625
8.0 18.888164 -8455.3671875 -1546.4466552734375
9.0 18.888164 5022.0830078125 -3120.825439453125
10.0 18.888164 937.373291015625 -5573.08349609375
11.0 18.888164 -6483.466796875 1121.26171875
12.0 18.888164 150.81918334960938 54.46049880981445
13.0 18.888164 -2079.427490234375 75.48989868164062
14.0 18.888164 291.42462158203125 -222.897216796875
15.0 18.888164 155.00942993164062 57.46622848510742
16.0 18.888164 677.5240478515625 -406.351318359375
17.0 18.888164 111.7302017211914 48.694549560546875
18.0 18.888164 123.39344024658203 -1745.9052734375
19.0 18.888164 122.61882781982422 111.012939453125
