0.0 0.368307001 218.0 27.0
1.0 0.368307001 221.0 36.0
2.0 0.368307001 134.0 41.0
3.0 0.368307001 140.0 48.0
4.0 0.368307001 148.0 49.0
5.0 0.368307001 122.0 51.0
6.0 0.368307001 143.0 55.0
7.0 0.368307001 128.0 57.0
8.0 0.368307001 145.0 63.0
9.0 0.368307001 128.0 64.0
10.0 0.368307001 192.0 86.0
11.0 0.368307001 211.0 97.0
12.0 0.368307001 33.0 110.0
13.0 0.368307001 44.0 117.0
14.0 0.368307001 112.0 131.0
15.0 0.368307001 199.0 142.0
16.0 0.368307001 130.0 151.0
17.0 0.368307001 205.0 154.0
18.0 0.368307001 104.0 156.0
19.0 0.368307001 151.0 170.0
0.0 0.412372001 217.47567749023438 26.377777099609375
1.0 0.412372001 220.47776794433594 35.3574104309082
2.0 0.412372001 133.35421752929688 40.49797821044922
3.0 0.412372001 139.2945098876953 47.40766143798828
4.0 0.412372001 147.34619140625 48.41913986206055
5.0 0.412372001 121.36746978759766 50.44080352783203
6.0 0.412372001 142.3621368408203 54.38447952270508
7.0 0.412372001 127.3491439819336 56.4052848815918
8.0 0.412372001 144.4500732421875 62.51405715942383
9.0 0.412372001 127.33123779296875 63.49714279174805
10.0 0.412372001 191.41648864746094 85.41453552246094
11.0 0.412372001 210.50875854492188 96.38783264160156
12.0 0.412372001 32.534423828125 109.58992004394531
13.0 0.412372001 43.491661071777344 116.62499237060547
14.0 0.412372001 111.45203399658203 130.44061279296875
15.0 0.412372001 198.5142822265625 141.39144897460938
16.0 0.412372001 129.5225372314453 150.46807861328125
17.0 0.412372001 204.58470153808594 153.4319305419922
18.0 0.412372001 103.43868255615234 155.5435028076172
19.0 0.412372001 150.49124145507812 169.44430541992188
0.0 0.456437 216.51824951171875 25.868228912353516
1.0 0.456437 219.6908721923828 34.954925537109375
2.0 0.456437 132.34783935546875 40.42681121826172
3.0 0.456437 138.1964874267578 47.1557502746582
4.0 0.456437 146.39959716796875 48.15023422241211
5.0 0.456437 120.35725402832031 50.28288269042969
6.0 0.456437 141.36289978027344 54.12282943725586
7.0 0.456437 126.31763458251953 56.19364547729492
8.0 0.456437 143.56411743164062 62.46073532104492
9.0 0.456437 126.26127624511719 63.46864318847656
10.0 0.456437 190.5819091796875 84.98556518554688
11.0 0.456437 209.76194763183594 95.98843383789062
12.0 0.456437 31.820871353149414 109.6479263305664
13.0 0.456437 42.72951889038086 116.70655059814453
14.0 0.456437 110.64167785644531 130.22866821289062
15.0 0.456437 197.84207153320312 140.97378540039062
16.0 0.456437 128.8560791015625 150.3252410888672
17.0 0.456437 204.00909423828125 153.06170654296875
18.0 0.456437 102.62045288085938 155.51547241210938
19.0 0.456437 149.75868225097656 169.2494354248047
0.0 0.500503 215.31982421875 25.819307327270508
1.0 0.500503 218.63510131835938 34.95602798461914
2.0 0.500503 130.9642791748047 40.567840576171875
3.0 0.500503 136.701171875 47.12957000732422
4.0 0.500503 144.95399475097656 48.126895904541016
5.0 0.500503 118.98493957519531 50.28071212768555
6.0 0.500503 139.9035186767578 54.06993103027344
7.0 0.500503 124.861083984375 56.09588623046875
8.0 0.500503 142.21031188964844 62.54497528076172
9.0 0.500503 124.7854232788086 63.491886138916016
10.0 0.500503 189.249755859375 85.00404357910156
11.0 0.500503 208.50064086914062 96.02430725097656
12.0 0.500503 30.59406089782715 109.57380676269531
13.0 0.500503 41.457550048828125 116.69259643554688
14.0 0.500503 109.16354370117188 130.17767333984375
15.0 0.500503 196.4894256591797 141.042236328125
16.0 0.500503 127.41768646240234 150.34515380859375
17.0 0.500503 202.70201110839844 153.16160583496094
18.0 0.500503 101.11378479003906 155.5413055419922
19.0 0.500503 148.2949981689453 169.32830810546875
0.0 0.544568 213.76634216308594 26.40742301940918
1.0 0.544568 217.1563262939453 35.55405044555664
2.0 0.544568 129.02227783203125 40.916446685791016
3.0 0.544568 134.68946838378906 47.356510162353516
4.0 0.544568 142.9943084716797 48.379215240478516
5.0 0.544568 116.93595886230469 50.49104309082031
6.0 0.544568 137.87835693359375 54.342041015625
7.0 0.544568 122.77307891845703 56.283973693847656
8.0 0.544568 140.2725372314453 62.99345397949219
9.0 0.544568 122.61885070800781 63.85266876220703
10.0 0.544568 187.13311767578125 85.51014709472656
11.0 0.544568 206.4530792236328 96.59500885009766
12.0 0.544568 28.518024444580078 109.23228454589844
13.0 0.544568 39.340938568115234 116.48351287841797
14.0 0.544568 106.59319305419922 130.27499389648438
15.0 0.544568 194.08274841308594 141.64352416992188
16.0 0.544568 124.90994262695312 150.60777282714844
17.0 0.544568 200.36904907226562 153.83372497558594
18.0 0.544568 98.4146728515625 155.7471160888672
19.0 0.544568 145.5595703125 169.80416870117188
0.0 0.588633001 211.40394592285156 26.91413116455078
1.0 0.588633001 214.9415283203125 36.16200256347656
2.0 0.588633001 126.2673568725586 41.65174102783203
3.0 0.588633001 131.80064392089844 47.95748519897461
4.0 0.588633001 140.18971252441406 48.9911003112793
5.0 0.588633001 114.18495178222656 51.12469482421875
6.0 0.588633001 135.05706787109375 54.91851043701172
7.0 0.588633001 119.92237091064453 56.80247116088867
8.0 0.588633001 137.51803588867188 63.72819519042969
9.0 0.588633001 119.70720672607422 64.55518341064453
10.0 0.588633001 184.35342407226562 86.26188659667969
11.0 0.588633001 203.8424072265625 97.294189453125
12.0 0.588633001 26.06879234313965 109.661376953125
13.0 0.588633001 36.757469177246094 117.03646087646484
14.0 0.588633001 103.65218353271484 130.85708618164062
15.0 0.588633001 191.37779235839844 142.38705444335938
16.0 0.588633001 122.05500030517578 151.28219604492188
17.0 0.588633001 197.7499542236328 154.60816955566406
18.0 0.588633001 95.45411682128906 156.43316650390625
19.0 0.588633001 142.63050842285156 170.5464630126953
0.0 0.632699001 207.94223022460938 26.51390266418457
1.0 0.632699001 211.5707244873047 35.71674346923828
2.0 0.632699001 122.3311767578125 41.783443450927734
3.0 0.632699001 127.75511169433594 47.92521667480469
4.0 0.632699001 136.26748657226562 48.94171905517578
5.0 0.632699001 110.21894073486328 51.177547454833984
6.0 0.632699001 131.09718322753906 54.87035369873047
7.0 0.632699001 115.92024993896484 56.778385162353516
8.0 0.632699001 133.66038513183594 63.84586715698242
9.0 0.632699001 115.65076446533203 64.68195343017578
10.0 0.632699001 180.66172790527344 86.00943756103516
11.0 0.632699001 200.3484344482422 97.0911865234375
12.0 0.632699001 22.818737030029297 109.94488525390625
13.0 0.632699001 33.426124572753906 117.39256286621094
14.0 0.632699001 99.86491394042969 130.8749542236328
15.0 0.632699001 187.87991333007812 142.31146240234375
16.0 0.632699001 118.42378997802734 151.397705078125
17.0 0.632699001 194.38035583496094 154.58567810058594
18.0 0.632699001 91.71719360351562 156.6417999267578
19.0 0.632699001 139.04225158691406 170.61956787109375
0.0 0.676764001 204.08859252929688 26.841815948486328
1.0 0.676764001 207.84188842773438 36.161659240722656
2.0 0.676764001 118.01282501220703 42.780128479003906
3.0 0.676764001 123.3771743774414 48.7258415222168
4.0 0.676764001 132.02452087402344 49.687076568603516
5.0 0.676764001 105.85907745361328 52.12028503417969
6.0 0.676764001 126.74327087402344 55.690032958984375
7.0 0.676764001 111.5487289428711 57.682125091552734
8.0 0.676764001 129.4367218017578 64.86593627929688
9.0 0.676764001 111.23646545410156 65.77384948730469
10.0 0.676764001 176.5898895263672 86.60147094726562
11.0 0.676764001 196.45709228515625 97.7081069946289
12.0 0.676764001 19.306142807006836 111.0195083618164
13.0 0.676764001 29.797317504882812 118.47469329833984
14.0 0.676764001 95.72628021240234 131.8046112060547
15.0 0.676764001 184.06015014648438 143.0592498779297
16.0 0.676764001 114.4145736694336 152.37234497070312
17.0 0.676764001 190.65423583984375 155.3856964111328
18.0 0.676764001 87.63768005371094 157.72486877441406
19.0 0.676764001 135.0425262451172 171.55953979492188
0.0 0.720829 199.4167938232422 27.27100944519043
1.0 0.720829 203.29225158691406 36.633731842041016
2.0 0.720829 112.87903594970703 43.99482345581055
3.0 0.720829 118.09960174560547 49.72854232788086
4.0 0.720829 126.79730224609375 50.689361572265625
5.0 0.720829 100.7635269165039 53.22357177734375
6.0 0.720829 121.51933288574219 56.668033599853516
7.0 0.720829 106.37439727783203 58.69034957885742
8.0 0.720829 124.33931732177734 66.00178527832031
9.0 0.720829 105.96484375 66.95450592041016
10.0 0.720829 171.634033203125 87.45562744140625
11.0 0.720829 191.6867218017578 98.45774841308594
12.0 0.720829 15.171177864074707 112.27296447753906
13.0 0.720829 25.485475540161133 119.71349334716797
14.0 0.720829 90.79378509521484 132.90390014648438
15.0 0.720829 179.424072265625 143.97967529296875
16.0 0.720829 109.60867309570312 153.4767608642578
17.0 0.720829 186.16708374023438 156.268798828125
18.0 0.720829 82.82766723632812 158.8726043701172
19.0 0.720829 130.2813720703125 172.7810516357422
0.0 0.764895 194.71865844726562 27.73746109008789
1.0 0.764895 198.62338256835938 37.146484375
2.0 0.764895 107.46198272705078 44.347930908203125
3.0 0.764895 112.57200622558594 50.052669525146484
4.0 0.764895 121.24317169189453 51.08335494995117
5.0 0.764895 95.25272369384766 53.54054641723633
6.0 0.764895 115.95072937011719 57.0124397277832
7.0 0.764895 100.77715301513672 58.967796325683594
8.0 0.764895 118.84590148925781 66.5250473022461
9.0 0.764895 100.30477905273438 67.40486145019531
10.0 0.764895 166.01101684570312 88.02586364746094
11.0 0.764895 186.2603302001953 99.0674057006836
12.0 0.764895 10.297001838684082 112.126708984375
13.0 0.764895 20.41127586364746 119.6876449584961
14.0 0.764895 84.85679626464844 133.1071319580078
15.0 0.764895 173.61058044433594 144.6865234375
16.0 0.764895 103.75376892089844 153.869384765625
17.0 0.764895 180.5191650390625 157.03797912597656
18.0 0.764895 76.87201690673828 159.17556762695312
19.0 0.764895 124.205322265625 173.89540100097656
0.0 0.80896 190.02195739746094 28.265893936157227
1.0 0.80896 193.96499633789062 37.697696685791016
2.0 0.80896 102.00374603271484 44.73434829711914
3.0 0.80896 107.02961730957031 50.31156921386719
4.0 0.80896 115.69745635986328 51.368019104003906
5.0 0.80896 89.71041870117188 53.82027816772461
6.0 0.80896 110.3313980102539 57.33906936645508
7.0 0.80896 95.17356872558594 59.23088455200195
8.0 0.80896 113.32413482666016 67.03656768798828
9.0 0.80896 94.54212951660156 67.85900115966797
10.0 0.80896 160.28948974609375 88.6053237915039
11.0 0.80896 180.6755828857422 99.71514129638672
12.0 0.80896 5.38182258605957 111.79351806640625
13.0 0.80896 15.357686996459961 119.54623413085938
14.0 0.80896 78.8009033203125 133.27110290527344
15.0 0.80896 167.65757751464844 145.48471069335938
16.0 0.80896 97.71329498291016 154.2163848876953
17.0 0.80896 174.6226043701172 157.9012451171875
18.0 0.80896 70.80126190185547 159.42031860351562
19.0 0.80896 117.928466796875 175.51800537109375
0.0 0.853026001 185.3029327392578 28.878564834594727
1.0 0.853026001 189.29519653320312 38.367427825927734
2.0 0.853026001 96.59114074707031 45.282012939453125
3.0 0.853026001 101.5306625366211 50.745849609375
4.0 0.853026001 110.23674774169922 51.78691101074219
5.0 0.853026001 84.1975326538086 54.207889556884766
6.0 0.853026001 104.76361846923828 57.786277770996094
7.0 0.853026001 89.59259796142578 59.57160949707031
8.0 0.853026001 107.80509948730469 67.68094635009766
9.0 0.853026001 88.80300903320312 68.4942398071289
10.0 0.853026001 154.4936981201172 89.44630432128906
11.0 0.853026001 175.06646728515625 100.5193099975586
12.0 0.853026001 0.4620479941368103 111.50977325439453
13.0 0.853026001 10.353830337524414 119.46351623535156
14.0 0.853026001 72.77509307861328 133.532958984375
15.0 0.853026001 161.65298461914062 146.446533203125
16.0 0.853026001 91.70211791992188 154.68252563476562
17.0 0.853026001 168.720703125 158.93142700195312
18.0 0.853026001 64.75192260742188 159.7644805908203
19.0 0.853026001 111.71656036376953 178.54098510742188
0.0 0.897091001 180.85665893554688 29.214534759521484
1.0 0.897091001 184.92771911621094 38.75489044189453
2.0 0.897091001 91.46073913574219 45.373451232910156
3.0 0.897091001 96.33076477050781 50.784034729003906
4.0 0.897091001 104.99423217773438 51.86661148071289
5.0 0.897091001 78.91910552978516 54.19376754760742
6.0 0.897091001 99.47586822509766 57.877235412597656
7.0 0.897091001 84.29479217529297 59.55023193359375
8.0 0.897091001 102.64704895019531 68.00145721435547
9.0 0.897091001 83.33877563476562 68.74279022216797
10.0 0.897091001 149.00401306152344 89.75003051757812
11.0 0.897091001 169.72467041015625 101.00098419189453
12.0 0.897091001 -25.877269744873047 110.43318939208984
13.0 0.897091001 5.6795148849487305 118.90470886230469
14.0 0.897091001 66.99546813964844 133.3572235107422
15.0 0.897091001 155.81015014648438 147.06410217285156
16.0 0.897091001 85.91754913330078 154.7680206298828
17.0 0.897091001 163.0198211669922 159.67416381835938
18.0 0.897091001 58.91925811767578 159.71958923339844
19.0 0.897091001 106.48701477050781 199.1642608642578
0.0 0.941156001 176.27783203125 28.656539916992188
1.0 0.941156001 180.35646057128906 38.21442413330078
2.0 0.941156001 86.10430145263672 44.55680847167969
3.0 0.941156001 90.87940216064453 49.937522888183594
4.0 0.941156001 99.44011688232422 51.11436080932617
5.0 0.941156001 73.50084686279297 53.35572814941406
6.0 0.941156001 93.92839813232422 57.091102600097656
7.0 0.941156001 78.77535247802734 58.65272903442383
8.0 0.941156001 97.20429992675781 67.40505981445312
9.0 0.941156001 77.63846588134766 68.11427307128906
10.0 0.941156001 143.14576721191406 89.39629364013672
11.0 0.941156001 164.1283416748047 100.59286499023438
12.0 0.941156001 -46.96334457397461 119.980712890625
13.0 0.941156001 -45.153133392333984 117.79487609863281
14.0 0.941156001 61.06309509277344 132.39515686035156
15.0 0.941156001 149.76646423339844 146.79754638671875
16.0 0.941156001 79.94149017333984 153.9783172607422
17.0 0.941156001 157.09649658203125 159.5498809814453
18.0 0.941156001 52.986900329589844 158.8292694091797
19.0 0.941156001 101.34896087646484 229.6563720703125
0.0 0.985222001 171.32582092285156 28.112327575683594
1.0 0.985222001 175.45777893066406 37.75255584716797
2.0 0.985222001 80.51776885986328 44.087982177734375
3.0 0.985222001 85.27881622314453 49.32553482055664
4.0 0.985222001 93.89633178710938 50.446800231933594
5.0 0.985222001 67.82290649414062 52.764278411865234
6.0 0.985222001 88.23326873779297 56.52537155151367
7.0 0.985222001 73.08255004882812 58.08348846435547
8.0 0.985222001 91.59423065185547 67.08197784423828
9.0 0.985222001 71.76580047607422 67.78604888916016
10.0 0.985222001 137.20404052734375 88.96153259277344
11.0 0.985222001 158.35203552246094 100.25511169433594
12.0 0.985222001 -82.03257751464844 118.22634887695312
13.0 0.985222001 -79.36393737792969 116.09823608398438
14.0 0.985222001 55.10385513305664 131.65538024902344
15.0 0.985222001 143.66400146484375 146.60781860351562
16.0 0.985222001 74.01142883300781 153.4548797607422
17.0 0.985222001 151.13067626953125 159.48770141601562
18.0 0.985222001 47.0345458984375 158.2954864501953
19.0 0.985222001 96.04393005371094 259.64166259765625
0.0 1.029287 166.54103088378906 27.295185089111328
1.0 1.029287 170.71234130859375 36.9789924621582
2.0 1.029287 75.16253662109375 43.14753341674805
3.0 1.029287 79.83026123046875 48.29845428466797
4.0 1.029287 88.43498229980469 49.44319152832031
5.0 1.029287 62.330013275146484 51.755924224853516
6.0 1.029287 82.68666076660156 55.540985107421875
7.0 1.029287 67.5574951171875 57.055870056152344
8.0 1.029287 86.14347839355469 66.34947967529297
9.0 1.029287 66.0978012084961 66.998291015625
10.0 1.029287 131.30479431152344 88.26103210449219
11.0 1.029287 152.63885498046875 99.6156997680664
12.0 1.029287 -112.2918930053711 116.5665054321289
13.0 1.029287 -109.13825225830078 114.46805572509766
14.0 1.029287 49.25508499145508 130.5143585205078
15.0 1.029287 137.5575714111328 146.1050567626953
16.0 1.029287 68.11392974853516 152.5252685546875
17.0 1.029287 145.17611694335938 159.13258361816406
18.0 1.029287 41.18666458129883 157.22210693359375
19.0 1.029287 90.98885345458984 290.8279724121094
0.0 1.073352 161.47122192382812 25.799198150634766
1.0 1.073352 165.63803100585938 35.58512496948242
2.0 1.073352 69.40042114257812 40.99546432495117
3.0 1.073352 74.02597045898438 46.111724853515625
4.0 1.073352 82.52412414550781 47.31731414794922
5.0 1.073352 56.46793746948242 49.552303314208984
6.0 1.073352 76.71290588378906 53.42986297607422
7.0 1.073352 61.605865478515625 54.798927307128906
8.0 1.073352 80.2600326538086 64.50328826904297
9.0 1.073352 59.895042419433594 65.05516052246094
10.0 1.073352 124.73844146728516 86.51476287841797
11.0 1.073352 146.17056274414062 98.05924987792969
12.0 1.073352 -181.7221221923828 118.46190643310547
13.0 1.073352 -159.72073364257812 152.73440551757812
14.0 1.073352 42.57138442993164 128.14329528808594
15.0 1.073352 130.4238739013672 144.6851806640625
16.0 1.073352 61.31727981567383 150.35028076171875
17.0 1.073352 138.13186645507812 157.84683227539062
18.0 1.073352 34.462303161621094 154.84776306152344
19.0 1.073352 85.63355255126953 320.0727844238281
0.0 1.117418001 156.720947265625 24.89947509765625
1.0 1.117418001 160.97445678710938 34.74557113647461
2.0 1.117418001 64.32576751708984 40.309200286865234
3.0 1.117418001 68.8976821899414 45.34101104736328
4.0 1.117418001 77.433349609375 46.52159881591797
5.0 1.117418001 51.306861877441406 48.744140625
6.0 1.117418001 71.51311492919922 52.6677131652832
7.0 1.117418001 56.4405632019043 54.02585220336914
8.0 1.117418001 75.14372253417969 63.97775650024414
9.0 1.117418001 54.536102294921875 64.57547760009766
10.0 1.117418001 119.20198059082031 85.7449722290039
11.0 1.117418001 140.75204467773438 97.3687744140625
12.0 1.117418001 -212.63699340820312 119.77717590332031
13.0 1.117418001 -188.32904052734375 154.93585205078125
14.0 1.117418001 37.336570739746094 127.18822479248047
15.0 1.117418001 124.80831909179688 144.08912658691406
16.0 1.117418001 56.048072814941406 149.5764617919922
17.0 1.117418001 132.6385498046875 157.41506958007812
18.0 1.117418001 29.257984161376953 154.1193389892578
19.0 1.117418001 81.15506744384766 352.3688049316406
0.0 1.161483001 152.15908813476562 23.78032875061035
1.0 1.161483001 156.3931884765625 33.685787200927734
2.0 1.161483001 59.317501068115234 38.75491714477539
3.0 1.161483001 63.83714294433594 43.75924301147461
4.0 1.161483001 72.2333755493164 45.040130615234375
5.0 1.161483001 46.23543930053711 47.198692321777344
6.0 1.161483001 66.31074523925781 51.17031478881836
7.0 1.161483001 51.307701110839844 52.44764709472656
8.0 1.161483001 69.99407958984375 62.68213653564453
9.0 1.161483001 49.16737747192383 63.304649353027344
10.0 1.161483001 113.45022583007812 84.52436065673828
11.0 1.161483001 135.05906677246094 96.21986389160156
12.0 1.161483001 -245.557373046875 110.47201538085938
13.0 1.161483001 -218.01797485351562 154.12266540527344
14.0 1.161483001 31.687435150146484 125.46844482421875
15.0 1.161483001 118.6436538696289 143.04818725585938
16.0 1.161483001 50.31808090209961 148.01231384277344
17.0 1.161483001 126.56429290771484 156.5139923095703
18.0 1.161483001 23.552494049072266 152.456787109375
19.0 1.161483001 76.49842834472656 384.9933776855469
0.0 1.205549001 147.8872528076172 22.405990600585938
1.0 1.205549001 152.14430236816406 32.31367874145508
2.0 1.205549001 54.780296325683594 37.372501373291016
3.0 1.205549001 59.30046844482422 42.25960159301758
4.0 1.205549001 67.68305969238281 43.496177673339844
5.0 1.205549001 41.599342346191406 45.69841003417969
6.0 1.205549001 61.63589859008789 49.689876556396484
7.0 1.205549001 46.65159606933594 50.9502067565918
8.0 1.205549001 65.37666320800781 61.413944244384766
9.0 1.205549001 44.29757308959961 62.06203842163086
10.0 1.205549001 108.28665924072266 83.19884490966797
11.0 1.205549001 130.0336151123047 94.92845916748047
12.0 1.205549001 -274.2938232421875 102.53221893310547
13.0 1.205549001 -247.11575317382812 152.31521606445312
14.0 1.205549001 26.818559646606445 123.82518005371094
15.0 1.205549001 113.30406951904297 141.8004150390625
16.0 1.205549001 45.39484405517578 146.53236389160156
17.0 1.205549001 121.34109497070312 155.42495727539062
18.0 1.205549001 18.702741622924805 150.99855041503906
19.0 1.205549001 72.10697174072266 420.3835754394531
0.0 1.249614 144.3037567138672 21.045759201049805
1.0 1.249614 148.63438415527344 31.078819274902344
2.0 1.249614 50.9824104309082 35.947147369384766
3.0 1.249614 55.47640609741211 40.8028450012207
4.0 1.249614 63.78822708129883 42.095340728759766
5.0 1.249614 37.75091552734375 44.30968475341797
6.0 1.249614 57.71061325073242 48.30953598022461
7.0 1.249614 42.76540756225586 49.538997650146484
8.0 1.249614 61.544376373291016 60.27294921875
9.0 1.249614 40.15896987915039 61.00965881347656
10.0 1.249614 103.9749526977539 81.82616424560547
11.0 1.249614 125.7348861694336 93.64525604248047
12.0 1.249614 -303.0294494628906 101.4056625366211
13.0 1.249614 -277.5387878417969 127.76629638671875
14.0 1.249614 22.747371673583984 122.3057632446289
15.0 1.249614 108.76244354248047 140.59542846679688
16.0 1.249614 41.26742172241211 145.1611328125
17.0 1.249614 116.89056396484375 154.3478240966797
18.0 1.249614 14.6380033493042 149.58909606933594
19.0 1.249614 67.33322143554688 444.0615539550781
0.0 1.293679 141.50738525390625 19.802309036254883
1.0 1.293679 145.9118194580078 29.964702606201172
2.0 1.293679 48.0611686706543 34.814083099365234
3.0 1.293679 52.5167236328125 39.608184814453125
4.0 1.293679 60.76255798339844 40.912872314453125
5.0 1.293679 34.792274475097656 43.15439987182617
6.0 1.293679 54.67491149902344 47.12889099121094
7.0 1.293679 39.7747802734375 48.377052307128906
8.0 1.293679 58.57905578613281 59.283592224121094
9.0 1.293679 36.94556427001953 60.14725112915039
10.0 1.293679 100.64124298095703 80.6374740600586
11.0 1.293679 122.45417785644531 92.52208709716797
12.0 1.293679 -332.81549072265625 102.0473403930664
13.0 1.293679 -307.1201171875 125.41200256347656
14.0 1.293679 19.659027099609375 121.04890441894531
15.0 1.293679 105.29467010498047 139.53955078125
16.0 1.293679 38.10951614379883 143.95758056640625
17.0 1.293679 113.49224090576172 153.38623046875
18.0 1.293679 11.56583309173584 148.455078125
19.0 1.293679 63.28692626953125 477.3734436035156
0.0 1.337745001 138.81832885742188 18.676193237304688
1.0 1.337745001 143.29017639160156 28.87613868713379
2.0 1.337745001 45.220794677734375 33.728187561035156
3.0 1.337745001 49.63949966430664 38.45359420776367
4.0 1.337745001 57.900909423828125 39.739341735839844
5.0 1.337745001 31.862770080566406 41.96171188354492
6.0 1.337745001 51.74521255493164 45.992557525634766
7.0 1.337745001 36.85871505737305 47.21898651123047
8.0 1.337745001 55.73854446411133 58.361595153808594
9.0 1.337745001 33.81060028076172 59.28242111206055
10.0 1.337745001 97.4227066040039 79.45317840576172
11.0 1.337745001 119.2881088256836 91.42794036865234
12.0 1.337745001 -361.257080078125 102.26153564453125
13.0 1.337745001 -335.7834167480469 123.43916320800781
14.0 1.337745001 16.635778427124023 119.83780670166016
15.0 1.337745001 101.92239379882812 138.48875427246094
16.0 1.337745001 35.131309509277344 142.90419006347656
17.0 1.337745001 110.21234893798828 152.46815490722656
18.0 1.337745001 8.514961242675781 147.39744567871094
19.0 1.337745001 59.13337326049805 512.66552734375
0.0 1.381810001 136.6827850341797 17.17719268798828
1.0 1.381810001 141.1941375732422 27.41952896118164
2.0 1.381810001 42.966739654541016 32.25339889526367
3.0 1.381810001 47.39265441894531 36.86316680908203
4.0 1.381810001 55.6675910949707 38.15008544921875
5.0 1.381810001 29.58831024169922 40.47327423095703
6.0 1.381810001 49.425682067871094 44.42995834350586
7.0 1.381810001 34.54548263549805 45.664955139160156
8.0 1.381810001 53.51704788208008 57.012271881103516
9.0 1.381810001 31.305042266845703 57.98426818847656
10.0 1.381810001 94.82077026367188 78.00341033935547
11.0 1.381810001 116.7165298461914 89.9547119140625
12.0 1.381810001 -390.3878173828125 104.07891845703125
13.0 1.381810001 -365.5867614746094 122.2666015625
14.0 1.381810001 14.183036804199219 118.2602767944336
15.0 1.381810001 99.17256927490234 137.0646514892578
16.0 1.381810001 32.618873596191406 141.41671752929688
17.0 1.381810001 107.51359558105469 151.1289520263672
18.0 1.381810001 6.007340908050537 145.87509155273438
19.0 1.381810001 55.42344665527344 555.5210571289062
0.0 1.425875001 135.83995056152344 16.56740379333496
1.0 1.425875001 140.42967224121094 26.910615921020508
2.0 1.425875001 41.97041702270508 31.301225662231445
3.0 1.425875001 46.39369583129883 35.85449981689453
4.0 1.425875001 54.77452087402344 37.096466064453125
5.0 1.425875001 28.496244430541992 39.44483184814453
6.0 1.425875001 48.37012481689453 43.44707107543945
7.0 1.425875001 33.443973541259766 44.6583366394043
8.0 1.425875001 52.48032760620117 56.2603759765625
9.0 1.425875001 29.954689025878906 57.30898666381836
10.0 1.425875001 93.47181701660156 77.18543243408203
11.0 1.425875001 115.36732482910156 89.3074722290039
12.0 1.425875001 -418.541259765625 102.21627044677734
13.0 1.425875001 -393.7669372558594 121.06040954589844
14.0 1.425875001 12.662578582763672 117.09098052978516
15.0 1.425875001 97.44989776611328 136.3672332763672
16.0 1.425875001 31.10849380493164 140.43115234375
17.0 1.425875001 105.82429504394531 150.51451110839844
18.0 1.425875001 3.002840042114258 145.0998077392578
19.0 1.425875001 58.662315368652344 591.6994018554688
0.0 1.469941 135.3785858154297 16.073875427246094
1.0 1.469941 140.0271759033203 26.44152069091797
2.0 1.469941 41.46445846557617 30.888805389404297
3.0 1.469941 45.83235549926758 35.4420166015625
4.0 1.469941 54.08885955810547 36.726802825927734
5.0 1.469941 28.02275276184082 38.9996452331543
6.0 1.469941 47.78912353515625 43.03474807739258
7.0 1.469941 32.927589416503906 44.21723937988281
8.0 1.469941 52.09759521484375 56.07695007324219
9.0 1.469941 29.195411682128906 57.17931365966797
10.0 1.469941 92.8942642211914 76.79081726074219
11.0 1.469941 114.84469604492188 88.87334442138672
12.0 1.469941 -446.70159912109375 95.11393737792969
13.0 1.469941 -423.12017822265625 120.37637329101562
14.0 1.469941 12.116548538208008 116.65973663330078
15.0 1.469941 96.84703826904297 135.9526824951172
16.0 1.469941 30.61748504638672 140.07583618164062
17.0 1.469941 105.30644226074219 150.1652374267578
18.0 1.469941 -8.834861755371094 119.3697280883789
19.0 1.469941 60.01612091064453 625.74609375
0.0 1.514006001 135.07733154296875 15.786099433898926
1.0 1.514006001 139.85400390625 26.302255630493164
2.0 1.514006001 41.143707275390625 30.851760864257812
3.0 1.514006001 45.49708938598633 35.35603713989258
4.0 1.514006001 53.75136184692383 36.63021469116211
5.0 1.514006001 27.711061477661133 38.92294692993164
6.0 1.514006001 47.46027374267578 42.9361572265625
7.0 1.514006001 32.619606018066406 44.140689849853516
8.0 1.514006001 51.871543884277344 56.17385482788086
9.0 1.514006001 28.662153244018555 57.36726760864258
10.0 1.514006001 92.70780181884766 76.60191345214844
11.0 1.514006001 114.66322326660156 88.72696685791016
12.0 1.514006001 -475.2536926269531 94.47666931152344
13.0 1.514006001 -452.29119873046875 120.36339569091797
14.0 1.514006001 11.85819149017334 116.64513397216797
15.0 1.514006001 96.71479034423828 135.8277587890625
16.0 1.514006001 30.489797592163086 140.146728515625
17.0 1.514006001 105.23096466064453 150.0659637451172
18.0 1.514006001 -37.944610595703125 119.15299987792969
19.0 1.514006001 60.81126403808594 659.01220703125
0.0 1.558071001 135.31773376464844 15.957036018371582
1.0 1.558071001 140.18862915039062 26.51304054260254
2.0 1.558071001 41.30329132080078 31.030160903930664
3.0 1.558071001 45.67405319213867 35.49443817138672
4.0 1.558071001 54.13972091674805 36.71195602416992
5.0 1.558071001 27.846328735351562 39.172874450683594
6.0 1.558071001 47.67617416381836 43.13725280761719
7.0 1.558071001 32.7535285949707 44.36503219604492
8.0 1.558071001 52.23054885864258 56.611820220947266
9.0 1.558071001 28.59437370300293 57.85915756225586
10.0 1.558071001 92.9942855834961 76.83819580078125
11.0 1.558071001 115.03529357910156 89.03189849853516
12.0 1.558071001 -503.4683837890625 92.91172790527344
13.0 1.558071001 -480.65966796875 120.61058044433594
14.0 1.558071001 12.006179809570312 116.8575668334961
15.0 1.558071001 97.0490951538086 136.0789794921875
16.0 1.558071001 30.82709503173828 140.56150817871094
17.0 1.558071001 105.62672424316406 150.37237548828125
18.0 1.558071001 -66.30546569824219 120.15558624267578
19.0 1.558071001 76.36073303222656 694.7218627929688
0.0 1.602137 136.31582641601562 16.61579704284668
1.0 1.602137 141.353759765625 27.3210506439209
2.0 1.602137 42.32876205444336 32.27242660522461
3.0 1.602137 46.70561599731445 36.64712142944336
4.0 1.602137 55.339630126953125 37.78129959106445
5.0 1.602137 28.904186248779297 40.3421745300293
6.0 1.602137 48.79548645019531 44.26182174682617
7.0 1.602137 33.85302734375 45.53853225708008
8.0 1.602137 53.544273376464844 57.94416809082031
9.0 1.602137 29.567188262939453 59.30655288696289
10.0 1.602137 94.5760726928711 77.78946685791016
11.0 1.602137 116.6695327758789 89.9746322631836
12.0 1.602137 -532.29541015625 92.37490844726562
13.0 1.602137 -510.659423828125 120.8462142944336
14.0 1.602137 13.476938247680664 118.27875518798828
15.0 1.602137 98.95811462402344 137.07614135742188
16.0 1.602137 32.533714294433594 141.9638671875
17.0 1.602137 107.61408233642578 151.3420867919922
18.0 1.602137 -96.30459594726562 119.87024688720703
19.0 1.602137 78.81784057617188 727.7749633789062
0.0 1.646202 138.18133544921875 16.24553108215332
1.0 1.646202 143.41110229492188 27.056453704833984
2.0 1.646202 44.08858108520508 32.328773498535156
3.0 1.646202 48.489131927490234 36.65146255493164
4.0 1.646202 57.276554107666016 37.72370529174805
5.0 1.646202 30.69422149658203 40.42531204223633
6.0 1.646202 50.67097473144531 44.24715805053711
7.0 1.646202 35.64570617675781 45.616004943847656
8.0 1.646202 55.60395050048828 58.13844299316406
9.0 1.646202 31.19110870361328 59.6357536315918
10.0 1.646202 96.96388244628906 77.57193756103516
11.0 1.646202 119.1409912109375 89.78254699707031
12.0 1.646202 -560.8150634765625 105.65176391601562
13.0 1.646202 -540.432861328125 120.127685546875
14.0 1.646202 15.57434368133545 118.54877471923828
15.0 1.646202 101.61079406738281 136.93157958984375
16.0 1.646202 34.86679458618164 142.30950927734375
17.0 1.646202 110.32684326171875 151.18797302246094
18.0 1.646202 -125.92573547363281 117.00257873535156
19.0 1.646202 79.20100402832031 758.9830932617188
0.0 1.690268001 141.21905517578125 17.456735610961914
1.0 1.690268001 146.5075225830078 28.33683204650879
2.0 1.690268001 46.988609313964844 32.911766052246094
3.0 1.690268001 51.39350128173828 37.307552337646484
4.0 1.690268001 60.145816802978516 38.439998626708984
5.0 1.690268001 33.571170806884766 40.92042541503906
6.0 1.690268001 53.581050872802734 44.88091278076172
7.0 1.690268001 38.52588653564453 46.154048919677734
8.0 1.690268001 58.64640426635742 58.98305130004883
9.0 1.690268001 33.81007766723633 60.42780303955078
10.0 1.690268001 99.9955825805664 78.64574432373047
11.0 1.690268001 122.2045669555664 90.94152069091797
12.0 1.690268001 -583.137939453125 144.092529296875
13.0 1.690268001 -569.1048583984375 121.68092346191406
14.0 1.690268001 17.91265106201172 119.13674926757812
15.0 1.690268001 104.37245178222656 137.9740447998047
16.0 1.690268001 37.38221740722656 143.1026153564453
17.0 1.690268001 113.12220001220703 152.2559051513672
18.0 1.690268001 -154.66075134277344 118.97308349609375
19.0 1.690268001 79.35855102539062 792.0042114257812
0.0 1.734333001 145.5311737060547 19.313167572021484
1.0 1.734333001 150.98562622070312 30.305673599243164
2.0 1.734333001 51.26883316040039 34.2672004699707
3.0 1.734333001 55.67289352416992 38.6495475769043
4.0 1.734333001 64.67412567138672 39.68902587890625
5.0 1.734333001 37.76231002807617 42.16217803955078
6.0 1.734333001 57.919498443603516 46.2398681640625
7.0 1.734333001 42.7697639465332 47.40186309814453
8.0 1.734333001 63.135841369628906 60.56536102294922
9.0 1.734333001 37.8763427734375 61.88054275512695
10.0 1.734333001 104.62959289550781 80.29490661621094
11.0 1.734333001 126.79396057128906 92.747314453125
12.0 1.734333001 -613.5717163085938 144.9147186279297
13.0 1.734333001 -596.6961669921875 123.53458404541016
14.0 1.734333001 21.736377716064453 120.4288558959961
15.0 1.734333001 108.75743103027344 139.6616668701172
16.0 1.734333001 41.34403610229492 144.5647735595703
17.0 1.734333001 117.49503326416016 153.92164611816406
18.0 1.734333001 -182.4171600341797 121.47262573242188
19.0 1.734333001 83.46365356445312 824.503662109375
0.0 1.778398 148.44300842285156 19.811466217041016
1.0 1.778398 154.05459594726562 30.823829650878906
2.0 1.778398 54.34670639038086 35.23080062866211
3.0 1.778398 58.750946044921875 39.5678596496582
4.0 1.778398 67.94609069824219 40.564823150634766
5.0 1.778398 40.98128890991211 43.196685791015625
6.0 1.778398 61.186004638671875 47.13686752319336
7.0 1.778398 45.95555114746094 48.40493392944336
8.0 1.778398 66.56769561767578 61.64844512939453
9.0 1.778398 40.909889221191406 63.11288070678711
10.0 1.778398 108.5318603515625 81.0025405883789
11.0 1.778398 130.7103729248047 93.38148498535156
12.0 1.778398 -644.9739990234375 151.06362915039062
13.0 1.778398 -626.2098388671875 125.6360092163086
14.0 1.778398 25.3549861907959 121.66816711425781
15.0 1.778398 113.04895782470703 140.2781982421875
16.0 1.778398 45.33715057373047 145.85157775878906
17.0 1.778398 121.81586456298828 154.47630310058594
18.0 1.778398 -211.66336059570312 122.49697875976562
19.0 1.778398 85.29158020019531 856.0369262695312
0.0 1.822464001 152.3471221923828 20.008840560913086
1.0 1.822464001 158.13499450683594 31.130603790283203
2.0 1.822464001 58.51226806640625 35.85890579223633
3.0 1.822464001 62.908809661865234 40.16347885131836
4.0 1.822464001 72.36857604980469 41.05845260620117
5.0 1.822464001 45.20012283325195 43.722572326660156
6.0 1.822464001 65.51742553710938 47.64036178588867
7.0 1.822464001 50.23892593383789 48.98099899291992
8.0 1.822464001 71.15196228027344 62.311336517333984
9.0 1.822464001 44.99519348144531 63.963035583496094
10.0 1.822464001 113.5156021118164 81.2181396484375
11.0 1.822464001 135.67984008789062 93.6069564819336
12.0 1.822464001 -674.0390625 196.29519653320312
13.0 1.822464001 -654.511962890625 135.1134490966797
14.0 1.822464001 30.012510299682617 122.44424438476562
15.0 1.822464001 118.39083099365234 140.4199676513672
16.0 1.822464001 50.25813293457031 146.5966339111328
17.0 1.822464001 127.15887451171875 154.5089111328125
18.0 1.822464001 -239.36801147460938 112.7612533569336
19.0 1.822464001 92.14305114746094 888.02490234375
0.0 1.866529001 156.7998046875 19.686328887939453
1.0 1.866529001 162.772705078125 30.860883712768555
2.0 1.866529001 63.298179626464844 35.487152099609375
3.0 1.866529001 67.69174194335938 39.74272918701172
4.0 1.866529001 77.37592315673828 40.55534744262695
5.0 1.866529001 50.015193939208984 43.400577545166016
6.0 1.866529001 70.44902801513672 47.211116790771484
7.0 1.866529001 55.045040130615234 48.63399124145508
8.0 1.866529001 76.33203125 62.04301834106445
9.0 1.866529001 49.66435241699219 63.71952438354492
10.0 1.866529001 118.81306457519531 80.80561828613281
11.0 1.866529001 141.02099609375 93.06351470947266
12.0 1.866529001 -749.0390625 196.29519653320312
13.0 1.866529001 -682.1320190429688 140.93011474609375
14.0 1.866529001 34.97384262084961 122.21162414550781
15.0 1.866529001 123.88516235351562 139.7222442626953
16.0 1.866529001 55.50362777709961 146.3935546875
17.0 1.866529001 132.6527557373047 153.74253845214844
18.0 1.866529001 -263.81768798828125 194.74676513671875
19.0 1.866529001 96.74288177490234 917.6605224609375
0.0 1.910594001 161.73602294921875 19.033578872680664
1.0 1.910594001 167.8877716064453 30.3287410736084
2.0 1.910594001 68.5448226928711 34.44162368774414
3.0 1.910594001 72.94805908203125 38.716983795166016
4.0 1.910594001 82.83162689208984 39.46424865722656
5.0 1.910594001 55.27710723876953 42.30433654785156
6.0 1.910594001 75.83684539794922 46.15498352050781
7.0 1.910594001 60.308692932128906 47.54874038696289
8.0 1.910594001 81.88888549804688 61.14495849609375
9.0 1.910594001 54.6988525390625 62.84822463989258
10.0 1.910594001 124.50827026367188 79.75702667236328
11.0 1.910594001 146.58758544921875 91.98670959472656
12.0 1.910594001 -899.0390625 196.29519653320312
13.0 1.910594001 -710.89306640625 102.27444458007812
14.0 1.910594001 40.167449951171875 121.23017120361328
15.0 1.910594001 129.5095672607422 138.5250701904297
16.0 1.910594001 60.892730712890625 145.46315002441406
17.0 1.910594001 138.23268127441406 152.4519805908203
18.0 1.910594001 -413.81768798828125 194.74676513671875
19.0 1.910594001 100.81812286376953 947.7682495117188
0.0 1.95466 167.41783142089844 18.65863609313965
1.0 1.95466 173.6460418701172 29.93037986755371
2.0 1.95466 74.51191711425781 32.88277816772461
3.0 1.95466 78.89794158935547 37.23391342163086
4.0 1.95466 88.82782745361328 38.00780487060547
5.0 1.95466 61.214988708496094 40.547298431396484
6.0 1.95466 81.8316879272461 44.62875747680664
7.0 1.95466 66.23725128173828 45.814510345458984
8.0 1.95466 88.02754211425781 59.75136947631836
9.0 1.95466 60.42021179199219 61.30139923095703
10.0 1.95466 130.3789520263672 78.68350982666016
11.0 1.95466 152.3191375732422 90.98297882080078
12.0 1.95466 -899.0390625 321.2951965332031
13.0 1.95466 -739.220458984375 106.95293426513672
14.0 1.95466 45.316810607910156 119.41844177246094
15.0 1.95466 134.83367919921875 137.22207641601562
16.0 1.95466 66.13417053222656 143.78001403808594
17.0 1.95466 143.46226501464844 151.10108947753906
18.0 1.95466 -413.81768798828125 319.74676513671875
19.0 1.95466 99.19825744628906 978.0157470703125
0.0 1.998725 172.32168579101562 19.407207489013672
1.0 1.998725 178.64183044433594 30.750720977783203
2.0 1.998725 79.83391571044922 32.61532211303711
3.0 1.998725 84.26752471923828 37.04030227661133
4.0 1.998725 94.4494857788086 37.746604919433594
5.0 1.998725 66.54945373535156 40.21809768676758
6.0 1.998725 87.28368377685547 44.461483001708984
7.0 1.998725 71.56206512451172 45.48403549194336
8.0 1.998725 93.58065032958984 59.68037033081055
9.0 1.998725 65.59257507324219 61.12998580932617
10.0 1.998725 135.73252868652344 78.81407165527344
11.0 1.998725 157.45677185058594 91.21294403076172
12.0 1.998725 -930.2890625 352.5451965332031
13.0 1.998725 -761.369384765625 198.01968383789062
14.0 1.998725 50.11085510253906 118.98565673828125
15.0 1.998725 139.77182006835938 137.1113739013672
16.0 1.998725 71.0408706665039 143.5018310546875
17.0 1.998725 148.3379669189453 150.93663024902344
18.0 1.998725 -445.06768798828125 350.99676513671875
19.0 1.998725 -39.54049301147461 988.607666015625
0.0 2.042791001 175.55242919921875 18.433401107788086
1.0 2.042791001 182.0939178466797 29.85170555114746
2.0 2.042791001 83.68305969238281 31.86210060119629
3.0 2.042791001 88.10684204101562 36.225433349609375
4.0 2.042791001 98.57231140136719 36.86284255981445
5.0 2.042791001 70.50505828857422 39.49209213256836
6.0 2.042791001 91.32989501953125 43.618919372558594
7.0 2.042791001 75.51519012451172 44.75956726074219
8.0 2.042791001 97.88211059570312 59.007816314697266
9.0 2.042791001 69.46934509277344 60.53826904296875
10.0 2.042791001 140.19325256347656 77.64981842041016
11.0 2.042791001 161.7607421875 89.95555114746094
12.0 2.042791001 -980.2890625 352.5451965332031
13.0 2.042791001 -811.369384765625 198.01968383789062
14.0 2.042791001 54.63968276977539 118.42168426513672
15.0 2.042791001 144.5607147216797 135.658203125
16.0 2.042791001 75.88078308105469 142.85940551757812
17.0 2.042791001 153.11781311035156 149.39089965820312
18.0 2.042791001 -495.06768798828125 350.99676513671875
19.0 2.042791001 -89.54049682617188 988.607666015625
0.0 2.086856 178.9097900390625 18.020490646362305
1.0 2.086856 185.55361938476562 29.426755905151367
2.0 2.086856 87.75761413574219 31.1641845703125
3.0 2.086856 92.18246459960938 35.49523162841797
4.0 2.086856 103.00572967529297 36.068992614746094
5.0 2.086856 74.61363983154297 38.7434196472168
6.0 2.086856 95.51285552978516 42.9153938293457
7.0 2.086856 79.66049194335938 44.06733703613281
8.0 2.086856 102.30755615234375 58.51299285888672
9.0 2.086856 73.1470947265625 59.85875701904297
10.0 2.086856 144.47032165527344 76.82960510253906
11.0 2.086856 165.84835815429688 89.23369598388672
12.0 2.086856 -1196.2890625 128.54519653320312
13.0 2.086856 -873.369384765625 128.01968383789062
14.0 2.086856 58.898345947265625 117.78115844726562
15.0 2.086856 148.84568786621094 134.6199188232422
16.0 2.086856 80.36127471923828 142.24981689453125
17.0 2.086856 157.37017822265625 148.30714416503906
18.0 2.086856 -719.0676879882812 126.99676513671875
19.0 2.086856 -889.54052734375 188.607666015625
0.0 2.130921 183.47402954101562 20.57285499572754
1.0 2.130921 190.24505615234375 32.06332778930664
2.0 2.130921 93.18415069580078 33.098026275634766
3.0 2.130921 97.57781219482422 37.46528625488281
4.0 2.130921 108.62262725830078 38.01357650756836
5.0 2.130921 80.00595092773438 40.52663803100586
6.0 2.130921 100.99131774902344 44.8905029296875
7.0 2.130921 85.15632629394531 45.89942169189453
8.0 2.130921 107.48271942138672 60.90046691894531
9.0 2.130921 77.94982147216797 61.56235122680664
10.0 2.130921 149.80076599121094 78.95653533935547
11.0 2.130921 170.9008331298828 91.41139221191406
12.0 2.130921 -1224.1529541015625 130.38882446289062
13.0 2.130921 -901.22314453125 129.5614471435547
14.0 2.130921 64.08723449707031 119.52289581298828
15.0 2.130921 153.88963317871094 136.46127319335938
16.0 2.130921 85.61986541748047 144.0603485107422
17.0 2.130921 162.36279296875 150.05331420898438
18.0 2.130921 -746.7373046875 129.166748046875
19.0 2.130921 -914.54052734375 238.607666015625
0.0 2.174987001 187.3406982421875 19.71065902709961
1.0 2.174987001 194.2858428955078 31.28912925720215
2.0 2.174987001 97.9027328491211 32.05863571166992
3.0 2.174987001 102.31106567382812 36.41548538208008
4.0 2.174987001 113.4971694946289 36.88865280151367
5.0 2.174987001 84.89619445800781 39.49284362792969
6.0 2.174987001 105.85076141357422 43.79250717163086
7.0 2.174987001 89.96114349365234 44.827606201171875
8.0 2.174987001 112.40677642822266 59.91123580932617
9.0 2.174987001 82.6611557006836 60.645442962646484
10.0 2.174987001 154.63821411132812 77.80845642089844
11.0 2.174987001 175.55630493164062 90.07994079589844
12.0 2.174987001 -1253.65185546875 129.0496368408203
13.0 2.174987001 -930.7345581054688 128.25152587890625
14.0 2.174987001 69.248779296875 118.36927795410156
15.0 2.174987001 158.84315490722656 134.81405639648438
16.0 2.174987001 90.91523742675781 142.80335998535156
17.0 2.174987001 167.2351531982422 148.2846221923828
18.0 2.174987001 -776.21533203125 127.90388488769531
19.0 2.174987001 -939.54052734375 388.607666015625
0.0 2.219052001 191.8310546875 19.040607452392578
1.0 2.219052001 199.00640869140625 30.639507293701172
2.0 2.219052001 103.58736419677734 31.93303680419922
3.0 2.219052001 107.94034576416016 36.254310607910156
4.0 2.219052001 119.3161392211914 36.68137741088867
5.0 2.219052001 90.71021270751953 39.407779693603516
6.0 2.219052001 111.7282943725586 43.58952713012695
7.0 2.219052001 95.8594970703125 44.76028060913086
8.0 2.219052001 118.23858642578125 59.88151550292969
9.0 2.219052001 88.58869171142578 60.75872802734375
10.0 2.219052001 160.7650909423828 76.9103775024414
11.0 2.219052001 181.48976135253906 89.17941284179688
12.0 2.219052001 -1282.220947265625 130.98484802246094
13.0 2.219052001 -959.4140014648438 127.97349548339844
14.0 2.219052001 76.08065032958984 118.28889465332031
15.0 2.219052001 165.42750549316406 133.6120147705078
16.0 2.219052001 97.9563980102539 142.535888671875
17.0 2.219052001 173.79953002929688 146.962158203125
18.0 2.219052001 -804.7180786132812 126.36857604980469
19.0 2.219052001 -952.04052734375 451.107666015625
0.0 2.263117001 196.30029296875 21.6608829498291
1.0 2.263117001 203.52833557128906 33.282955169677734
2.0 2.263117001 109.07203674316406 33.442508697509766
3.0 2.263117001 113.43291473388672 37.85071563720703
4.0 2.263117001 125.04501342773438 38.22138595581055
5.0 2.263117001 96.23658752441406 40.69175338745117
6.0 2.263117001 117.21063995361328 45.22288513183594
7.0 2.263117001 101.39852142333984 46.10649871826172
8.0 2.263117001 123.78193664550781 61.53926086425781
9.0 2.263117001 94.19750213623047 62.554935455322266
10.0 2.263117001 165.6446075439453 78.87507629394531
11.0 2.263117001 185.99365234375 91.23096466064453
12.0 2.263117001 -1311.1884765625 131.11187744140625
13.0 2.263117001 -989.0262451171875 128.2563934326172
14.0 2.263117001 80.95158386230469 119.34347534179688
15.0 2.263117001 169.69696044921875 135.1550750732422
16.0 2.263117001 102.83070373535156 143.73765563964844
17.0 2.263117001 177.96951293945312 148.4227752685547
18.0 2.263117001 -833.9856567382812 90.86502075195312
19.0 2.263117001 -752.04052734375 851.107666015625
0.0 2.307183001 200.5249786376953 22.602142333984375
1.0 2.307183001 207.86058044433594 34.281070709228516
2.0 2.307183001 114.39964294433594 33.948272705078125
3.0 2.307183001 118.74485778808594 38.3227424621582
4.0 2.307183001 130.60128784179688 38.65184783935547
5.0 2.307183001 101.71304321289062 41.21846389770508
6.0 2.307183001 122.60694122314453 45.67924118041992
7.0 2.307183001 106.8025894165039 46.57468032836914
8.0 2.307183001 129.5039520263672 62.10641098022461
9.0 2.307183001 99.26210021972656 62.956703186035156
10.0 2.307183001 170.6502227783203 79.48255920410156
11.0 2.307183001 190.78384399414062 91.63896179199219
12.0 2.307183001 -1339.1129150390625 133.21392822265625
13.0 2.307183001 -1016.9301147460938 130.45628356933594
14.0 2.307183001 86.4771499633789 119.60897064208984
15.0 2.307183001 174.6371612548828 135.19085693359375
16.0 2.307183001 108.39107513427734 143.91896057128906
17.0 2.307183001 182.8701171875 148.397216796875
18.0 2.307183001 -864.680419921875 92.53453826904297
19.0 2.307183001 -852.04052734375 851.107666015625
0.0 2.351248001 205.1731414794922 22.395315170288086
1.0 2.351248001 212.7541961669922 34.08147048950195
2.0 2.351248001 120.42803192138672 34.496788024902344
3.0 2.351248001 124.75569915771484 38.85843276977539
4.0 2.351248001 136.84475708007812 39.05768966674805
5.0 2.351248001 107.87614440917969 41.67734146118164
6.0 2.351248001 128.83827209472656 46.1674919128418
7.0 2.351248001 113.11795806884766 47.115257263183594
8.0 2.351248001 136.0354461669922 62.591400146484375
9.0 2.351248001 105.65985870361328 63.69450378417969
10.0 2.351248001 177.0409393310547 79.23856353759766
11.0 2.351248001 196.95367431640625 91.37071228027344
12.0 2.351248001 -1369.773193359375 133.94468688964844
13.0 2.351248001 -1046.6756591796875 157.3400115966797
14.0 2.351248001 93.88506317138672 120.25355529785156
15.0 2.351248001 181.5912322998047 134.58175659179688
16.0 2.351248001 115.98338317871094 144.3364715576172
17.0 2.351248001 189.7870330810547 147.6580810546875
18.0 2.351248001 -889.4254760742188 85.70875549316406
19.0 2.351248001 -752.04052734375 1001.107666015625
0.0 2.395313001 211.09222412109375 23.396045684814453
1.0 2.395313001 218.8294219970703 35.26548767089844
2.0 2.395313001 127.6329574584961 35.44160079956055
3.0 2.395313001 131.94992065429688 39.73359680175781
4.0 2.395313001 144.3646697998047 39.82857131958008
5.0 2.395313001 115.24847412109375 42.60093688964844
6.0 2.395313001 136.15631103515625 47.040252685546875
7.0 2.395313001 120.49250030517578 48.048858642578125
8.0 2.395313001 143.53797912597656 63.51899337768555
9.0 2.395313001 113.38175201416016 64.9787826538086
10.0 2.395313001 184.0968017578125 79.94828033447266
11.0 2.395313001 203.74554443359375 92.06644439697266
12.0 2.395313001 -1399.219482421875 134.56146240234375
13.0 2.395313001 -1075.6982421875 157.24618530273438
14.0 2.395313001 101.63357543945312 121.04202270507812
15.0 2.395313001 188.63992309570312 134.9237823486328
16.0 2.395313001 123.78226470947266 145.04066467285156
17.0 2.395313001 196.80352783203125 147.95391845703125
18.0 2.395313001 -918.1031494140625 182.07196044921875
19.0 2.395313001 -752.04052734375 1001.107666015625
0.0 2.439379 218.3489227294922 24.77386474609375
1.0 2.439379 226.0978240966797 36.86025619506836
2.0 2.439379 135.7667694091797 35.382965087890625
3.0 2.439379 140.0895538330078 39.74327087402344
4.0 2.439379 152.57290649414062 39.888675689697266
5.0 2.439379 123.3476333618164 42.35049819946289
6.0 2.439379 144.2729949951172 47.09859085083008
7.0 2.439379 128.62353515625 47.82209014892578
8.0 2.439379 134.8017578125 64.22760009765625
9.0 2.439379 121.05442810058594 64.42829895019531
10.0 2.439379 191.28997802734375 80.55142211914062
11.0 2.439379 210.56224060058594 92.75790405273438
12.0 2.439379 -1428.6484375 138.39837646484375
13.0 2.439379 -1105.3699951171875 149.142822265625
14.0 2.439379 108.9913330078125 120.37865447998047
15.0 2.439379 194.91212463378906 135.16110229492188
16.0 2.439379 130.94020080566406 144.57196044921875
17.0 2.439379 202.91641235351562 148.2201690673828
18.0 2.439379 -943.9771728515625 229.45298767089844
19.0 2.439379 -752.04052734375 1051.107666015625
0.0 2.483444 225.0208282470703 26.19646453857422
1.0 2.483444 232.68711853027344 38.44242858886719
2.0 2.483444 143.6233367919922 36.6093864440918
3.0 2.483444 147.91827392578125 41.018394470214844
4.0 2.483444 160.47572326660156 41.182289123535156
5.0 2.483444 131.3418731689453 43.4999885559082
6.0 2.483444 152.18423461914062 48.37841033935547
7.0 2.483444 136.6647186279297 49.01253128051758
8.0 2.483444 122.04821014404297 49.47728729248047
9.0 2.483444 128.74522399902344 65.37939453125
10.0 2.483444 198.80242919921875 81.62855529785156
11.0 2.483444 217.8279266357422 93.8301010131836
12.0 2.483444 -1458.739990234375 132.73681640625
13.0 2.483444 -1133.6746826171875 147.16012573242188
14.0 2.483444 117.39246368408203 121.46078491210938
15.0 2.483444 202.36590576171875 135.91526794433594
16.0 2.483444 139.340576171875 145.5959014892578
17.0 2.483444 210.2718963623047 148.82481384277344
18.0 2.483444 -31663.9765625 -55066.546875
19.0 2.483444 -31472.041015625 -54244.890625
0.0 2.527510001 230.3475341796875 25.635217666625977
1.0 2.527510001 239.60227966308594 38.55008316040039
2.0 2.527510001 150.1452178955078 36.50779724121094
3.0 2.527510001 154.4266815185547 40.86011505126953
4.0 2.527510001 167.3107147216797 40.8378791809082
5.0 2.527510001 138.04762268066406 43.44136047363281
6.0 2.527510001 158.85789489746094 48.19615173339844
7.0 2.527510001 143.39599609375 48.96003723144531
8.0 2.527510001 128.65469360351562 49.19351577758789
9.0 2.527510001 135.63645935058594 65.44454193115234
10.0 2.527510001 205.31056213378906 80.93062591552734
11.0 2.527510001 224.2697296142578 93.10310363769531
12.0 2.527510001 -1487.8453369140625 129.15896606445312
13.0 2.527510001 -1162.0279541015625 146.01568603515625
14.0 2.527510001 125.12584686279297 121.25401306152344
15.0 2.527510001 209.24957275390625 134.8267822265625
16.0 2.527510001 147.11483764648438 145.27902221679688
17.0 2.527510001 217.14231872558594 147.71742248535156
18.0 2.527510001 -31726.4765625 -55079.046875
19.0 2.527510001 -31534.541015625 -54257.390625
0.0 2.571575 235.47825622558594 26.784025192260742
1.0 2.571575 256.3118591308594 40.37436294555664
2.0 2.571575 156.3363494873047 37.47706604003906
3.0 2.571575 160.59417724609375 41.790313720703125
4.0 2.571575 173.70053100585938 41.69059371948242
5.0 2.571575 144.3800811767578 44.372318267822266
6.0 2.571575 165.08358764648438 49.1396484375
7.0 2.571575 149.73724365234375 49.89274978637695
8.0 2.571575 134.9086151123047 49.66328430175781
9.0 2.571575 142.2041473388672 66.75231170654297
10.0 2.571575 211.1074676513672 81.6962890625
11.0 2.571575 229.9277801513672 94.06263732910156
12.0 2.571575 -1517.6536865234375 127.57283782958984
13.0 2.571575 -1191.496826171875 144.480712890625
14.0 2.571575 131.6873016357422 122.01260375976562
15.0 2.571575 214.9055633544922 135.3214569091797
16.0 2.571575 153.71499633789062 146.04861450195312
17.0 2.571575 222.8191375732422 148.15504455566406
18.0 2.571575 -31626.4765625 -55279.046875
19.0 2.571575 -31434.541015625 -54457.390625
0.0 2.61564 239.00857543945312 26.672771453857422
1.0 2.61564 282.7104797363281 40.561622619628906
2.0 2.61564 161.45767211914062 37.78904724121094
3.0 2.61564 165.72442626953125 42.1468391418457
4.0 2.61564 179.15975952148438 41.97563171386719
5.0 2.61564 149.6838836669922 44.710391998291016
6.0 2.61564 170.2377166748047 49.51958465576172
7.0 2.61564 154.9478302001953 50.24750900268555
8.0 2.61564 140.41233825683594 49.91569519042969
9.0 2.61564 147.40550231933594 67.10794830322266
10.0 2.61564 215.66445922851562 82.15599822998047
11.0 2.61564 234.343994140625 94.59590911865234
12.0 2.61564 -1546.0716552734375 127.62483978271484
13.0 2.61564 -1219.3424072265625 145.30206298828125
14.0 2.61564 136.82589721679688 122.05104064941406
15.0 2.61564 219.2559814453125 135.44679260253906
16.0 2.61564 158.77403259277344 146.17445373535156
17.0 2.61564 227.13153076171875 148.34353637695312
18.0 2.61564 -30826.4765625 -56079.046875
19.0 2.61564 -30634.541015625 -55257.390625
0.0 2.659706001 248.51409912109375 26.147123336791992
1.0 2.659706001 311.3768310546875 39.77739334106445
2.0 2.659706001 165.7643280029297 37.99201583862305
3.0 2.659706001 170.03756713867188 42.32536315917969
4.0 2.659706001 183.62794494628906 42.078800201416016
5.0 2.659706001 154.0894012451172 44.84994125366211
6.0 2.659706001 174.5342559814453 49.70756149291992
7.0 2.659706001 159.34759521484375 50.38945770263672
8.0 2.659706001 144.8638458251953 49.81918716430664
9.0 2.659706001 151.8013153076172 67.36559295654297
10.0 2.659706001 219.59536743164062 82.15404510498047
11.0 2.659706001 239.06922912597656 94.60870361328125
12.0 2.659706001 -1574.6185302734375 132.71470642089844
13.0 2.659706001 -1247.9759521484375 144.98199462890625
14.0 2.659706001 141.36627197265625 121.97321319580078
15.0 2.659706001 223.11911010742188 135.22677612304688
16.0 2.659706001 163.2835235595703 146.11776733398438
17.0 2.659706001 230.96009826660156 148.21368408203125
18.0 2.659706001 -30813.9765625 -56154.046875
19.0 2.659706001 -30622.041015625 -55332.390625
0.0 2.703771001 305.7980041503906 24.609331130981445
1.0 2.703771001 337.7368469238281 37.355770111083984
2.0 2.703771001 169.1535186767578 36.88220977783203
3.0 2.703771001 173.405517578125 41.20101547241211
4.0 2.703771001 187.2255401611328 40.81574249267578
5.0 2.703771001 157.56808471679688 43.737911224365234
6.0 2.703771001 177.9353790283203 48.571407318115234
7.0 2.703771001 162.8067626953125 49.279296875
8.0 2.703771001 148.24411010742188 48.54911422729492
9.0 2.703771001 155.2640380859375 66.42023468017578
10.0 2.703771001 222.75485229492188 80.83650207519531
11.0 2.703771001 243.61512756347656 93.33259582519531
12.0 2.703771001 -1603.9117431640625 129.0186004638672
13.0 2.703771001 -1275.95263671875 150.37966918945312
14.0 2.703771001 145.2552032470703 120.70939636230469
15.0 2.703771001 226.4318389892578 133.58253479003906
16.0 2.703771001 167.20547485351562 144.82591247558594
17.0 2.703771001 234.31216430664062 146.69903564453125
18.0 2.703771001 -30513.9765625 -56454.046875
19.0 2.703771001 -30322.041015625 -55632.390625
0.0 2.747836001 355.8120422363281 23.072067260742188
1.0 2.747836001 364.08465576171875 36.21342849731445
2.0 2.747836001 171.52001953125 37.05402755737305
3.0 2.747836001 175.75692749023438 41.301605224609375
4.0 2.747836001 189.85218811035156 40.79948425292969
5.0 2.747836001 160.09698486328125 43.970272064208984
6.0 2.747836001 180.3990478515625 48.6714973449707
7.0 2.747836001 165.34616088867188 49.48666000366211
8.0 2.747836001 150.7432403564453 48.702049255371094
9.0 2.747836001 158.2058868408203 67.10787963867188
10.0 2.747836001 225.0778350830078 80.57437133789062
11.0 2.747836001 272.9836120605469 93.21229553222656
12.0 2.747836001 -1631.9349365234375 133.94483947753906
13.0 2.747836001 -1304.138916015625 152.33897399902344
14.0 2.747836001 148.3155059814453 120.8165512084961
15.0 2.747836001 229.09991455078125 133.0401611328125
16.0 2.747836001 170.38441467285156 144.9099578857422
17.0 2.747836001 238.50025939941406 146.10775756835938
18.0 2.747836001 -30538.9765625 -56404.046875
19.0 2.747836001 -30347.041015625 -55582.390625
0.0 2.791902 378.7723693847656 19.97637176513672
1.0 2.791902 391.47100830078125 34.0430793762207
2.0 2.791902 173.26348876953125 35.952266693115234
3.0 2.791902 177.46768188476562 40.164798736572266
4.0 2.791902 191.68081665039062 39.52410888671875
5.0 2.791902 161.96202087402344 42.87919998168945
6.0 2.791902 182.20314025878906 47.48374938964844
7.0 2.791902 167.21646118164062 48.40195846557617
8.0 2.791902 152.65711975097656 47.51382064819336
9.0 2.791902 160.3706817626953 66.0533218383789
10.0 2.791902 227.09378051757812 78.71813201904297
11.0 2.791902 344.36138916015625 94.03778839111328
12.0 2.791902 -1662.181640625 130.52491760253906
13.0 2.791902 -1333.0875244140625 153.2047576904297
14.0 2.791902 151.08067321777344 119.70925903320312
15.0 2.791902 231.56800842285156 131.0830841064453
16.0 2.791902 173.2857666015625 143.73744201660156
17.0 2.791902 248.79090881347656 142.83103942871094
18.0 2.791902 -30638.9765625 -56304.046875
19.0 2.791902 -30447.041015625 -55482.390625
0.0 2.835967001 390.86468505859375 17.53899383544922
1.0 2.835967001 417.38470458984375 32.07424545288086
2.0 2.835967001 174.42311096191406 34.59162521362305
3.0 2.835967001 178.61257934570312 38.80891799926758
4.0 2.835967001 193.09495544433594 38.040557861328125
5.0 2.835967001 163.08773803710938 41.497596740722656
6.0 2.835967001 183.42868041992188 46.145938873291016
7.0 2.835967001 168.42425537109375 47.050106048583984
8.0 2.835967001 153.53549194335938 45.9420166015625
9.0 2.835967001 161.54087829589844 64.8393783569336
10.0 2.835967001 228.2793426513672 77.1385269165039
11.0 2.835967001 -1648.935791015625 -541.4132080078125
12.0 2.835967001 -1690.3780517578125 131.77664184570312
13.0 2.835967001 -1361.681640625 149.82032775878906
14.0 2.835967001 152.7427520751953 118.35527038574219
15.0 2.835967001 233.29278564453125 129.26219177246094
16.0 2.835967001 175.0950927734375 142.43258666992188
17.0 2.835967001 273.4744873046875 139.0894012451172
18.0 2.835967001 -30588.9765625 -56304.046875
19.0 2.835967001 -30397.041015625 -55482.390625
0.0 2.880033 403.9825134277344 19.77983856201172
1.0 2.880033 445.3475341796875 31.835050582885742
2.0 2.880033 175.35533142089844 35.38303756713867
3.0 2.880033 179.52053833007812 39.4955940246582
4.0 2.880033 194.34857177734375 38.506263732910156
5.0 2.880033 164.09109497070312 42.26095962524414
6.0 2.880033 184.34359741210938 46.791603088378906
7.0 2.880033 169.4300079345703 47.80033493041992
8.0 2.880033 154.40399169921875 46.511871337890625
9.0 2.880033 163.03375244140625 66.00463104248047
10.0 2.880033 229.20260620117188 77.64261627197266
11.0 2.880033 -1736.435791015625 -528.9132080078125
12.0 2.880033 -1719.7103271484375 131.9547119140625
13.0 2.880033 -1390.970703125 151.1812286376953
14.0 2.880033 153.81842041015625 119.05213928222656
15.0 2.880033 235.46156311035156 129.4540557861328
16.0 2.880033 176.25489807128906 143.18856811523438
17.0 2.880033 298.3446960449219 142.3271026611328
18.0 2.880033 -30676.4765625 -56291.546875
19.0 2.880033 -30484.541015625 -55469.890625
0.0 2.924098 415.3045349121094 22.563419342041016
1.0 2.924098 474.3048400878906 32.853477478027344
2.0 2.924098 175.60548400878906 35.789119720458984
3.0 2.924098 179.7686004638672 39.953311920166016
4.0 2.924098 194.6291046142578 38.96331024169922
5.0 2.924098 164.46096801757812 42.69630432128906
6.0 2.924098 184.5411376953125 47.284873962402344
7.0 2.924098 169.67823791503906 48.22971725463867
8.0 2.924098 155.08934020996094 46.715171813964844
9.0 2.924098 163.43312072753906 66.19316864013672
10.0 2.924098 229.30316162109375 78.21981811523438
11.0 2.924098 -1836.435791015625 -478.9132080078125
12.0 2.924098 -1747.9508056640625 131.2190704345703
13.0 2.924098 -1420.3309326171875 148.0708465576172
14.0 2.924098 153.90048217773438 119.37029266357422
15.0 2.924098 241.90077209472656 132.68893432617188
16.0 2.924098 176.3109893798828 143.5522918701172
17.0 2.924098 328.9576110839844 143.2077178955078
18.0 2.924098 -30776.4765625 -56241.546875
19.0 2.924098 -30584.541015625 -55419.890625
0.0 2.968163 411.2801513671875 26.502397537231445
1.0 2.968163 502.1365051269531 38.31858444213867
2.0 2.968163 175.05662536621094 36.45901870727539
3.0 2.968163 179.206298828125 40.58165740966797
4.0 2.968163 194.20407104492188 39.405853271484375
5.0 2.968163 163.83819580078125 43.304344177246094
6.0 2.968163 183.8847198486328 47.9005241394043
7.0 2.968163 169.05224609375 48.815032958984375
8.0 2.968163 154.0757598876953 47.01814270019531
9.0 2.968163 162.93826293945312 66.62297058105469
10.0 2.968163 228.68716430664062 78.86197662353516
11.0 2.968163 -2036.435791015625 -478.9132080078125
12.0 2.968163 -1776.7711181640625 128.8742218017578
13.0 2.968163 -1448.6180419921875 148.7577362060547
14.0 2.968163 152.99940490722656 119.84407806396484
15.0 2.968163 257.8733215332031 238.6380157470703
16.0 2.968163 175.4867706298828 144.22967529296875
17.0 2.968163 339.65472412109375 144.390380859375
18.0 2.968163 -30976.4765625 -56241.546875
19.0 2.968163 -30784.541015625 -55419.890625
0.0 3.012229001 408.27142333984375 30.048851013183594
1.0 3.012229001 532.2833862304688 42.554908752441406
2.0 3.012229001 173.99761962890625 37.415584564208984
3.0 3.012229001 178.1427001953125 41.5201301574707
4.0 3.012229001 193.34164428710938 40.2094612121582
5.0 3.012229001 162.78509521484375 44.28237533569336
6.0 3.012229001 182.76414489746094 48.86666488647461
7.0 3.012229001 167.91554260253906 49.762046813964844
8.0 3.012229001 153.0234375 47.73397445678711
9.0 3.012229001 161.52125549316406 67.49954223632812
10.0 3.012229001 227.60549926757812 80.01200866699219
11.0 3.012229001 -2036.435791015625 -578.9132080078125
12.0 3.012229001 -1806.2432861328125 129.61314392089844
13.0 3.012229001 -1478.2362060546875 150.5232696533203
14.0 3.012229001 151.48069763183594 120.7537841796875
15.0 3.012229001 185.87332153320312 396.63800048828125
16.0 3.012229001 173.99212646484375 145.21604919433594
17.0 3.012229001 360.92010498046875 145.5587158203125
18.0 3.012229001 -30976.4765625 -56341.546875
19.0 3.012229001 -30784.541015625 -55519.890625
0.0 3.056294001 430.6034240722656 32.88924026489258
1.0 3.056294001 559.9220581054688 43.90349197387695
2.0 3.056294001 172.74168395996094 37.13160705566406
3.0 3.056294001 176.8818359375 41.20983123779297
4.0 3.056294001 192.3730010986328 39.76420593261719
5.0 3.056294001 161.6367950439453 44.0804328918457
6.0 3.056294001 181.5923309326172 48.56702423095703
7.0 3.056294001 166.7076416015625 49.54884338378906
8.0 3.056294001 151.83929443359375 47.45199966430664
9.0 3.056294001 160.3120574951172 67.18505096435547
10.0 3.056294001 226.79319763183594 79.51701354980469
11.0 3.056294001 -2086.435791015625 -578.9132080078125
12.0 3.056294001 -1834.74609375 131.85787963867188
13.0 3.056294001 -1506.8204345703125 151.4292755126953
14.0 3.056294001 150.44207763671875 120.55622863769531
15.0 3.056294001 186.9988555908203 427.4088134765625
16.0 3.056294001 173.1599578857422 145.11764526367188
17.0 3.056294001 400.53704833984375 144.1962890625
18.0 3.056294001 -31026.4765625 -56341.546875
19.0 3.056294001 -30834.541015625 -55519.890625
0.0 3.100359 458.6957702636719 35.138370513916016
1.0 3.100359 588.2479248046875 47.086551666259766
2.0 3.100359 171.63267517089844 36.671958923339844
3.0 3.100359 175.7633819580078 40.778533935546875
4.0 3.100359 191.35972595214844 39.178977966308594
5.0 3.100359 160.54037475585938 43.61638641357422
6.0 3.100359 180.50343322753906 48.13396453857422
7.0 3.100359 165.6168212890625 49.10308837890625
8.0 3.100359 150.69515991210938 46.82246780395508
9.0 3.100359 159.16957092285156 66.76545715332031
10.0 3.100359 226.17361450195312 78.85337829589844
11.0 3.100359 -2161.435791015625 -528.9132080078125
12.0 3.100359 -1863.4190673828125 133.44532775878906
13.0 3.100359 -1535.8114013671875 151.79884338378906
14.0 3.100359 149.5247039794922 120.24964141845703
15.0 3.100359 188.09178161621094 459.69281005859375
16.0 3.100359 172.3975067138672 144.89073181152344
17.0 3.100359 437.4634094238281 143.2903594970703
18.0 3.100359 -31101.4765625 -56291.546875
19.0 3.100359 -30909.541015625 -55469.890625
0.0 3.144425001 488.5621032714844 37.53972244262695
1.0 3.144425001 616.2388305664062 50.0307731628418
2.0 3.144425001 170.42556762695312 37.14500045776367
3.0 3.144425001 174.53741455078125 41.141178131103516
4.0 3.144425001 190.36854553222656 39.393280029296875
5.0 3.144425001 159.3427276611328 44.19525146484375
6.0 3.144425001 179.23794555664062 48.501220703125
7.0 3.144425001 164.32708740234375 49.61221694946289
8.0 3.144425001 149.21981811523438 47.154911041259766
9.0 3.144425001 157.831298828125 67.09588623046875
10.0 3.144425001 225.23214721679688 79.44345092773438
11.0 3.144425001 -2173.935791015625 -578.9132080078125
12.0 3.144425001 -1892.6239013671875 134.78627014160156
13.0 3.144425001 -1565.2255859375 151.36585998535156
14.0 3.144425001 148.03794860839844 120.75970458984375
15.0 3.144425001 187.3178253173828 491.5784606933594
16.0 3.144425001 171.0323486328125 145.58433532714844
17.0 3.144425001 471.47869873046875 144.9822998046875
18.0 3.144425001 -31113.9765625 -56341.546875
19.0 3.144425001 -30922.041015625 -55519.890625
0.0 3.188490001 518.7390747070312 40.49367904663086
1.0 3.188490001 648.87548828125 63.651241302490234
2.0 3.188490001 167.0013885498047 36.829261779785156
3.0 3.188490001 171.1330108642578 40.89301300048828
4.0 3.188490001 187.23890686035156 39.055877685546875
5.0 3.188490001 155.91065979003906 43.85996627807617
6.0 3.188490001 175.85015869140625 48.301246643066406
7.0 3.188490001 160.80941772460938 49.3016357421875
8.0 3.188490001 145.84182739257812 46.700599670410156
9.0 3.188490001 154.2315216064453 66.8020248413086
10.0 3.188490001 222.17428588867188 79.37906646728516
11.0 3.188490001 -1473.935791015625 -1278.9132080078125
12.0 3.188490001 -1920.4755859375 137.64755249023438
13.0 3.188490001 -1594.396240234375 149.71913146972656
14.0 3.188490001 144.13685607910156 120.47935485839844
15.0 3.188490001 184.42555236816406 523.8530883789062
16.0 3.188490001 167.44715881347656 145.53282165527344
17.0 3.188490001 500.57220458984375 144.21768188476562
18.0 3.188490001 -30413.9765625 -57041.546875
19.0 3.188490001 -30222.041015625 -56219.890625
0.0 3.232555001 551.0593872070312 42.364681243896484
1.0 3.232555001 677.619873046875 65.29664611816406
2.0 3.232555001 162.599853515625 36.497169494628906
3.0 3.232555001 166.69003295898438 40.50501251220703
4.0 3.232555001 183.0765380859375 38.329322814941406
5.0 3.232555001 151.4565887451172 43.54079055786133
6.0 3.232555001 171.43646240234375 47.88825225830078
7.0 3.232555001 156.3272247314453 48.94478988647461
8.0 3.232555001 141.2113037109375 46.02480697631836
9.0 3.232555001 149.7552032470703 66.56990051269531
10.0 3.232555001 218.36550903320312 78.87528991699219
11.0 3.232555001 -1523.935791015625 -1328.9132080078125
12.0 3.232555001 -1949.5389404296875 139.61224365234375
13.0 3.232555001 -1624.0247802734375 148.5958709716797
14.0 3.232555001 139.5618438720703 120.29169464111328
15.0 3.232555001 181.09249877929688 558.140869140625
16.0 3.232555001 163.04978942871094 145.45785522460938
17.0 3.232555001 528.1583251953125 170.7654266357422
18.0 3.232555001 -30463.9765625 -57091.546875
19.0 3.232555001 -30272.041015625 -56269.890625
0.0 3.276621 577.4956665039062 42.581302642822266
1.0 3.276621 705.5916137695312 67.49505615234375
2.0 3.276621 156.84117126464844 37.1329460144043
3.0 3.276621 160.90939331054688 41.054039001464844
4.0 3.276621 177.4720916748047 38.839210510253906
5.0 3.276621 145.6964874267578 44.2966423034668
6.0 3.276621 165.6129913330078 48.47746658325195
7.0 3.276621 150.4537353515625 49.638214111328125
8.0 3.276621 135.2149658203125 46.56980895996094
9.0 3.276621 139.95481872558594 66.3080062866211
10.0 3.276621 213.08726501464844 79.60357666015625
11.0 3.276621 -1323.935791015625 -1328.9132080078125
12.0 3.276621 -1978.190673828125 140.90811157226562
13.0 3.276621 -1652.7144775390625 150.06561279296875
14.0 3.276621 133.48866271972656 121.07240295410156
15.0 3.276621 174.36131286621094 589.6771240234375
16.0 3.276621 157.2257537841797 146.34710693359375
17.0 3.276621 554.7811889648438 179.03160095214844
18.0 3.276621 -30263.9765625 -57091.546875
19.0 3.276621 -30072.041015625 -56269.890625
0.0 3.320686001 590.5418701171875 10.927079200744629
1.0 3.320686001 731.9164428710938 74.11126708984375
2.0 3.320686001 151.0410919189453 37.342010498046875
3.0 3.320686001 155.08599853515625 41.2293815612793
4.0 3.320686001 171.85867309570312 38.76570129394531
5.0 3.320686001 139.89157104492188 44.52207946777344
6.0 3.320686001 159.7613983154297 48.6318244934082
7.0 3.320686001 144.55026245117188 49.84303665161133
8.0 3.320686001 129.52906799316406 46.5782470703125
9.0 3.320686001 135.14181518554688 66.50291442871094
10.0 3.320686001 207.79168701171875 79.70925903320312
11.0 3.320686001 -1323.935791015625 -1328.9132080078125
12.0 3.320686001 -2007.5128173828125 141.6860809326172
13.0 3.320686001 -1682.4569091796875 148.70791625976562
14.0 3.320686001 127.43862915039062 121.41273498535156
15.0 3.320686001 167.5977325439453 625.331787109375
16.0 3.320686001 151.41831970214844 146.8619842529297
17.0 3.320686001 579.3045043945312 225.54638671875
18.0 3.320686001 -30263.9765625 -57091.546875
19.0 3.320686001 -30072.041015625 -56269.890625
0.0 3.364751001 624.396484375 20.463146209716797
1.0 3.364751001 762.1685791015625 77.78055572509766
2.0 3.364751001 144.51524353027344 37.51362609863281
3.0 3.364751001 148.52438354492188 41.32585144042969
4.0 3.364751001 165.47532653808594 38.68618392944336
5.0 3.364751001 133.4394073486328 44.80592346191406
6.0 3.364751001 153.23358154296875 48.706912994384766
7.0 3.364751001 137.9856719970703 50.09510040283203
8.0 3.364751001 123.17984771728516 46.86200714111328
9.0 3.364751001 140.89730834960938 66.37207794189453
10.0 3.364751001 202.0068359375 79.54959106445312
11.0 3.364751001 -1323.935791015625 -1403.9132080078125
12.0 3.364751001 -2036.970703125 142.639404296875
13.0 3.364751001 -1712.766357421875 149.02908325195312
14.0 3.364751001 121.11359405517578 121.86366271972656
15.0 3.364751001 161.73292541503906 661.060546875
16.0 3.364751001 145.4007110595703 147.35092163085938
17.0 3.364751001 629.3045043945312 225.54638671875
18.0 3.364751001 -30263.9765625 -57166.546875
19.0 3.364751001 -30072.041015625 -56344.890625
0.0 3.408817 655.561279296875 25.46580696105957
1.0 3.408817 789.2532348632812 79.03079986572266
2.0 3.408817 138.23646545410156 37.07358169555664
3.0 3.408817 142.21456909179688 40.82021713256836
4.0 3.408817 159.46255493164062 37.856414794921875
5.0 3.408817 127.07408142089844 44.43779754638672
6.0 3.408817 146.91354370117188 48.22078323364258
7.0 3.408817 131.58084106445312 49.69302749633789
8.0 3.408817 116.52749633789062 46.28012466430664
9.0 3.408817 151.0363006591797 64.74351501464844
10.0 3.408817 196.36854553222656 78.76383209228516
11.0 3.408817 -1123.935791015625 -1703.9132080078125
12.0 3.408817 -2065.246826171875 144.42994689941406
13.0 3.408817 -1741.1783447265625 149.59130859375
14.0 3.408817 114.77962493896484 121.59904479980469
15.0 3.408817 176.07559204101562 692.3908081054688
16.0 3.408817 139.38294982910156 147.24075317382812
17.0 3.408817 813.3045043945312 12.54638671875
18.0 3.408817 -30063.9765625 -57466.546875
19.0 3.408817 -29872.041015625 -56644.890625
0.0 3.452882 676.2835693359375 24.19466781616211
1.0 3.452882 821.2694702148438 104.4235610961914
2.0 3.452882 132.3302459716797 37.41292190551758
3.0 3.452882 136.28781127929688 41.14738845825195
4.0 3.452882 153.42413330078125 38.222023010253906
5.0 3.452882 121.15167236328125 44.86044692993164
6.0 3.452882 140.86451721191406 48.56318283081055
7.0 3.452882 125.53484344482422 50.09577178955078
8.0 3.452882 110.69660186767578 46.70643615722656
9.0 3.452882 145.40631103515625 65.09072875976562
10.0 3.452882 190.76275634765625 79.21349334716797
11.0 3.452882 -1198.935791015625 -1703.9132080078125
12.0 3.452882 -2094.802734375 145.585205078125
13.0 3.452882 -1771.0025634765625 148.4269256591797
14.0 3.452882 108.38893127441406 122.12743377685547
15.0 3.452882 168.8895721435547 725.57861328125
16.0 3.452882 133.07127380371094 147.896728515625
17.0 3.452882 837.6773681640625 7.692474365234375
18.0 3.452882 -30138.9765625 -57466.546875
19.0 3.452882 -29947.041015625 -56644.890625
0.0 3.496948001 740.587158203125 341.444580078125
1.0 3.496948001 847.8229370117188 100.6760025024414
2.0 3.496948001 125.98960876464844 37.18819046020508
3.0 3.496948001 129.9102783203125 40.87716293334961
4.0 3.496948001 147.3616943359375 37.670169830322266
5.0 3.496948001 114.71422576904297 44.59681701660156
6.0 3.496948001 134.42788696289062 48.352840423583984
7.0 3.496948001 118.99595642089844 49.789764404296875
8.0 3.496948001 104.23263549804688 46.17109680175781
9.0 3.496948001 139.20419311523438 64.83409881591797
10.0 3.496948001 184.4777069091797 79.3011245727539
11.0 3.496948001 -1998.935791015625 -903.9132080078125
12.0 3.496948001 -2124.27490234375 140.4506072998047
13.0 3.496948001 -1800.194580078125 139.21142578125
14.0 3.496948001 101.17082214355469 121.77296447753906
15.0 3.496948001 161.07293701171875 757.3580932617188
16.0 3.496948001 125.97599029541016 147.9071502685547
17.0 3.496948001 860.8270263671875 -32.65781021118164
18.0 3.496948001 -30938.9765625 -56666.546875
19.0 3.496948001 -30747.041015625 -55844.890625
0.0 3.541013001 728.087158203125 241.444580078125
1.0 3.541013001 875.3042602539062 99.42878723144531
2.0 3.541013001 119.57038116455078 37.106101989746094
3.0 3.541013001 123.47665405273438 40.76703643798828
4.0 3.541013001 141.12588500976562 37.34669494628906
5.0 3.541013001 108.20673370361328 44.52388000488281
6.0 3.541013001 127.8616714477539 48.2647819519043
7.0 3.541013001 112.40699768066406 49.689579010009766
8.0 3.541013001 97.57869720458984 45.91044998168945
9.0 3.541013001 132.85279846191406 64.7465591430664
10.0 3.541013001 178.19552612304688 79.38531494140625
11.0 3.541013001 -2011.435791015625 -966.4132080078125
12.0 3.541013001 -2153.822509765625 134.49237060546875
13.0 3.541013001 -1829.5889892578125 135.0716094970703
14.0 3.541013001 94.15534210205078 121.6800537109375
15.0 3.541013001 156.5012664794922 789.5282592773438
16.0 3.541013001 119.0079574584961 148.0474395751953
17.0 3.541013001 885.8270263671875 -45.15781021118164
18.0 3.541013001 -30951.4765625 -56729.046875
19.0 3.541013001 -30759.541015625 -55907.390625
0.0 3.585078 728.087158203125 241.444580078125
1.0 3.585078 904.2730102539062 113.22480773925781
2.0 3.585078 113.32625579833984 36.0620231628418
3.0 3.585078 117.21332550048828 39.72178268432617
4.0 3.585078 135.03939819335938 36.21266555786133
5.0 3.585078 101.80329132080078 43.45954513549805
6.0 3.585078 121.42483520507812 47.29179000854492
7.0 3.585078 105.89141845703125 48.59823226928711
8.0 3.585078 91.15330505371094 44.75756072998047
9.0 3.585078 126.62936401367188 63.80305099487305
10.0 3.585078 171.55751037597656 78.96356201171875
11.0 3.585078 -2011.435791015625 -916.4132080078125
12.0 3.585078 -2181.885498046875 116.92874908447266
13.0 3.585078 -1855.317138671875 153.4718017578125
14.0 3.585078 86.57481384277344 120.3553466796875
15.0 3.585078 145.57174682617188 821.5266723632812
16.0 3.585078 111.41242980957031 147.14437866210938
17.0 3.585078 985.8270263671875 -45.15781021118164
18.0 3.585078 -30951.4765625 -56679.046875
19.0 3.585078 -30759.541015625 -55857.390625
0.0 3.629144001 728.087158203125 241.444580078125
1.0 3.629144001 930.557373046875 113.56231689453125
2.0 3.629144001 107.03710174560547 35.04866027832031
3.0 3.629144001 110.90794372558594 38.78286361694336
4.0 3.629144001 128.49183654785156 35.379371643066406
5.0 3.629144001 95.35103607177734 42.39303970336914
6.0 3.629144001 114.86952209472656 46.4405517578125
7.0 3.629144001 99.33183288574219 47.50661087036133
8.0 3.629144001 84.68370056152344 43.70102310180664
9.0 3.629144001 120.23332977294922 62.90265655517578
10.0 3.629144001 164.57289123535156 78.8460693359375
11.0 3.629144001 -2061.435791015625 -941.4132080078125
12.0 3.629144001 -2209.587890625 118.34817504882812
13.0 3.629144001 -1884.5606689453125 154.1880645751953
14.0 3.629144001 78.7116470336914 118.91454315185547
15.0 3.629144001 42.02719497680664 847.4692993164062
16.0 3.629144001 103.36792755126953 146.10801696777344
17.0 3.629144001 1010.8270263671875 -82.65780639648438
18.0 3.629144001 -31001.4765625 -56704.046875
19.0 3.629144001 -30809.541015625 -55882.390625
0.0 3.673209001 226.087158203125 660.194580078125
1.0 3.673209001 959.0109252929688 112.36985778808594
2.0 3.673209001 99.43032836914062 35.26061248779297
3.0 3.673209001 103.2900161743164 38.88251495361328
4.0 3.673209001 120.91647338867188 35.239688873291016
5.0 3.673209001 87.76834869384766 42.61570358276367
6.0 3.673209001 107.11538696289062 46.540645599365234
7.0 3.673209001 91.66596984863281 47.68967819213867
8.0 3.673209001 81.89816284179688 56.6878776550293
9.0 3.673209001 112.76583099365234 63.00627517700195
10.0 3.673209001 156.99583435058594 78.73615264892578
11.0 3.673209001 -2161.435791015625 -791.4132080078125
12.0 3.673209001 -2239.455810546875 138.0274658203125
13.0 3.673209001 -1913.8369140625 161.3787841796875
14.0 3.673209001 71.15922546386719 119.02999877929688
15.0 3.673209001 47.631046295166016 881.922607421875
16.0 3.673209001 95.82307434082031 146.32174682617188
17.0 3.673209001 985.8270263671875 -145.15780639648438
18.0 3.673209001 -31101.4765625 -56554.046875
19.0 3.673209001 -30909.541015625 -55732.390625
0.0 3.717274001 218.86233520507812 723.2381591796875
1.0 3.717274001 986.0035400390625 114.65877532958984
2.0 3.717274001 91.66813659667969 34.25649642944336
3.0 3.717274001 95.5009765625 37.75963592529297
4.0 3.717274001 113.53797149658203 33.790794372558594
5.0 3.717274001 80.0325698852539 41.682899475097656
6.0 3.717274001 99.3308334350586 45.40134048461914
7.0 3.717274001 83.88899230957031 46.739925384521484
8.0 3.717274001 86.56295776367188 65.13819885253906
9.0 3.717274001 105.24108123779297 61.89685821533203
10.0 3.717274001 149.49282836914062 76.9408187866211
11.0 3.717274001 -1661.435791015625 -1291.4132080078125
12.0 3.717274001 -2268.514892578125 137.4869384765625
13.0 3.717274001 -1942.5096435546875 162.0768280029297
14.0 3.717274001 63.99067306518555 117.98779296875
15.0 3.717274001 48.30246353149414 914.094482421875
16.0 3.717274001 88.88467407226562 145.43435668945312
17.0 3.717274001 885.8270263671875 -245.15780639648438
18.0 3.717274001 -30601.4765625 -57054.046875
19.0 3.717274001 -30409.541015625 -56232.390625
0.0 3.76134 212.4355010986328 824.9864501953125
1.0 3.76134 1013.4248046875 117.75732421875
2.0 3.76134 83.88143157958984 33.88592529296875
3.0 3.76134 87.69145202636719 37.29827880859375
4.0 3.76134 105.5594253540039 33.50358200073242
5.0 3.76134 72.2024917602539 41.45188903808594
6.0 3.76134 91.37641143798828 44.96581268310547
7.0 3.76134 76.01913452148438 46.4926643371582
8.0 3.76134 87.00765991210938 63.588165283203125
9.0 3.76134 97.44396209716797 61.480934143066406
10.0 3.76134 141.59657287597656 76.18595886230469
11.0 3.76134 -1711.435791015625 -1216.4132080078125
12.0 3.76134 -2298.5810546875 139.45892333984375
13.0 3.76134 -1972.609130859375 162.0516357421875
14.0 3.76134 56.36124801635742 117.64036560058594
15.0 3.76134 39.32333755493164 945.4357299804688
16.0 3.76134 81.31034088134766 145.1307373046875
17.0 3.76134 885.8270263671875 -276.4078063964844
18.0 3.76134 -30651.4765625 -56979.046875
19.0 3.76134 -30459.541015625 -56157.390625
0.0 3.805405 206.93438720703125 899.49072265625
1.0 3.805405 1038.811279296875 98.32951354980469
2.0 3.805405 77.17243957519531 33.52499008178711
3.0 3.805405 80.93836212158203 36.96989822387695
4.0 3.805405 98.79027557373047 33.07528305053711
5.0 3.805405 65.38944244384766 41.12754821777344
6.0 3.805405 84.40531158447266 44.699039459228516
7.0 3.805405 69.12362670898438 46.15410614013672
8.0 3.805405 88.43998718261719 62.47322082519531
9.0 3.805405 90.66986083984375 61.2412223815918
10.0 3.805405 134.19873046875 76.01642608642578
11.0 3.805405 -1811.435791015625 -1216.4132080078125
12.0 3.805405 -2327.889892578125 139.78919982910156
13.0 3.805405 -2002.20068359375 161.46885681152344
14.0 3.805405 48.95064163208008 116.94562530517578
15.0 3.805405 38.731754302978516 976.9280395507812
16.0 3.805405 73.8333969116211 144.76353454589844
17.0 3.805405 935.8270263671875 -282.6578063964844
18.0 3.805405 -30751.4765625 -56979.046875
19.0 3.805405 -30559.541015625 -56157.390625
0.0 3.849471001 202.40682983398438 923.0449829101562
1.0 3.849471001 1063.744384765625 100.32070922851562
2.0 3.849471001 71.01780700683594 33.91986083984375
3.0 3.849471001 74.77876281738281 37.28096389770508
4.0 3.849471001 92.68778991699219 33.39507293701172
5.0 3.849471001 59.18302917480469 41.4666748046875
6.0 3.849471001 78.05838775634766 45.05162811279297
7.0 3.849471001 62.859561920166016 46.48545455932617
8.0 3.849471001 82.3891372680664 62.68684005737305
9.0 3.849471001 84.64695739746094 61.51181411743164
10.0 3.849471001 127.34403228759766 76.517333984375
11.0 3.849471001 -1886.435791015625 -1228.9132080078125
12.0 3.849471001 -2356.78369140625 140.8307647705078
13.0 3.849471001 -2031.052978515625 164.2392120361328
14.0 3.849471001 42.42277526855469 116.93146514892578
15.0 3.849471001 36.99002456665039 1008.5712890625
16.0 3.849471001 67.18489837646484 144.9831085205078
17.0 3.849471001 1035.8270263671875 -207.65780639648438
18.0 3.849471001 -30826.4765625 -56991.546875
19.0 3.849471001 -30634.541015625 -56169.890625
0.0 3.893536 196.8362274169922 1023.4330444335938
1.0 3.893536 1089.2850341796875 98.45809173583984
2.0 3.893536 64.72832489013672 34.21073913574219
3.0 3.893536 68.4776840209961 37.50115966796875
4.0 3.893536 86.48705291748047 33.513526916503906
5.0 3.893536 52.90481185913086 41.68470001220703
6.0 3.893536 71.567626953125 45.28129196166992
7.0 3.893536 56.525238037109375 46.6861572265625
8.0 3.893536 86.5331039428711 61.12419128417969
9.0 3.893536 78.16694641113281 61.77818298339844
10.0 3.893536 120.4186782836914 76.7015151977539
11.0 3.893536 -1923.935791015625 -1278.9132080078125
12.0 3.893536 -2386.272216796875 141.1097412109375
13.0 3.893536 -2059.489990234375 178.42041015625
14.0 3.893536 35.946712493896484 116.8488540649414
15.0 3.893536 34.240116119384766 1039.9189453125
16.0 3.893536 60.5988655090332 145.10894775390625
17.0 3.893536 1010.8270263671875 -245.15780639648438
18.0 3.893536 -30863.9765625 -57041.546875
19.0 3.893536 -30672.041015625 -56219.890625
