0.0 7.298831 222.0 23.0
1.0 7.298831 135.0 35.0
2.0 7.298831 131.0 42.0
3.0 7.298831 141.0 42.0
4.0 7.298831 149.0 43.0
5.0 7.298831 122.0 45.0
6.0 7.298831 144.0 49.0
7.0 7.298831 129.0 50.0
8.0 7.298831 145.0 57.0
9.0 7.298831 128.0 59.0
10.0 7.298831 195.0 81.0
11.0 7.298831 41.0 100.0
12.0 7.298831 34.0 101.0
13.0 7.298831 194.0 104.0
14.0 7.298831 209.0 104.0
15.0 7.298831 44.0 109.0
16.0 7.298831 55.0 110.0
17.0 7.298831 200.0 140.0
18.0 7.298831 128.0 147.0
19.0 7.298831 101.0 151.0
20.0 7.298831 206.0 154.0
0.0 7.342897001 221.67677307128906 21.922433853149414
1.0 7.342897001 134.60726928710938 34.13102722167969
2.0 7.342897001 130.60540771484375 41.05251693725586
3.0 7.342897001 140.57518005371094 40.98735427856445
4.0 7.342897001 148.71368408203125 41.96744155883789
5.0 7.342897001 121.59678649902344 44.063140869140625
6.0 7.342897001 143.65402221679688 47.972137451171875
7.0 7.342897001 128.6034698486328 49.064571380615234
8.0 7.342897001 144.75413513183594 56.16661834716797
9.0 7.342897001 127.52839660644531 58.2142219543457
10.0 7.342897001 194.74830627441406 79.94225311279297
11.0 7.342897001 40.72638702392578 99.34281921386719
12.0 7.342897001 33.7791633605957 100.3299789428711
13.0 7.342897001 193.8053436279297 103.0252456665039
14.0 7.342897001 208.79945373535156 102.9788589477539
15.0 7.342897001 43.77967834472656 108.38240814208984
16.0 7.342897001 54.8143196105957 109.30984497070312
17.0 7.342897001 199.8592071533203 138.90237426757812
18.0 7.342897001 127.98904418945312 146.15359497070312
19.0 7.342897001 100.82380676269531 150.2518310546875
20.0 7.342897001 205.938720703125 152.96034240722656
0.0 7.386962001 221.60079956054688 21.179607391357422
1.0 7.386962001 134.44969177246094 33.328922271728516
2.0 7.386962001 130.45327758789062 40.10849380493164
3.0 7.386962001 140.3243865966797 40.076995849609375
4.0 7.386962001 148.51730346679688 41.08183670043945
5.0 7.386962001 121.489013671875 43.138572692871094
6.0 7.386962001 143.48257446289062 47.041343688964844
7.0 7.386962001 128.4256134033203 48.12453079223633
8.0 7.386962001 144.67483520507812 55.36491394042969
9.0 7.386962001 127.2635726928711 57.44375228881836
10.0 7.386962001 194.6108856201172 79.05839538574219
11.0 7.386962001 40.424991607666016 98.46150207519531
12.0 7.386962001 33.58185958862305 99.43853759765625
13.0 7.386962001 193.68443298339844 102.22762298583984
14.0 7.386962001 208.61846923828125 102.23788452148438
15.0 7.386962001 43.6093635559082 107.59102630615234
16.0 7.386962001 54.66509246826172 108.42935180664062
17.0 7.386962001 199.6622314453125 138.04498291015625
18.0 7.386962001 127.82781219482422 145.2571563720703
19.0 7.386962001 100.57073211669922 149.35975646972656
20.0 7.386962001 205.7914276123047 152.11920166015625
0.0 7.431027 221.58604431152344 20.43943977355957
1.0 7.431027 134.32713317871094 32.278343200683594
2.0 7.431027 130.34042358398438 38.91978073120117
3.0 7.431027 140.1140899658203 38.860931396484375
4.0 7.431027 148.4698944091797 39.84819030761719
5.0 7.431027 121.33361053466797 41.94886779785156
6.0 7.431027 143.345458984375 45.82925033569336
7.0 7.431027 128.21751403808594 46.91939926147461
8.0 7.431027 144.61875915527344 54.35369110107422
9.0 7.431027 126.92068481445312 56.46723937988281
10.0 7.431027 194.3258514404297 78.13162994384766
11.0 7.431027 39.90314865112305 97.02354431152344
12.0 7.431027 33.34867477416992 98.00777435302734
13.0 7.431027 193.4680633544922 101.39827728271484
14.0 7.431027 208.30853271484375 101.4449234008789
15.0 7.431027 43.25272750854492 106.24874114990234
16.0 7.431027 54.388336181640625 107.0631103515625
17.0 7.431027 199.20880126953125 137.04039001464844
18.0 7.431027 127.48611450195312 144.07142639160156
19.0 7.431027 100.03658294677734 148.19418334960938
20.0 7.431027 205.34860229492188 151.1817626953125
0.0 7.475093001 221.4820556640625 19.568986892700195
1.0 7.475093001 134.23876953125 31.65455436706543
2.0 7.475093001 130.25091552734375 38.1849479675293
3.0 7.475093001 139.914306640625 38.13895034790039
4.0 7.475093001 148.33132934570312 39.153465270996094
5.0 7.475093001 121.38139343261719 41.25271987915039
6.0 7.475093001 143.267578125 45.07852554321289
7.0 7.475093001 128.1483154296875 46.188232421875
8.0 7.475093001 144.68121337890625 53.72803497314453
9.0 7.475093001 126.73271179199219 55.91025161743164
10.0 7.475093001 194.41004943847656 77.17585754394531
11.0 7.475093001 39.84807205200195 96.56859588623047
12.0 7.475093001 33.47846603393555 97.54236602783203
13.0 7.475093001 193.5889129638672 100.56685638427734
14.0 7.475093001 208.3609619140625 100.5411376953125
15.0 7.475093001 43.34575271606445 105.83477783203125
16.0 7.475093001 54.509971618652344 106.56591796875
17.0 7.475093001 199.41366577148438 136.12062072753906
18.0 7.475093001 127.76695251464844 143.38424682617188
19.0 7.475093001 100.2160415649414 147.5686492919922
20.0 7.475093001 205.65252685546875 150.2733917236328
0.0 7.519158001 221.37374877929688 18.139392852783203
1.0 7.519158001 134.0766143798828 30.099464416503906
2.0 7.519158001 130.08583068847656 36.523193359375
3.0 7.519158001 139.68663024902344 36.43156433105469
4.0 7.519158001 148.2103271484375 37.45856857299805
5.0 7.519158001 121.24956512451172 39.6173210144043
6.0 7.519158001 143.11463928222656 43.39170455932617
7.0 7.519158001 127.93219757080078 44.52883529663086
8.0 7.519158001 144.64181518554688 52.23857498168945
9.0 7.519158001 126.42943572998047 54.468963623046875
10.0 7.519158001 194.24188232421875 75.55449676513672
11.0 7.519158001 39.61100387573242 94.99072265625
12.0 7.519158001 33.46178436279297 95.92829895019531
13.0 7.519158001 193.44119262695312 98.9277572631836
14.0 7.519158001 208.30906677246094 98.76483154296875
15.0 7.519158001 43.135372161865234 104.35938262939453
16.0 7.519158001 54.381961822509766 104.99044799804688
17.0 7.519158001 199.2371368408203 134.42648315429688
18.0 7.519158001 127.6963119506836 141.73239135742188
19.0 7.519158001 99.97367858886719 146.02481079101562
20.0 7.519158001 205.5184326171875 148.6558837890625
0.0 7.563223001 221.7122039794922 17.80339813232422
1.0 7.563223001 134.50352478027344 29.908525466918945
2.0 7.563223001 130.5045928955078 36.17974853515625
3.0 7.563223001 140.00558471679688 36.085147857666016
4.0 7.563223001 148.6204376220703 37.1256103515625
5.0 7.563223001 121.71173095703125 39.276710510253906
6.0 7.563223001 143.53794860839844 43.03242111206055
7.0 7.563223001 128.3671417236328 44.17889404296875
8.0 7.563223001 145.237060546875 52.0335578918457
9.0 7.563223001 126.71945190429688 54.324462890625
10.0 7.563223001 194.700927734375 75.1341323852539
11.0 7.563223001 39.96001052856445 94.63032531738281
12.0 7.563223001 33.98912048339844 95.54269409179688
13.0 7.563223001 193.93116760253906 98.5763931274414
14.0 7.563223001 208.70004272460938 98.53540802001953
15.0 7.563223001 43.58480453491211 104.1686782836914
16.0 7.563223001 54.82256317138672 104.67985534667969
17.0 7.563223001 199.74034118652344 133.991455078125
18.0 7.563223001 128.3243408203125 141.39163208007812
19.0 7.563223001 100.46005249023438 145.69325256347656
20.0 7.563223001 206.0741729736328 148.22825622558594
0.0 7.607289001 221.85015869140625 17.306947708129883
1.0 7.607289001 134.69789123535156 29.55965805053711
2.0 7.607289001 130.71726989746094 35.72267150878906
3.0 7.607289001 140.1333465576172 35.58979034423828
4.0 7.607289001 148.89410400390625 36.58745193481445
5.0 7.607289001 121.93266296386719 38.83071517944336
6.0 7.607289001 143.75379943847656 42.529781341552734
7.0 7.607289001 128.57315063476562 43.718448638916016
8.0 7.607289001 145.56190490722656 51.67888641357422
9.0 7.607289001 126.83133697509766 54.081626892089844
10.0 7.607289001 195.00912475585938 74.57524871826172
11.0 7.607289001 40.208038330078125 94.35885620117188
12.0 7.607289001 34.42972946166992 95.25810241699219
13.0 7.607289001 194.23497009277344 97.96463775634766
14.0 7.607289001 209.09739685058594 97.77021789550781
15.0 7.607289001 43.82084655761719 103.92691040039062
16.0 7.607289001 55.174468994140625 104.39666748046875
17.0 7.607289001 200.124755859375 133.38108825683594
18.0 7.607289001 128.8080596923828 140.95281982421875
19.0 7.607289001 100.82861328125 145.35162353515625
20.0 7.607289001 206.49168395996094 147.63099670410156
0.0 7.651354001 223.0106964111328 17.233644485473633
1.0 7.651354001 135.73695373535156 28.788822174072266
2.0 7.651354001 131.7562255859375 34.841670989990234
3.0 7.651354001 141.10386657714844 34.738285064697266
4.0 7.651354001 149.96188354492188 35.74909973144531
5.0 7.651354001 122.98442077636719 37.94304656982422
6.0 7.651354001 144.75575256347656 41.70640182495117
7.0 7.651354001 129.53500366210938 42.81899642944336
8.0 7.651354001 146.66285705566406 51.04270935058594
9.0 7.651354001 127.64382934570312 53.37168502807617
10.0 7.651354001 195.69943237304688 74.15111541748047
11.0 7.651354001 40.65340805053711 92.88411712646484
12.0 7.651354001 35.080013275146484 93.7220458984375
13.0 7.651354001 194.9798583984375 97.65619659423828
14.0 7.651354001 209.6562957763672 97.59119415283203
15.0 7.651354001 44.413490295410156 102.60539245605469
16.0 7.651354001 55.72570037841797 102.99821472167969
17.0 7.651354001 200.4609375 132.89602661132812
18.0 7.651354001 129.32009887695312 140.04310607910156
19.0 7.651354001 101.11321258544922 144.4004364013672
20.0 7.651354001 206.8485870361328 147.21615600585938
0.0 7.69542 224.56619262695312 18.44098663330078
1.0 7.69542 136.96823120117188 28.393999099731445
2.0 7.69542 132.99658203125 34.25423812866211
3.0 7.69542 142.27842712402344 34.357933044433594
4.0 7.69542 151.104248046875 35.459102630615234
5.0 7.69542 124.12147521972656 37.31919860839844
6.0 7.69542 145.8292694091797 41.405452728271484
7.0 7.69542 130.5810546875 42.217308044433594
8.0 7.69542 147.79226684570312 50.90546417236328
9.0 7.69542 128.4447784423828 53.05623245239258
10.0 7.69542 196.18869018554688 74.62655639648438
11.0 7.69542 40.72412872314453 90.79706573486328
12.0 7.69542 35.31203079223633 91.63151550292969
13.0 7.69542 195.19117736816406 98.12711334228516
14.0 7.69542 209.97872924804688 98.2197036743164
15.0 7.69542 44.52169418334961 100.78187561035156
16.0 7.69542 55.70931625366211 101.17636108398438
17.0 7.69542 199.9217529296875 133.40269470214844
18.0 7.69542 128.90078735351562 139.43084716796875
19.0 7.69542 100.49835205078125 143.49185180664062
20.0 7.69542 206.2572784423828 147.7605438232422
0.0 7.739485001 226.16314697265625 19.573396682739258
1.0 7.739485001 138.3465118408203 28.1849422454834
2.0 7.739485001 134.38381958007812 33.8791389465332
3.0 7.739485001 143.561767578125 34.120609283447266
4.0 7.739485001 152.31385803222656 35.320465087890625
5.0 7.739485001 125.382568359375 36.8828125
6.0 7.739485001 147.06536865234375 41.20974349975586
7.0 7.739485001 131.7830352783203 41.771812438964844
8.0 7.739485001 149.07078552246094 50.82274627685547
9.0 7.739485001 129.45811462402344 52.801177978515625
10.0 7.739485001 196.8101806640625 75.24378967285156
11.0 7.739485001 41.11638259887695 89.09259033203125
12.0 7.739485001 35.963802337646484 89.86164093017578
13.0 7.739485001 195.80828857421875 98.85242462158203
14.0 7.739485001 210.5003662109375 98.82806396484375
15.0 7.739485001 44.8914680480957 99.28199768066406
16.0 7.739485001 56.03387451171875 99.63092041015625
17.0 7.739485001 199.76181030273438 133.89935302734375
18.0 7.739485001 128.88499450683594 138.91510009765625
19.0 7.739485001 100.30648803710938 142.75267028808594
20.0 7.739485001 206.02752685546875 148.33282470703125
0.0 7.783550001 228.40957641601562 21.314674377441406
1.0 7.783550001 140.1313934326172 27.440744400024414
2.0 7.783550001 136.19314575195312 32.94118118286133
3.0 7.783550001 145.31956481933594 33.48687744140625
4.0 7.783550001 153.9211883544922 34.78828811645508
5.0 7.783550001 127.0166244506836 35.86451721191406
6.0 7.783550001 148.63308715820312 40.66429138183594
7.0 7.783550001 133.31497192382812 40.78329086303711
8.0 7.783550001 150.6389617919922 50.39951705932617
9.0 7.783550001 130.62754821777344 52.136024475097656
10.0 7.783550001 197.34683227539062 75.93632507324219
11.0 7.783550001 41.275325775146484 85.77994537353516
12.0 7.783550001 36.2294807434082 86.54656982421875
13.0 7.783550001 196.12295532226562 99.6212158203125
14.0 7.783550001 210.7532501220703 99.83241271972656
15.0 7.783550001 45.1636848449707 96.2979736328125
16.0 7.783550001 56.01705551147461 96.70907592773438
17.0 7.783550001 198.86598205566406 134.5038299560547
18.0 7.783550001 128.19912719726562 137.78184509277344
19.0 7.783550001 99.3499755859375 141.14491271972656
20.0 7.783550001 204.98495483398438 149.02359008789062
0.0 7.827616 231.59426879882812 24.366273880004883
1.0 7.827616 142.74453735351562 26.616641998291016
2.0 7.827616 138.8468475341797 31.83494758605957
3.0 7.827616 147.89877319335938 32.808616638183594
4.0 7.827616 156.37013244628906 34.2667121887207
5.0 7.827616 129.3294677734375 34.57094955444336
6.0 7.827616 150.90423583984375 40.14414596557617
7.0 7.827616 135.56297302246094 39.5667839050293
8.0 7.827616 152.83767700195312 50.00296401977539
9.0 7.827616 132.4822998046875 51.215240478515625
10.0 7.827616 197.912109375 77.34436798095703
11.0 7.827616 41.62077331542969 80.98445892333984
12.0 7.827616 36.73202133178711 81.70818328857422
13.0 7.827616 196.3392333984375 101.07537841796875
14.0 7.827616 210.9110107421875 101.56533813476562
15.0 7.827616 45.458518981933594 92.01399993896484
16.0 7.827616 55.97282409667969 92.40653991699219
17.0 7.827616 197.24497985839844 135.71124267578125
18.0 7.827616 126.85216522216797 136.15074157714844
19.0 7.827616 97.77729797363281 138.8298797607422
20.0 7.827616 203.10922241210938 150.31320190429688
0.0 7.871681 234.85470581054688 28.146459579467773
1.0 7.871681 145.50364685058594 26.575557708740234
2.0 7.871681 141.6417236328125 31.55821990966797
3.0 7.871681 150.63438415527344 33.04535675048828
4.0 7.871681 158.78109741210938 34.653690338134766
5.0 7.871681 131.7582244873047 34.11492919921875
6.0 7.871681 153.31646728515625 40.47512435913086
7.0 7.871681 137.97024536132812 39.18231964111328
8.0 7.871681 155.13885498046875 50.36282730102539
9.0 7.871681 134.46478271484375 51.1413688659668
10.0 7.871681 198.59426879882812 79.44776153564453
11.0 7.871681 42.289859771728516 77.0469970703125
12.0 7.871681 37.52486801147461 77.75171661376953
13.0 7.871681 196.66123962402344 103.197509765625
14.0 7.871681 211.2833251953125 103.895751953125
15.0 7.871681 45.984561920166016 88.45008087158203
16.0 7.871681 56.48923873901367 88.93636322021484
17.0 7.871681 195.83303833007812 137.51939392089844
18.0 7.871681 125.87821960449219 135.32041931152344
19.0 7.871681 96.586669921875 137.2077178955078
20.0 7.871681 201.52609252929688 152.21629333496094
0.0 7.915746 238.22364807128906 31.469684600830078
1.0 7.915746 147.50869750976562 25.983354568481445
2.0 7.915746 143.72019958496094 30.685739517211914
3.0 7.915746 152.6018524169922 32.56630325317383
4.0 7.915746 160.4972686767578 34.30281448364258
5.0 7.915746 133.58070373535156 33.030574798583984
6.0 7.915746 154.9449920654297 40.10266876220703
7.0 7.915746 139.68869018554688 38.165313720703125
8.0 7.915746 156.68943786621094 50.08284378051758
9.0 7.915746 135.69496154785156 50.35813903808594
10.0 7.915746 198.49301147460938 80.73970794677734
11.0 7.915746 42.45454788208008 72.45381927490234
12.0 7.915746 37.83466720581055 73.13360595703125
13.0 7.915746 196.2141876220703 104.4488296508789
14.0 7.915746 210.7683563232422 105.4061050415039
15.0 7.915746 46.0887336730957 84.32396697998047
16.0 7.915746 56.20711135864258 84.8028335571289
17.0 7.915746 193.6952667236328 138.46142578125
18.0 7.915746 124.28094482421875 133.70449829101562
19.0 7.915746 94.75437927246094 134.76695251464844
20.0 7.915746 199.15399169921875 153.14447021484375
0.0 7.959812 240.71258544921875 35.38164520263672
1.0 7.959812 150.66213989257812 25.88580894470215
2.0 7.959812 146.98829650878906 30.32671546936035
3.0 7.959812 155.708984375 32.765838623046875
4.0 7.959812 163.3263397216797 34.61412048339844
5.0 7.959812 136.43911743164062 32.377010345458984
6.0 7.959812 157.5950164794922 40.4061164855957
7.0 7.959812 142.47743225097656 37.576026916503906
8.0 7.959812 159.1746063232422 50.37458419799805
9.0 7.959812 137.88719177246094 50.00883102416992
10.0 7.959812 198.76577758789062 83.05368041992188
11.0 7.959812 43.416908264160156 67.1936264038086
12.0 7.959812 38.96521759033203 67.8231201171875
13.0 7.959812 196.0561981201172 106.82193756103516
14.0 7.959812 210.56871032714844 108.04174041748047
15.0 7.959812 46.905555725097656 79.5347671508789
16.0 7.959812 56.68341064453125 80.12149047851562
17.0 7.959812 191.39830017089844 140.17410278320312
18.0 7.959812 122.66638946533203 132.02365112304688
19.0 7.959812 93.0603256225586 132.218505859375
20.0 7.959812 196.5069122314453 154.9917755126953
0.0 8.003877 269.6211853027344 40.93975067138672
1.0 8.003877 153.44456481933594 26.27353858947754
2.0 8.003877 149.8180694580078 30.48348045349121
3.0 8.003877 158.42881774902344 33.448123931884766
4.0 8.003877 165.62001037597656 35.417213439941406
5.0 8.003877 138.86508178710938 32.165592193603516
6.0 8.003877 159.8237762451172 41.16305923461914
7.0 8.003877 144.85708618164062 37.500465393066406
8.0 8.003877 161.2605743408203 51.13280487060547
9.0 8.003877 139.6802978515625 50.1155891418457
10.0 8.003877 198.45220947265625 85.72785949707031
11.0 8.003877 44.2592887878418 62.1717643737793
12.0 8.003877 39.88089370727539 62.801490783691406
13.0 8.003877 195.3070526123047 109.49055480957031
14.0 8.003877 209.76153564453125 111.03451538085938
15.0 8.003877 47.592552185058594 75.02737426757812
16.0 8.003877 57.001094818115234 75.64273071289062
17.0 8.003877 188.5183563232422 142.1063232421875
18.0 8.003877 120.76773071289062 130.7244415283203
19.0 8.003877 91.02369689941406 129.84800720214844
20.0 8.003877 193.31390380859375 156.9784393310547
0.0 8.047942 159.45242309570312 -188.02517700195312
1.0 8.047942 156.34620666503906 26.801427841186523
2.0 8.047942 152.8352508544922 30.77193260192871
3.0 8.047942 161.25045776367188 34.192325592041016
4.0 8.047942 168.0487823486328 36.23403549194336
5.0 8.047942 141.63027954101562 32.125247955322266
6.0 8.047942 162.26116943359375 41.91146469116211
7.0 8.047942 147.5447998046875 37.56126403808594
8.0 8.047942 163.5732879638672 51.948486328125
9.0 8.047942 141.81753540039062 50.26659393310547
10.0 8.047942 198.64112854003906 88.0866928100586
11.0 8.047942 45.67546844482422 57.91422653198242
12.0 8.047942 41.4129753112793 58.563297271728516
13.0 8.047942 195.15585327148438 111.7991714477539
14.0 8.047942 209.54751586914062 113.59282684326172
15.0 8.047942 48.849578857421875 71.26033020019531
16.0 8.047942 57.97029113769531 71.88395690917969
17.0 8.047942 186.46800231933594 143.72030639648438
18.0 8.047942 119.69599151611328 129.51039123535156
19.0 8.047942 89.89160919189453 127.7715835571289
20.0 8.047942 191.0134735107422 158.60142517089844
0.0 8.092008 162.11460876464844 -218.75205993652344
1.0 8.092008 159.6766815185547 27.812040328979492
2.0 8.092008 156.26089477539062 31.609098434448242
3.0 8.092008 164.4686737060547 35.54117202758789
4.0 8.092008 170.8916473388672 37.64156723022461
5.0 8.092008 144.7374267578125 32.541419982910156
6.0 8.092008 165.02110290527344 43.3212890625
7.0 8.092008 150.58865356445312 38.1574592590332
8.0 8.092008 166.2397003173828 53.39750671386719
9.0 8.092008 144.21226501464844 50.93434143066406
10.0 8.092008 198.76681518554688 91.1001968383789
11.0 8.092008 47.584320068359375 53.49057388305664
12.0 8.092008 43.39500045776367 54.136375427246094
13.0 8.092008 194.77064514160156 114.807861328125
14.0 8.092008 209.18621826171875 116.91447448730469
15.0 8.092008 50.49275207519531 67.3320541381836
16.0 8.092008 59.36465835571289 67.95877075195312
17.0 8.092008 184.17564392089844 145.7957305908203
18.0 8.092008 118.60542297363281 128.48036193847656
19.0 8.092008 88.7398452758789 125.7317886352539
20.0 8.092008 188.3728790283203 160.7561492919922
0.0 8.136073 162.8050537109375 -249.99432373046875
1.0 8.136073 163.35354614257812 29.278736114501953
2.0 8.136073 159.9634246826172 32.9398078918457
3.0 8.136073 167.9527587890625 37.37031555175781
4.0 8.136073 173.88340759277344 39.50409698486328
5.0 8.136073 148.11737060546875 33.389007568359375
6.0 8.136073 167.92916870117188 45.131595611572266
7.0 8.136073 153.91635131835938 39.1895866394043
8.0 8.136073 168.94586181640625 55.114051818847656
9.0 8.136073 146.82310485839844 52.00155258178711
10.0 8.136073 198.8646697998047 94.47282409667969
11.0 8.136073 49.955928802490234 49.14315414428711
12.0 8.136073 45.84585952758789 49.77931594848633
13.0 8.136073 194.58106994628906 118.22886657714844
14.0 8.136073 208.8076171875 120.53294372558594
15.0 8.136073 52.57944869995117 63.535911560058594
16.0 8.136073 61.137088775634766 64.16656494140625
17.0 8.136073 181.97715759277344 148.11416625976562
18.0 8.136073 117.66861724853516 127.61102294921875
19.0 8.136073 87.84305572509766 123.77877044677734
20.0 8.136073 185.72425842285156 163.1033172607422
0.0 8.180139001 162.69361877441406 -281.82135009765625
1.0 8.180139001 167.24166870117188 30.441226959228516
2.0 8.180139001 163.8577117919922 34.013572692871094
3.0 8.180139001 171.5838623046875 38.952735900878906
4.0 8.180139001 177.24761962890625 41.10610580444336
5.0 8.180139001 151.78036499023438 33.93605041503906
6.0 8.180139001 171.050048828125 46.66962814331055
7.0 8.180139001 157.4846649169922 39.88441467285156
8.0 8.180139001 171.94448852539062 56.67758560180664
9.0 8.180139001 149.72547912597656 52.618648529052734
10.0 8.180139001 198.81178283691406 97.5595474243164
11.0 8.180139001 52.77805709838867 44.097618103027344
12.0 8.180139001 48.71198654174805 44.72597122192383
13.0 8.180139001 193.87400817871094 121.13935852050781
14.0 8.180139001 208.21319580078125 123.88912963867188
15.0 8.180139001 55.063785552978516 59.00968933105469
16.0 8.180139001 63.28144454956055 59.609928131103516
17.0 8.180139001 179.19529724121094 149.95254516601562
18.0 8.180139001 116.75712585449219 126.09217834472656
19.0 8.180139001 86.98745727539062 120.99505615234375
20.0 8.180139001 182.68218994140625 164.8491973876953
0.0 8.224204 163.85360717773438 -313.07257080078125
1.0 8.224204 171.89402770996094 32.800662994384766
2.0 8.224204 168.51956176757812 36.283485412597656
3.0 8.224204 175.90078735351562 41.787506103515625
4.0 8.224204 181.3340606689453 43.94523239135742
5.0 8.224204 156.2270050048828 35.558441162109375
6.0 8.224204 174.82302856445312 49.44462203979492
7.0 8.224204 161.8385467529297 41.7252082824707
8.0 8.224204 175.5721435546875 59.300445556640625
9.0 8.224204 153.31610107421875 54.38234329223633
10.0 8.224204 198.90484619140625 101.84635925292969
11.0 8.224204 56.70716094970703 39.31714630126953
12.0 8.224204 52.667476654052734 39.93503189086914
13.0 8.224204 193.63983154296875 125.54023742675781
14.0 8.224204 207.761474609375 128.46340942382812
15.0 8.224204 58.50898742675781 54.82081985473633
16.0 8.224204 66.38424682617188 55.413169860839844
17.0 8.224204 176.35906982421875 152.6321563720703
18.0 8.224204 116.17294311523438 125.07401275634766
19.0 8.224204 86.57213592529297 118.68419647216797
20.0 8.224204 179.420166015625 167.61572265625
0.0 8.268269 168.20263671875 -343.6946716308594
1.0 8.268269 175.76678466796875 35.07172393798828
2.0 8.268269 172.32411193847656 38.495208740234375
3.0 8.268269 179.42025756835938 44.5312614440918
4.0 8.268269 184.7233123779297 46.69332504272461
5.0 8.268269 159.87130737304688 37.18612289428711
6.0 8.268269 177.82510375976562 52.081077575683594
7.0 8.268269 165.38360595703125 43.53909683227539
8.0 8.268269 178.46453857421875 61.884490966796875
9.0 8.268269 156.08148193359375 56.096534729003906
10.0 8.268269 198.62185668945312 105.60101318359375
11.0 8.268269 60.19581604003906 35.28826141357422
12.0 8.268269 56.20237731933594 35.91133117675781
13.0 8.268269 192.82974243164062 129.17904663085938
14.0 8.268269 206.8955841064453 132.4247283935547
15.0 8.268269 61.62038040161133 51.29228591918945
16.0 8.268269 69.17558288574219 51.80000686645508
17.0 8.268269 173.77816772460938 154.7853546142578
18.0 8.268269 115.50546264648438 124.13899993896484
19.0 8.268269 86.14116668701172 116.5700912475586
20.0 8.268269 176.3214874267578 169.7777099609375
0.0 8.312335001 172.66673278808594 -374.3011779785156
1.0 8.312335001 180.09646606445312 37.83694076538086
2.0 8.312335001 176.55548095703125 41.215538024902344
3.0 8.312335001 183.32289123535156 47.697479248046875
4.0 8.312335001 188.54270935058594 49.894508361816406
5.0 8.312335001 163.9809112548828 39.23033142089844
6.0 8.312335001 181.23092651367188 55.12983322143555
7.0 8.312335001 169.38516235351562 45.839847564697266
8.0 8.312335001 181.71612548828125 64.89789581298828
9.0 8.312335001 159.3624725341797 58.193973541259766
10.0 8.312335001 198.50411987304688 109.63754272460938
11.0 8.312335001 64.47499084472656 31.482248306274414
12.0 8.312335001 60.46931838989258 32.104373931884766
13.0 8.312335001 192.22900390625 133.1828155517578
14.0 8.312335001 206.2313690185547 136.7085418701172
15.0 8.312335001 65.426025390625 47.96809768676758
16.0 8.312335001 72.69847106933594 48.40785217285156
17.0 8.312335001 171.29331970214844 157.13381958007812
18.0 8.312335001 115.3453598022461 123.39163970947266
19.0 8.312335001 86.21571350097656 114.54295349121094
20.0 8.312335001 173.4398651123047 172.12033081054688
0.0 8.356400001 176.1505889892578 -404.83758544921875
1.0 8.356400001 184.47451782226562 41.44597625732422
2.0 8.356400001 180.83212280273438 44.781368255615234
3.0 8.356400001 187.18185424804688 51.707908630371094
4.0 8.356400001 192.35855102539062 53.94883346557617
5.0 8.356400001 168.19700622558594 42.09208679199219
6.0 8.356400001 184.6107177734375 58.956851959228516
7.0 8.356400001 173.4754180908203 48.95968246459961
8.0 8.356400001 185.0083770751953 68.66547393798828
9.0 8.356400001 162.69850158691406 61.05727767944336
10.0 8.356400001 198.23385620117188 114.3629379272461
11.0 8.356400001 69.20719146728516 28.34421157836914
12.0 8.356400001 65.22943115234375 28.940673828125
13.0 8.356400001 191.60153198242188 137.9473114013672
14.0 8.356400001 205.33445739746094 141.63296508789062
15.0 8.356400001 69.63710021972656 45.328922271728516
16.0 8.356400001 76.64553833007812 45.674739837646484
17.0 8.356400001 168.7165985107422 159.83001708984375
18.0 8.356400001 115.28517150878906 123.07146453857422
19.0 8.356400001 86.54270935058594 112.96979522705078
20.0 8.356400001 170.0089569091797 176.1905059814453
0.0 8.400465001 173.42909240722656 -436.00970458984375
1.0 8.400465001 187.8738555908203 44.386436462402344
2.0 8.400465001 184.17404174804688 47.70319747924805
3.0 8.400465001 190.22958374023438 54.930965423583984
4.0 8.400465001 195.4224395751953 57.242313385009766
5.0 8.400465001 171.54190063476562 44.50318145751953
6.0 8.400465001 187.3584747314453 62.05815887451172
7.0 8.400465001 176.7049560546875 51.51332473754883
8.0 8.400465001 187.6421661376953 71.6854019165039
9.0 8.400465001 165.3856658935547 63.28730010986328
10.0 8.400465001 198.36178588867188 117.88693237304688
11.0 8.400465001 73.08335876464844 26.501876831054688
12.0 8.400465001 69.1331558227539 27.106740951538086
13.0 8.400465001 191.4431915283203 141.4776611328125
14.0 8.400465001 205.06948852539062 145.2990264892578
15.0 8.400465001 73.16029357910156 43.873130798339844
16.0 8.400465001 79.96920776367188 44.15034103393555
17.0 8.400465001 167.3483123779297 161.91900634765625
18.0 8.400465001 115.87250518798828 123.28125
19.0 8.400465001 87.31123352050781 112.11619567871094
20.0 8.400465001 167.02609252929688 203.55201721191406
0.0 8.444531001 171.67259216308594 -468.1151428222656
1.0 8.444531001 191.1349334716797 47.21247482299805
2.0 8.444531001 187.32737731933594 50.519561767578125
3.0 8.444531001 192.98284912109375 58.04670715332031
4.0 8.444531001 198.221435546875 60.417911529541016
5.0 8.444531001 174.64768981933594 46.663455963134766
6.0 8.444531001 189.76113891601562 65.00049591064453
7.0 8.444531001 179.72866821289062 53.95639419555664
8.0 8.444531001 189.9967803955078 74.66302490234375
9.0 8.444531001 167.82757568359375 65.42948913574219
10.0 8.444531001 197.86782836914062 121.21609497070312
11.0 8.444531001 77.07803344726562 24.098268508911133
12.0 8.444531001 73.135498046875 24.660593032836914
13.0 8.444531001 190.65907287597656 144.82716369628906
14.0 8.444531001 204.15843200683594 148.74246215820312
15.0 8.444531001 76.64138793945312 41.8048210144043
16.0 8.444531001 83.31246948242188 42.014835357666016
17.0 8.444531001 165.27232360839844 163.63279724121094
18.0 8.444531001 115.93505859375 122.8450927734375
19.0 8.444531001 87.74739074707031 110.66817474365234
20.0 8.444531001 164.59402465820312 236.55526733398438
0.0 8.488596001 167.49447631835938 -499.36981201171875
1.0 8.488596001 194.64602661132812 51.350399017333984
2.0 8.488596001 190.80125427246094 54.584617614746094
3.0 8.488596001 196.02572631835938 62.41529846191406
4.0 8.488596001 201.32415771484375 64.88468933105469
5.0 8.488596001 178.05889892578125 49.861263275146484
6.0 8.488596001 192.42535400390625 69.1490707397461
7.0 8.488596001 183.07212829589844 57.50510025024414
8.0 8.488596001 192.5032196044922 78.73554229736328
9.0 8.488596001 170.57546997070312 68.67491912841797
10.0 8.488596001 197.16258239746094 125.6229248046875
11.0 8.488596001 81.75659942626953 22.203405380249023
12.0 8.488596001 77.78602600097656 22.714998245239258
13.0 8.488596001 189.62669372558594 149.30526733398438
14.0 8.488596001 202.97274780273438 153.2735137939453
15.0 8.488596001 80.77560424804688 40.30460739135742
16.0 8.488596001 87.27538299560547 40.43477249145508
17.0 8.488596001 162.79063415527344 166.08218383789062
18.0 8.488596001 115.99515533447266 123.00094604492188
19.0 8.488596001 88.30925750732422 109.66492462158203
20.0 8.488596001 162.19351196289062 270.7711486816406
0.0 8.532661001 167.84832763671875 -530.7088012695312
1.0 8.532661001 197.12196350097656 53.90565490722656
2.0 8.532661001 193.17791748046875 57.162109375
3.0 8.532661001 198.1203155517578 65.1845474243164
4.0 8.532661001 203.46304321289062 67.74360656738281
5.0 8.532661001 180.4559783935547 52.00565719604492
6.0 8.532661001 194.33697509765625 71.7668685913086
7.0 8.532661001 185.41281127929688 59.829254150390625
8.0 8.532661001 194.3438262939453 81.38150787353516
9.0 8.532661001 172.37779235839844 70.68977355957031
10.0 8.532661001 197.18162536621094 128.2749481201172
11.0 8.532661001 85.00211334228516 21.32081413269043
12.0 8.532661001 81.07291412353516 21.821151733398438
13.0 8.532661001 189.47166442871094 152.06747436523438
14.0 8.532661001 202.7055206298828 155.9570770263672
15.0 8.532661001 83.6684341430664 39.6630973815918
16.0 8.532661001 90.0698471069336 39.73670196533203
17.0 8.532661001 161.8145751953125 167.57167053222656
18.0 8.532661001 116.59784698486328 123.3301773071289
19.0 8.532661001 89.15453338623047 109.2136459350586
20.0 8.532661001 161.15489196777344 305.2253112792969
0.0 8.576727001 170.38906860351562 -561.4055786132812
1.0 8.576727001 198.44944763183594 55.723968505859375
2.0 8.576727001 194.4695587158203 58.95646667480469
3.0 8.576727001 199.33946228027344 67.03190612792969
4.0 8.576727001 204.6742706298828 69.61866760253906
5.0 8.576727001 181.75743103027344 53.46125411987305
6.0 8.576727001 195.5189208984375 73.60073852539062
7.0 8.576727001 186.75140380859375 61.630821228027344
8.0 8.576727001 195.5028076171875 83.3532485961914
9.0 8.576727001 173.35533142089844 72.3582992553711
10.0 8.576727001 197.85543823242188 130.06268310546875
11.0 8.576727001 86.55367279052734 22.17275047302246
12.0 8.576727001 82.65957641601562 22.661787033081055
13.0 8.576727001 190.18568420410156 154.00942993164062
14.0 8.576727001 203.26626586914062 157.80799865722656
15.0 8.576727001 85.18402099609375 40.6646614074707
16.0 8.576727001 91.51080322265625 40.67418670654297
17.0 8.576727001 162.3451690673828 169.1240997314453
18.0 8.576727001 117.48683166503906 124.69271850585938
19.0 8.576727001 90.07901763916016 110.17385864257812
20.0 8.576727001 161.7657012939453 340.41131591796875
0.0 8.620792001 170.43035888671875 -592.144287109375
1.0 8.620792001 198.383544921875 56.489540100097656
2.0 8.620792001 194.3717803955078 59.717674255371094
3.0 8.620792001 199.39991760253906 67.68122863769531
4.0 8.620792001 204.7457275390625 70.28466033935547
5.0 8.620792001 181.63494873046875 53.98197937011719
6.0 8.620792001 195.6079864501953 74.32197570800781
7.0 8.620792001 186.7534942626953 62.52377700805664
8.0 8.620792001 195.56300354003906 84.29600524902344
9.0 8.620792001 173.1285858154297 73.12855529785156
10.0 8.620792001 198.44583129882812 130.68515014648438
11.0 8.620792001 86.37700653076172 23.53489112854004
12.0 8.620792001 82.5704116821289 24.063676834106445
13.0 8.620792001 190.76649475097656 154.71817016601562
14.0 8.620792001 203.75518798828125 158.50514221191406
15.0 8.620792001 85.10639953613281 42.14228439331055
16.0 8.620792001 91.3827133178711 42.08892059326172
17.0 8.620792001 163.21961975097656 170.08587646484375
18.0 8.620792001 117.91673278808594 126.17670440673828
19.0 8.620792001 90.3691635131836 111.52523040771484
20.0 8.620792001 162.58348083496094 375.3297424316406
0.0 8.664858 173.97396850585938 -622.0828247070312
1.0 8.664858 196.95994567871094 55.84360122680664
2.0 8.664858 192.90927124023438 59.151973724365234
3.0 8.664858 198.33404541015625 66.86946868896484
4.0 8.664858 203.6707763671875 69.44198608398438
5.0 8.664858 180.0900421142578 53.35369110107422
6.0 8.664858 194.72555541992188 73.66841125488281
7.0 8.664858 185.44244384765625 62.329734802246094
8.0 8.664858 194.73556518554688 83.99786376953125
9.0 8.664858 171.76268005371094 72.99478149414062
10.0 8.664858 199.71334838867188 129.75888061523438
11.0 8.664858 84.1442642211914 26.488693237304688
12.0 8.664858 80.45177459716797 27.072540283203125
13.0 8.664858 192.21527099609375 154.0332794189453
14.0 8.664858 205.1136474609375 157.7691650390625
15.0 8.664858 83.2883071899414 45.061363220214844
16.0 8.664858 89.55367279052734 44.93726348876953
17.0 8.664858 165.68797302246094 170.5775604248047
18.0 8.664858 118.64788818359375 128.3668670654297
19.0 8.664858 90.57703399658203 114.05744171142578
20.0 8.664858 164.79342651367188 408.2320556640625
0.0 8.708923 169.82960510253906 -654.0006713867188
1.0 8.708923 193.3190460205078 53.247222900390625
2.0 8.708923 189.296630859375 56.649681091308594
3.0 8.708923 195.33599853515625 63.8831787109375
4.0 8.708923 200.64768981933594 66.38890838623047
5.0 8.708923 176.35845947265625 51.18302917480469
6.0 8.708923 192.2091064453125 70.96646881103516
7.0 8.708923 182.1078643798828 60.479312896728516
8.0 8.708923 192.40821838378906 81.69676208496094
9.0 8.708923 168.7903289794922 71.23863983154297
10.0 8.708923 201.3216094970703 126.44120025634766
11.0 8.708923 79.29552459716797 30.902673721313477
12.0 8.708923 75.7386703491211 31.550996780395508
13.0 8.708923 194.13616943359375 150.95382690429688
14.0 8.708923 206.91856384277344 154.67086791992188
15.0 8.708923 79.17213439941406 49.275535583496094
16.0 8.708923 85.45857238769531 49.08842468261719
17.0 8.708923 169.4705810546875 169.7699737548828
18.0 8.708923 119.3182373046875 130.73509216308594
19.0 8.708923 90.50701141357422 117.37611389160156
20.0 8.708923 168.01193237304688 443.122314453125
0.0 8.752988001 172.48892211914062 -684.0595703125
1.0 8.752988001 188.73670959472656 49.88996887207031
2.0 8.752988001 184.7833251953125 53.3819580078125
3.0 8.752988001 191.37355041503906 60.076194763183594
4.0 8.752988001 196.67111206054688 62.489505767822266
5.0 8.752988001 171.67893981933594 48.16933822631836
6.0 8.752988001 188.72647094726562 67.42359161376953
7.0 8.752988001 177.88104248046875 57.842376708984375
8.0 8.752988001 189.1842803955078 78.63414001464844
9.0 8.752988001 164.6406707763672 68.89279174804688
10.0 8.752988001 201.92181396484375 122.09066772460938
11.0 8.752988001 73.94126892089844 34.73068618774414
12.0 8.752988001 70.5557861328125 35.478309631347656
13.0 8.752988001 195.11041259765625 146.68505859375
14.0 8.752988001 207.99649047851562 150.43312072753906
15.0 8.752988001 74.56407928466797 52.89982223510742
16.0 8.752988001 80.900146484375 52.63323974609375
17.0 8.752988001 172.61866760253906 167.72927856445312
18.0 8.752988001 119.45301818847656 132.13755798339844
19.0 8.752988001 89.86849212646484 119.8012466430664
20.0 8.752988001 170.39613342285156 476.2635803222656
0.0 8.797054 173.289306640625 -714.97314453125
1.0 8.797054 184.49635314941406 45.60323715209961
2.0 8.797054 180.58416748046875 49.16930389404297
3.0 8.797054 187.5310821533203 55.402061462402344
4.0 8.797054 192.80880737304688 57.7558708190918
5.0 8.797054 167.27169799804688 44.09096145629883
6.0 8.797054 185.32809448242188 62.924041748046875
7.0 8.797054 173.90603637695312 54.104881286621094
8.0 8.797054 185.9480743408203 74.55668640136719
9.0 8.797054 160.94493103027344 65.31010437011719
10.0 8.797054 201.78465270996094 116.73624420166016
11.0 8.797054 69.27677917480469 36.33147430419922
12.0 8.797054 66.03592681884766 37.10682678222656
13.0 8.797054 195.2163543701172 141.39512634277344
14.0 8.797054 208.24510192871094 145.120361328125
15.0 8.797054 70.53289794921875 54.28126525878906
16.0 8.797054 76.91425323486328 53.93387985229492
17.0 8.797054 174.5430450439453 164.17431640625
18.0 8.797054 119.23290252685547 131.54635620117188
19.0 8.797054 88.93199157714844 119.99202728271484
20.0 8.797054 171.48480224609375 510.3349914550781
0.0 8.841119 160.17723083496094 -748.3605346679688
1.0 8.841119 179.4374542236328 42.657379150390625
2.0 8.841119 175.58712768554688 46.34598159790039
3.0 8.841119 182.9755401611328 51.914512634277344
4.0 8.841119 188.28329467773438 54.2451171875
5.0 8.841119 162.08543395996094 41.634918212890625
6.0 8.841119 181.3769989013672 59.63327407836914
7.0 8.841119 169.27525329589844 51.85105514526367
8.0 8.841119 182.32345581054688 71.64366912841797
9.0 8.841119 156.50103759765625 63.386898040771484
10.0 8.841119 202.19497680664062 112.05503845214844
11.0 8.841119 64.1849365234375 41.32565689086914
12.0 8.841119 61.090171813964844 42.162017822265625
13.0 8.841119 195.9462127685547 136.6448974609375
14.0 8.841119 209.1564483642578 140.40841674804688
15.0 8.841119 66.21843719482422 58.939476013183594
16.0 8.841119 72.67322540283203 58.4901237487793
17.0 8.841119 177.98524475097656 161.72457885742188
18.0 8.841119 119.80423736572266 133.195556640625
19.0 8.841119 88.78865814208984 122.84793853759766
20.0 8.841119 174.7572021484375 541.2789916992188
0.0 8.885184 160.67123413085938 -778.8528442382812
1.0 8.885184 171.67474365234375 39.238792419433594
2.0 8.885184 167.96917724609375 43.114498138427734
3.0 8.885184 175.77291870117188 47.628257751464844
4.0 8.885184 181.18002319335938 49.89643478393555
5.0 8.885184 154.25479125976562 38.881587982177734
6.0 8.885184 175.0948486328125 55.534812927246094
7.0 8.885184 162.18128967285156 49.24127960205078
8.0 8.885184 176.48193359375 68.04805755615234
9.0 8.885184 149.82679748535156 61.26249313354492
10.0 8.885184 201.63487243652344 105.63253021240234
11.0 8.885184 57.33317947387695 48.603939056396484
12.0 8.885184 54.377864837646484 49.49921417236328
13.0 8.885184 196.27330017089844 130.44317626953125
14.0 8.885184 209.48397827148438 133.79579162597656
15.0 8.885184 60.33164978027344 65.61624145507812
16.0 8.885184 67.0942611694336 65.1002426147461
17.0 8.885184 181.8514404296875 157.89285278320312
18.0 8.885184 120.33634948730469 135.29933166503906
19.0 8.885184 88.33879852294922 126.76856231689453
20.0 8.885184 77.96492004394531 537.5923461914062
0.0 8.92925 161.3793487548828 -810.6419067382812
1.0 8.92925 164.00888061523438 34.292598724365234
2.0 8.92925 160.508544921875 38.32963180541992
3.0 8.92925 168.54624938964844 41.76911163330078
4.0 8.92925 174.1563262939453 43.99479293823242
5.0 8.92925 146.62249755859375 34.565494537353516
6.0 8.92925 168.84579467773438 49.71564865112305
7.0 8.92925 155.32081604003906 44.8895263671875
8.0 8.92925 170.853271484375 62.790550231933594
9.0 8.92925 143.43807983398438 57.45576095581055
10.0 8.92925 200.86746215820312 97.0660171508789
11.0 8.92925 51.50996398925781 54.30261993408203
12.0 8.92925 48.67378616333008 55.22157287597656
13.0 8.92925 196.27426147460938 121.97286224365234
14.0 8.92925 209.5191650390625 124.97534942626953
15.0 8.92925 55.3615608215332 70.55781555175781
16.0 8.92925 62.59904098510742 69.99687957763672
17.0 8.92925 185.53622436523438 151.48651123046875
18.0 8.92925 121.38494873046875 134.97052001953125
19.0 8.92925 88.70022583007812 128.36175537109375
20.0 8.92925 77.22554779052734 568.9304809570312
0.0 8.973315 164.6313934326172 -840.8551635742188
1.0 8.973315 156.41287231445312 30.258554458618164
2.0 8.973315 152.9780731201172 34.53508758544922
3.0 8.973315 161.17868041992188 37.02928161621094
4.0 8.973315 166.9814453125 39.22990417480469
5.0 8.973315 138.83120727539062 31.189796447753906
6.0 8.973315 162.36705017089844 44.932621002197266
7.0 8.973315 148.3741912841797 41.48759460449219
8.0 8.973315 164.907470703125 58.4425163269043
9.0 8.973315 136.830810546875 54.63859939575195
10.0 8.973315 198.99652099609375 89.31428527832031
11.0 8.973315 46.32585525512695 59.742366790771484
12.0 8.973315 43.568397521972656 60.68154525756836
13.0 8.973315 195.05615234375 114.39779663085938
14.0 8.973315 208.385498046875 117.00518035888672
15.0 8.973315 50.71259307861328 75.30327606201172
16.0 8.973315 58.568634033203125 74.66987609863281
17.0 8.973315 187.96205139160156 145.3147430419922
18.0 8.973315 121.87030792236328 134.5540771484375
19.0 8.973315 88.63600158691406 129.7503204345703
20.0 8.973315 74.1909408569336 598.0897216796875
0.0 9.01738 167.19117736816406 -871.4515991210938
1.0 9.01738 153.6915740966797 29.276721954345703
2.0 9.01738 144.67071533203125 32.5643424987793
3.0 9.01738 152.91329956054688 33.9932975769043
4.0 9.01738 159.04489135742188 36.1248893737793
5.0 9.01738 130.6083526611328 29.89239501953125
6.0 9.01738 155.11566162109375 41.74017333984375
7.0 9.01738 140.8976593017578 39.85359573364258
8.0 9.01738 158.3411102294922 55.56103515625
9.0 9.01738 129.89146423339844 53.63762283325195
10.0 9.01738 196.64581298828125 82.40247344970703
11.0 9.01738 41.6399040222168 67.77872467041016
12.0 9.01738 38.990482330322266 68.71636962890625
13.0 9.01738 193.49314880371094 107.49932861328125
14.0 9.01738 206.89744567871094 109.70691680908203
15.0 9.01738 46.535892486572266 82.4850082397461
16.0 9.01738 55.026702880859375 81.69270324707031
17.0 9.01738 190.64559936523438 139.72537231445312
18.0 9.01738 122.88461303710938 135.49388122558594
19.0 9.01738 89.28652954101562 132.77452087402344
20.0 9.01738 75.23091888427734 630.5968017578125
0.0 9.061446 166.77548217773438 -902.6939697265625
1.0 9.061446 144.8973388671875 68.95862579345703
2.0 9.061446 135.6007080078125 30.070842742919922
3.0 9.061446 143.7790069580078 30.327804565429688
4.0 9.061446 150.3711700439453 32.28168487548828
5.0 9.061446 121.50371551513672 27.92761993408203
6.0 9.061446 147.05868530273438 37.78974533081055
7.0 9.061446 132.75668334960938 37.63651657104492
8.0 9.061446 151.22647094726562 51.924102783203125
9.0 9.061446 122.33697509765625 52.01805114746094
10.0 9.061446 193.55982971191406 73.66629791259766
11.0 9.061446 37.68746566772461 75.90118408203125
12.0 9.061446 35.12285614013672 76.8453140258789
13.0 9.061446 191.37721252441406 98.89458465576172
14.0 9.061446 204.88485717773438 100.5836181640625
15.0 9.061446 42.84457778930664 89.56708526611328
16.0 9.061446 52.35838317871094 88.49939727783203
17.0 9.061446 193.22476196289062 131.96031188964844
18.0 9.061446 124.4993896484375 135.16143798828125
19.0 9.061446 90.62567138671875 134.78419494628906
20.0 9.061446 55.17707824707031 646.385498046875
0.0 9.105511 174.65957641601562 -932.6848754882812
1.0 9.105511 144.89794921875 68.0216064453125
2.0 9.105511 126.26994323730469 27.252967834472656
3.0 9.105511 134.3076934814453 26.35306739807129
4.0 9.105511 141.40792846679688 28.005901336669922
5.0 9.105511 112.25794982910156 25.7183837890625
6.0 9.105511 138.561767578125 33.4426155090332
7.0 9.105511 124.38005828857422 35.01228332519531
8.0 9.105511 143.6455078125 47.812076568603516
9.0 9.105511 128.46792602539062 47.5870246887207
10.0 9.105511 189.36119079589844 64.2220458984375
11.0 9.105511 34.33474349975586 82.87564849853516
12.0 9.105511 31.81395721435547 83.81977081298828
13.0 9.105511 188.09446716308594 89.45801544189453
14.0 9.105511 201.75279235839844 90.6589126586914
15.0 9.105511 39.722591400146484 95.58229064941406
16.0 9.105511 50.075557708740234 94.0631103515625
17.0 9.105511 194.63861083984375 122.89045715332031
18.0 9.105511 125.64632415771484 133.27569580078125
19.0 9.105511 91.75778198242188 135.31932067871094
20.0 9.105511 56.01298522949219 679.6781005859375
0.0 9.149577001 328.08819580078125 -921.2200317382812
1.0 9.149577001 145.78126525878906 64.53380584716797
2.0 9.149577001 118.81198120117188 26.233978271484375
3.0 9.149577001 126.62968444824219 24.465553283691406
4.0 9.149577001 134.14453125 25.821510314941406
5.0 9.149577001 104.98597717285156 25.168895721435547
6.0 9.149577001 131.62411499023438 31.1938419342041
7.0 9.149577001 117.73981475830078 34.08961868286133
8.0 9.149577001 137.5234832763672 45.54853439331055
9.0 9.149577001 135.3900909423828 43.25000762939453
10.0 9.149577001 185.59815979003906 57.39019012451172
11.0 9.149577001 32.452247619628906 89.29802703857422
12.0 9.149577001 30.008237838745117 90.22174072265625
13.0 9.149577001 185.05723571777344 82.59123992919922
14.0 9.149577001 198.8167266845703 83.39543151855469
15.0 9.149577001 37.96855926513672 101.22879791259766
16.0 9.149577001 48.97010040283203 99.24805450439453
17.0 9.149577001 195.46022033691406 115.97715759277344
18.0 9.149577001 126.7803726196289 132.2265167236328
19.0 9.149577001 93.0730209350586 136.25119018554688
20.0 9.149577001 61.090118408203125 717.3748168945312
0.0 9.193642001 328.08819580078125 -971.2200317382812
1.0 9.193642001 144.77865600585938 64.43695068359375
2.0 9.193642001 111.60446166992188 25.538745880126953
3.0 9.193642001 119.20436096191406 22.97700309753418
4.0 9.193642001 127.13129425048828 23.9654483795166
5.0 9.193642001 97.72535705566406 24.850605010986328
6.0 9.193642001 124.81855773925781 29.353225708007812
7.0 9.193642001 111.25310516357422 33.43088912963867
8.0 9.193642001 131.54827880859375 43.70436477661133
9.0 9.193642001 129.31149291992188 41.54316711425781
10.0 9.193642001 181.24554443359375 51.272010803222656
11.0 9.193642001 30.74448013305664 94.73639678955078
12.0 9.193642001 28.351472854614258 95.67039489746094
13.0 9.193642001 181.37115478515625 76.44865417480469
14.0 9.193642001 195.3097381591797 76.78893280029297
15.0 9.193642001 36.271331787109375 105.98011779785156
16.0 9.193642001 47.86840057373047 103.50682830810547
17.0 9.193642001 195.23049926757812 109.35113525390625
18.0 9.193642001 127.2544937133789 130.84861755371094
19.0 9.193642001 93.68194580078125 136.69070434570312
20.0 9.193642001 59.29634094238281 747.7460327148438
0.0 9.237707 378.08819580078125 -983.7200317382812
1.0 9.237707 142.24705505371094 62.221920013427734
2.0 9.237707 105.96021270751953 24.36812400817871
3.0 9.237707 113.34902954101562 21.25737953186035
4.0 9.237707 121.49732971191406 21.958595275878906
5.0 9.237707 91.9302749633789 23.98086929321289
6.0 9.237707 119.37548065185547 27.349510192871094
7.0 9.237707 106.17013549804688 32.2431526184082
8.0 9.237707 126.8919448852539 41.66487121582031
9.0 9.237707 124.53153228759766 39.59346389770508
10.0 9.237707 177.4318389892578 45.8448371887207
11.0 9.237707 29.429170608520508 97.92593383789062
12.0 9.237707 27.071897506713867 98.83819580078125
13.0 9.237707 178.07608032226562 71.04696655273438
14.0 9.237707 192.02593994140625 71.13687896728516
15.0 9.237707 34.94662094116211 108.72006225585938
16.0 9.237707 46.97231674194336 105.79183197021484
17.0 9.237707 194.4506378173828 103.42636108398438
18.0 9.237707 127.28977966308594 128.80052185058594
19.0 9.237707 93.93516540527344 136.04783630371094
20.0 9.237707 58.48968505859375 779.8125610351562
0.0 9.281773001 440.58819580078125 -989.9700317382812
1.0 9.281773001 140.9955596923828 61.23301696777344
2.0 9.281773001 102.07596588134766 24.041982650756836
3.0 9.281773001 109.2540283203125 20.480833053588867
4.0 9.281773001 117.5894546508789 20.930831909179688
5.0 9.281773001 88.01189422607422 23.883609771728516
6.0 9.281773001 115.5959243774414 26.337818145751953
7.0 9.281773001 102.68611907958984 31.85085105895996
8.0 9.281773001 123.69436645507812 40.510807037353516
9.0 9.281773001 121.28560638427734 38.56018829345703
10.0 9.281773001 174.78012084960938 42.02888488769531
11.0 9.281773001 29.152206420898438 100.95561218261719
12.0 9.281773001 26.82908058166504 101.86677551269531
13.0 9.281773001 175.93075561523438 67.19263458251953
14.0 9.281773001 189.91769409179688 66.95023345947266
15.0 9.281773001 34.65643310546875 111.36309814453125
16.0 9.281773001 47.0130500793457 108.0547866821289
17.0 9.281773001 194.33096313476562 98.99491882324219
18.0 9.281773001 127.9670181274414 127.46902465820312
19.0 9.281773001 94.83251953125 135.85272216796875
20.0 9.281773001 56.67913818359375 811.025634765625
0.0 9.325838001 640.5881958007812 -889.9700317382812
1.0 9.325838001 140.0177459716797 61.045326232910156
2.0 9.325838001 98.3426284790039 23.86917495727539
3.0 9.325838001 105.3066635131836 19.796772003173828
4.0 9.325838001 113.86273956298828 19.902475357055664
5.0 9.325838001 84.32129669189453 24.045129776000977
6.0 9.325838001 112.03685760498047 25.36078453063965
7.0 9.325838001 99.43460083007812 31.63066291809082
8.0 9.325838001 120.89983367919922 39.376861572265625
9.0 9.325838001 118.3691635131836 37.52592086791992
10.0 9.325838001 172.4136962890625 37.61660385131836
11.0 9.325838001 29.90756607055664 104.45332336425781
12.0 9.325838001 27.635051727294922 105.36385345458984
13.0 9.325838001 174.0426788330078 62.7798957824707
14.0 9.325838001 188.16046142578125 62.2600212097168
15.0 9.325838001 35.361572265625 114.47402954101562
16.0 9.325838001 48.105003356933594 110.6429443359375
17.0 9.325838001 194.8341522216797 93.76473236083984
18.0 9.325838001 129.690185546875 125.86915588378906
19.0 9.325838001 96.763916015625 135.63320922851562
20.0 9.325838001 58.235015869140625 842.3032836914062
0.0 9.369903001 615.5881958007812 -814.9700317382812
1.0 9.369903001 137.66989135742188 57.54152297973633
2.0 9.369903001 93.58989715576172 24.076318740844727
3.0 9.369903001 100.24201202392578 19.402061462402344
4.0 9.369903001 108.94951629638672 18.967363357543945
5.0 9.369903001 79.58488464355469 24.657485961914062
6.0 9.369903001 107.38814544677734 24.44676399230957
7.0 9.369903001 95.3370361328125 31.601285934448242
8.0 9.369903001 117.09249114990234 38.15021514892578
9.0 9.369903001 114.43860626220703 36.50349044799805
10.0 9.369903001 169.0370330810547 32.212547302246094
11.0 9.369903001 31.243316650390625 109.0754623413086
12.0 9.369903001 29.00638771057129 109.94863891601562
13.0 9.369903001 171.30841064453125 57.32571029663086
14.0 9.369903001 185.37657165527344 56.42986297607422
15.0 9.369903001 36.5629997253418 118.52587890625
16.0 9.369903001 49.76520538330078 114.06185913085938
17.0 9.369903001 195.18287658691406 87.08172607421875
18.0 9.369903001 131.7090301513672 123.80630493164062
19.0 9.369903001 99.4436264038086 135.17086791992188
20.0 9.369903001 57.32221984863281 873.4739990234375
0.0 9.413969001 207.58819580078125 -526.9700317382812
1.0 9.413969001 138.91278076171875 60.2656135559082
2.0 9.413969001 89.95267486572266 25.522066116333008
3.0 9.413969001 96.27601623535156 20.2489070892334
4.0 9.413969001 105.1700210571289 19.310115814208984
5.0 9.413969001 76.09976959228516 26.60640525817871
6.0 9.413969001 103.81001281738281 24.82779884338379
7.0 9.413969001 92.36092376708984 32.81833267211914
8.0 9.413969001 114.2499771118164 38.13899612426758
9.0 9.413969001 111.4970932006836 36.71124267578125
10.0 9.413969001 166.35992431640625 28.063852310180664
11.0 9.413969001 33.85165023803711 114.35984802246094
12.0 9.413969001 31.64757537841797 115.24055480957031
13.0 9.413969001 169.2613067626953 53.1590576171875
14.0 9.413969001 183.38992309570312 51.80521011352539
15.0 9.413969001 39.03440856933594 123.29082489013672
16.0 9.413969001 52.65119934082031 118.16207122802734
17.0 9.413969001 196.07644653320312 81.42264556884766
18.0 9.413969001 134.6480255126953 122.64791870117188
19.0 9.413969001 102.96883392333984 135.60659790039062
20.0 9.413969001 42.44517517089844 899.99560546875
0.0 9.458034001 202.2768096923828 -560.9786987304688
1.0 9.458034001 136.18190002441406 57.24225616455078
2.0 9.458034001 86.12311553955078 28.626697540283203
3.0 9.458034001 91.9583511352539 22.838275909423828
4.0 9.458034001 100.9339828491211 21.297269821166992
5.0 9.458034001 72.58224487304688 30.126121520996094
6.0 9.458034001 99.85697937011719 26.77384376525879
7.0 9.458034001 89.14744567871094 35.577117919921875
8.0 9.458034001 111.04437255859375 39.6707878112793
9.0 9.458034001 108.23695373535156 38.45920944213867
10.0 9.458034001 162.97584533691406 25.106407165527344
11.0 9.458034001 37.06970977783203 121.07438659667969
12.0 9.458034001 34.895713806152344 121.92137145996094
13.0 9.458034001 166.57608032226562 50.021209716796875
14.0 9.458034001 181.0594482421875 48.0989875793457
15.0 9.458034001 42.082191467285156 129.5380096435547
16.0 9.458034001 56.06156921386719 123.60662078857422
17.0 9.458034001 196.56993103027344 76.56382751464844
18.0 9.458034001 137.63648986816406 122.53375244140625
19.0 9.458034001 106.8907699584961 137.12826538085938
20.0 9.458034001 43.88011169433594 933.613037109375
0.0 9.5021 197.5318145751953 -591.7684936523438
1.0 9.5021 135.23391723632812 58.1302375793457
2.0 9.5021 82.83883666992188 31.875085830688477
3.0 9.5021 88.31138610839844 25.646081924438477
4.0 9.5021 97.28843688964844 23.60645866394043
5.0 9.5021 69.36946868896484 33.82320022583008
6.0 9.5021 96.43376159667969 29.06954574584961
7.0 9.5021 86.33394622802734 38.502777099609375
8.0 9.5021 108.15869140625 41.472251892089844
9.0 9.5021 105.3406982421875 40.47543716430664
10.0 9.5021 159.72613525390625 23.310882568359375
11.0 9.5021 39.65137481689453 126.730224609375
12.0 9.5021 37.515377044677734 127.56230163574219
13.0 9.5021 163.79505920410156 48.12993240356445
14.0 9.5021 178.24024963378906 45.919525146484375
15.0 9.5021 44.489044189453125 134.8312530517578
16.0 9.5021 58.709407806396484 128.22128295898438
17.0 9.5021 196.28158569335938 73.01551055908203
18.0 9.5021 139.71849060058594 122.75231170654297
19.0 9.5021 109.70626068115234 138.6838836669922
20.0 9.5021 41.77201843261719 964.8472900390625
0.0 9.546165001 200.40487670898438 -617.23583984375
1.0 9.546165001 133.6081085205078 58.166378021240234
2.0 9.546165001 80.31249237060547 34.546085357666016
3.0 9.546165001 85.49278259277344 28.065298080444336
4.0 9.546165001 94.41226959228516 25.677349090576172
5.0 9.546165001 66.96944427490234 36.89546203613281
6.0 9.546165001 93.74185180664062 31.07899284362793
7.0 9.546165001 84.11634826660156 40.92781448364258
8.0 9.546165001 106.18893432617188 42.89697265625
9.0 9.546165001 103.21427917480469 42.20164108276367
10.0 9.546165001 157.02272033691406 22.32415199279785
11.0 9.546165001 41.49799728393555 131.00527954101562
12.0 9.546165001 39.377620697021484 131.78619384765625
13.0 9.546165001 161.38462829589844 47.05467987060547
14.0 9.546165001 175.98098754882812 44.528648376464844
15.0 9.546165001 46.21278762817383 138.86590576171875
16.0 9.546165001 60.5864143371582 131.70077514648438
17.0 9.546165001 195.66600036621094 70.60670471191406
18.0 9.546165001 140.96775817871094 122.990478515625
19.0 9.546165001 111.606201171875 140.06130981445312
20.0 9.546165001 41.50975036621094 996.5064086914062
0.0 9.590230001 200.2672119140625 -650.5057983398438
1.0 9.590230001 131.89857482910156 57.293739318847656
2.0 9.590230001 78.32794189453125 35.738346099853516
3.0 9.590230001 83.34519958496094 29.120351791381836
4.0 9.590230001 92.13886260986328 26.594358444213867
5.0 9.590230001 65.01644134521484 38.32484436035156
6.0 9.590230001 91.62667083740234 31.92278289794922
7.0 9.590230001 82.26231384277344 41.98823547363281
8.0 9.590230001 104.94129180908203 42.73424530029297
9.0 9.590230001 101.5733642578125 42.779083251953125
10.0 9.590230001 154.74705505371094 21.460161209106445
11.0 9.590230001 41.98081588745117 133.07078552246094
12.0 9.590230001 39.87824630737305 133.79827880859375
13.0 9.590230001 159.38230895996094 46.13078689575195
14.0 9.590230001 174.07183837890625 43.33650588989258
15.0 9.590230001 46.619625091552734 140.78643798828125
16.0 9.590230001 61.06785202026367 133.29006958007812
17.0 9.590230001 194.58682250976562 68.83013916015625
18.0 9.590230001 141.04518127441406 122.70854187011719
19.0 9.590230001 112.1525650024414 140.5775146484375
20.0 9.590230001 42.882476806640625 1028.4884033203125
0.0 9.634296 202.30438232421875 -682.201904296875
1.0 9.634296 132.00628662109375 57.884429931640625
2.0 9.634296 77.0262222290039 35.17084503173828
3.0 9.634296 82.01263427734375 28.522520065307617
4.0 9.634296 90.74171447753906 25.964380264282227
5.0 9.634296 63.37122344970703 38.08350372314453
6.0 9.634296 90.32403564453125 31.3116512298584
7.0 9.634296 80.97852325439453 41.36130142211914
8.0 9.634296 103.70740509033203 42.031837463378906
9.0 9.634296 100.56385803222656 42.062198638916016
10.0 9.634296 153.37759399414062 20.36738395690918
11.0 9.634296 41.31357192993164 132.774169921875
12.0 9.634296 39.217960357666016 133.45852661132812
13.0 9.634296 158.1713409423828 45.07802200317383
14.0 9.634296 172.83018493652344 42.12799835205078
15.0 9.634296 45.922237396240234 140.45761108398438
16.0 9.634296 60.37635040283203 132.77407836914062
17.0 9.634296 193.45257568359375 67.4529800415039
18.0 9.634296 140.29161071777344 121.67899322509766
19.0 9.634296 111.48788452148438 139.8878173828125
20.0 9.634296 47.594207763671875 1060.79150390625
0.0 9.678361 245.38262939453125 -681.4686889648438
1.0 9.678361 132.15472412109375 56.95529556274414
2.0 9.678361 78.6226577758789 33.684261322021484
3.0 9.678361 83.91159057617188 27.265302658081055
4.0 9.678361 92.5358657836914 25.08417510986328
5.0 9.678361 64.77813720703125 36.630287170410156
6.0 9.678361 92.09272766113281 30.466875076293945
7.0 9.678361 82.32673645019531 40.07326126098633
8.0 9.678361 105.28229522705078 41.32681655883789
9.0 9.678361 102.31758117675781 41.21715545654297
10.0 9.678361 154.9888153076172 21.874601364135742
11.0 9.678361 39.26109313964844 130.0802459716797
12.0 9.678361 37.1848258972168 130.6765594482422
13.0 9.678361 159.82540893554688 46.64882278442383
14.0 9.678361 174.45533752441406 43.73149490356445
15.0 9.678361 43.968318939208984 137.95895385742188
16.0 9.678361 58.324398040771484 130.58001708984375
17.0 9.678361 193.49378967285156 69.94035339355469
18.0 9.678361 139.0320587158203 122.12557983398438
19.0 9.678361 109.64757537841797 139.9987335205078
20.0 9.678361 45.9658203125 1092.3104248046875
0.0 9.722426 321.90728759765625 -680.497314453125
1.0 9.722426 134.0772705078125 57.26626205444336
2.0 9.722426 81.78902435302734 31.523963928222656
3.0 9.722426 87.49105834960938 25.50198745727539
4.0 9.722426 95.97916412353516 23.858150482177734
5.0 9.722426 67.48928833007812 34.35856628417969
6.0 9.722426 95.4144515991211 29.386507034301758
7.0 9.722426 84.96644592285156 38.19935989379883
8.0 9.722426 108.41151428222656 40.49512481689453
9.0 9.722426 105.61062622070312 40.22763442993164
10.0 9.722426 158.00909423828125 24.793792724609375
11.0 9.722426 36.3095588684082 125.57254028320312
12.0 9.722426 34.247947692871094 126.11763000488281
13.0 9.722426 162.7263946533203 49.66716003417969
14.0 9.722426 177.3170623779297 46.92646789550781
15.0 9.722426 41.206912994384766 133.8243865966797
16.0 9.722426 55.3377799987793 127.03227233886719
17.0 9.722426 193.69517517089844 74.51342010498047
18.0 9.722426 137.05677795410156 123.08625030517578
19.0 9.722426 106.80610656738281 140.21299743652344
20.0 9.722426 44.70599365234375 1123.1900634765625
0.0 9.766492 1921.9072265625 -8.497314453125
1.0 9.766492 136.1636199951172 58.08466339111328
2.0 9.766492 86.4911880493164 27.903724670410156
3.0 9.766492 92.65231323242188 22.501977920532227
4.0 9.766492 100.9811782836914 21.542755126953125
5.0 9.766492 71.56737518310547 30.54389190673828
6.0 9.766492 100.21410369873047 27.14457130432129
7.0 9.766492 88.98664855957031 34.88468933105469
8.0 9.766492 112.87071228027344 38.846832275390625
9.0 9.766492 110.2894515991211 38.187686920166016
10.0 9.766492 162.3690643310547 27.63612937927246
11.0 9.766492 33.195884704589844 118.41899108886719
12.0 9.766492 31.168867111206055 118.90290069580078
13.0 9.766492 166.58404541015625 52.795867919921875
14.0 9.766492 180.9715118408203 50.45357131958008
15.0 9.766492 38.27980422973633 127.21907806396484
16.0 9.766492 52.122257232666016 121.13924407958984
17.0 9.766492 193.95147705078125 79.45671844482422
18.0 9.766492 134.78451538085938 123.14025115966797
19.0 9.766492 103.38594818115234 138.9669647216797
20.0 9.766492 48.292694091796875 1154.4180908203125
0.0 9.810557 1921.9072265625 -8.497314453125
1.0 9.810557 138.06195068359375 57.24066162109375
2.0 9.810557 91.62992095947266 24.69580078125
3.0 9.810557 98.21693420410156 19.931005477905273
4.0 9.810557 106.32963562011719 19.61945915222168
5.0 9.810557 76.0610122680664 27.11712074279785
6.0 9.810557 105.33128356933594 25.259084701538086
7.0 9.810557 93.4575424194336 31.91985321044922
8.0 9.810557 117.62044525146484 37.43757629394531
9.0 9.810557 115.24637603759766 36.56148147583008
10.0 9.810557 166.66444396972656 30.802873611450195
11.0 9.810557 30.91391372680664 111.08209228515625
12.0 9.810557 28.932762145996094 111.53462982177734
13.0 9.810557 170.41676330566406 56.188812255859375
14.0 9.810557 184.64830017089844 54.233642578125
15.0 9.810557 36.120384216308594 120.47037506103516
16.0 9.810557 49.652976989746094 115.05304718017578
17.0 9.810557 194.12680053710938 84.38314819335938
18.0 9.810557 132.77618408203125 122.99032592773438
19.0 9.810557 100.35762023925781 137.5295867919922
20.0 9.810557 50.655029296875 1186.210205078125
0.0 9.854622 1921.9072265625 -258.497314453125
1.0 9.854622 141.94891357421875 58.77334213256836
2.0 9.854622 96.49681854248047 22.082670211791992
3.0 9.854622 103.36271667480469 17.91606903076172
4.0 9.854622 111.3553695678711 18.10000228881836
5.0 9.854622 80.58981323242188 24.04228973388672
6.0 9.854622 110.13983917236328 23.73089027404785
7.0 9.854622 97.72452545166016 29.484527587890625
8.0 9.854622 122.16681671142578 36.50349807739258
9.0 9.854622 119.9576416015625 35.326107025146484
10.0 9.854622 170.4501495361328 33.5980224609375
11.0 9.854622 29.707717895507812 104.4033432006836
12.0 9.854622 27.72026252746582 104.85271453857422
13.0 9.854622 173.71900939941406 59.12614440917969
14.0 9.854622 187.82435607910156 57.58224868774414
15.0 9.854622 34.92646789550781 114.40330505371094
16.0 9.854622 48.23250198364258 109.45076751708984
17.0 9.854622 194.301025390625 88.41249084472656
18.0 9.854622 131.36456298828125 122.62846374511719
19.0 9.854622 98.09165954589844 136.02696228027344
20.0 9.854622 52.46405029296875 1217.0015869140625
0.0 9.898688 2009.4072265625 -258.497314453125
1.0 9.898688 143.74375915527344 57.77252960205078
2.0 9.898688 100.3509750366211 18.585630416870117
3.0 9.898688 107.38258361816406 15.082773208618164
4.0 9.898688 115.21080017089844 15.657127380371094
5.0 9.898688 84.01315307617188 20.18008041381836
6.0 9.898688 113.75840759277344 21.278955459594727
7.0 9.898688 100.9437255859375 26.113487243652344
8.0 9.898688 125.42156219482422 34.56881332397461
9.0 9.898688 123.47235107421875 33.170249938964844
10.0 9.898688 172.98780822753906 35.0902214050293
11.0 9.898688 28.063093185424805 96.9390869140625
12.0 9.898688 26.09585952758789 97.39561462402344
13.0 9.898688 175.7001495361328 60.75489044189453
14.0 9.898688 189.748291015625 59.53611373901367
15.0 9.898688 33.26443862915039 107.4828109741211
16.0 9.898688 46.30767822265625 102.93740844726562
17.0 9.898688 193.3009033203125 90.892578125
18.0 9.898688 129.1695556640625 120.91226196289062
19.0 9.898688 95.11442565917969 133.11514282226562
20.0 9.898688 54.104644775390625 1249.681396484375
0.0 9.942753 1409.4072265625 -558.497314453125
1.0 9.942753 145.02227783203125 57.383827209472656
2.0 9.942753 105.2039566040039 15.56419849395752
3.0 9.942753 112.41490936279297 12.897459983825684
4.0 9.942753 119.8900146484375 14.056103706359863
5.0 9.942753 88.01969909667969 16.52513885498047
6.0 9.942753 118.19094848632812 19.54500961303711
7.0 9.942753 104.8899154663086 23.146833419799805
8.0 9.942753 129.38290405273438 33.555877685546875
9.0 9.942753 127.67444610595703 31.984798431396484
10.0 9.942753 175.3429412841797 38.54830551147461
11.0 9.942753 25.813825607299805 87.8126449584961
12.0 9.942753 23.834735870361328 88.2732925415039
13.0 9.942753 177.33782958984375 64.42594909667969
14.0 9.942753 191.31336975097656 63.66154479980469
15.0 9.942753 30.915573120117188 99.2018051147461
16.0 9.942753 43.554656982421875 95.15785217285156
17.0 9.942753 190.87506103515625 95.35570526123047
18.0 9.942753 125.50596618652344 119.65240478515625
19.0 9.942753 90.55436706542969 130.0799560546875
20.0 9.942753 54.01567840576172 1271.5870361328125
0.0 9.986819001 1534.4072265625 -545.997314453125
1.0 9.986819001 148.00405883789062 59.91847610473633
2.0 9.986819001 112.92262268066406 14.996158599853516
3.0 9.986819001 120.29881286621094 13.391921043395996
4.0 9.986819001 127.3719253540039 15.116608619689941
5.0 9.986819001 95.23489379882812 15.127978324890137
6.0 9.986819001 125.27023315429688 20.519012451171875
7.0 9.986819001 111.60865020751953 22.501644134521484
8.0 9.986819001 135.6959991455078 35.451080322265625
9.0 9.986819001 134.29327392578125 33.58551788330078
10.0 9.986819001 179.29661560058594 45.52470779418945
11.0 9.986819001 25.727619171142578 78.90926361083984
12.0 9.986819001 23.73594856262207 79.3703842163086
13.0 9.986819001 180.3651580810547 71.60423278808594
14.0 9.986819001 194.17236328125 71.44718933105469
15.0 9.986819001 30.696666717529297 91.3580322265625
16.0 9.986819001 42.717735290527344 87.83853149414062
17.0 9.986819001 189.07049560546875 102.99402618408203
18.0 9.986819001 122.82144165039062 120.30086517333984
19.0 9.986819001 86.91537475585938 128.6134033203125
20.0 9.986819001 66.7831039428711 1298.2596435546875
0.0 10.030884 1559.4072265625 -558.497314453125
1.0 10.030884 150.97000122070312 60.82896041870117
2.0 10.030884 121.22932434082031 15.006698608398438
3.0 10.030884 128.60658264160156 14.52042293548584
4.0 10.030884 135.1826171875 16.73985481262207
5.0 10.030884 103.14958953857422 14.102424621582031
6.0 10.030884 132.65167236328125 22.09260368347168
7.0 10.030884 118.80915069580078 22.33138084411621
8.0 10.030884 142.11343383789062 37.80186462402344
9.0 10.030884 141.0548553466797 35.73808670043945
10.0 10.030884 182.83230590820312 53.02901840209961
11.0 10.030884 26.77131462097168 69.3897705078125
12.0 10.030884 24.762710571289062 69.84407043457031
13.0 10.030884 182.87539672851562 79.17849731445312
14.0 10.030884 196.5067596435547 79.51022338867188
15.0 10.030884 31.45773696899414 82.95557403564453
16.0 10.030884 42.76924133300781 79.90982818603516
17.0 10.030884 186.56588745117188 110.4974136352539
18.0 10.030884 120.14781951904297 120.48959350585938
19.0 10.030884 83.54871368408203 126.35562896728516
20.0 10.030884 65.29405975341797 1331.6724853515625
0.0 10.074949 1596.9072265625 -570.997314453125
1.0 10.074949 153.34414672851562 64.06229400634766
2.0 10.074949 127.9532470703125 14.51548957824707
3.0 10.074949 135.3015899658203 14.89311695098877
4.0 10.074949 141.46083068847656 17.449460983276367
5.0 10.074949 109.24927520751953 12.407041549682617
6.0 10.074949 138.55899047851562 22.73870849609375
7.0 10.074949 124.64813995361328 21.56168556213379
8.0 10.074949 128.9783477783203 38.26602554321289
9.0 10.074949 146.47032165527344 36.931785583496094
10.0 10.074949 185.14698791503906 58.044044494628906
11.0 10.074949 28.30510139465332 60.59654998779297
12.0 10.074949 26.285587310791016 61.069061279296875
13.0 10.074949 184.37631225585938 84.2699203491211
14.0 10.074949 197.8585662841797 85.12945556640625
15.0 10.074949 32.898433685302734 75.14566040039062
16.0 10.074949 43.61073684692383 72.358154296875
17.0 10.074949 184.08802795410156 115.12793731689453
18.0 10.074949 118.15275573730469 119.33153533935547
19.0 10.074949 80.95508575439453 123.13525390625
20.0 10.074949 59.58872985839844 1363.2742919921875
0.0 10.119015001 1596.9072265625 -608.497314453125
1.0 10.119015001 155.69456481933594 64.29518127441406
2.0 10.119015001 134.11965942382812 14.983787536621094
3.0 10.119015001 141.32334899902344 16.145641326904297
4.0 10.119015001 147.1728057861328 18.899242401123047
5.0 10.119015001 115.297119140625 12.003205299377441
6.0 10.119015001 143.8461151123047 24.178466796875
7.0 10.119015001 130.08811950683594 21.678232192993164
8.0 10.119015001 132.53900146484375 38.51026153564453
9.0 10.119015001 151.2252960205078 38.89052963256836
10.0 10.119015001 187.0091552734375 62.986141204833984
11.0 10.119015001 30.444637298583984 53.3541374206543
12.0 10.119015001 28.418380737304688 53.81630325317383
13.0 10.119015001 185.43093872070312 89.28285217285156
14.0 10.119015001 198.8116912841797 90.51396942138672
15.0 10.119015001 34.63788986206055 68.63744354248047
16.0 10.119015001 44.87499237060547 66.05412292480469
17.0 10.119015001 181.73703002929688 119.38202667236328
18.0 10.119015001 116.51534271240234 118.4227066040039
19.0 10.119015001 79.09373474121094 120.41869354248047
20.0 10.119015001 278.80255126953125 1428.98046875
0.0 10.163080001 1596.9072265625 -633.497314453125
1.0 10.163080001 158.09779357910156 66.66694641113281
2.0 10.163080001 141.0608367919922 16.37784767150879
3.0 10.163080001 148.08889770507812 18.404556274414062
4.0 10.163080001 153.6009521484375 21.383211135864258
5.0 10.163080001 121.91695404052734 11.918595314025879
6.0 10.163080001 149.7379150390625 26.61030387878418
7.0 10.163080001 136.27410888671875 22.667869567871094
8.0 10.163080001 137.1881561279297 39.348716735839844
9.0 10.163080001 156.30091857910156 41.75274658203125
10.0 10.163080001 188.5718536376953 69.08660888671875
11.0 10.163080001 33.59452438354492 45.43024444580078
12.0 10.163080001 31.56014060974121 45.89902877807617
13.0 10.163080001 186.0992431640625 95.39705657958984
14.0 10.163080001 199.3841094970703 97.10608673095703
15.0 10.163080001 37.33775329589844 61.65884780883789
16.0 10.163080001 47.07927322387695 59.264869689941406
17.0 10.163080001 178.65451049804688 124.31586456298828
18.0 10.163080001 114.82595825195312 117.6905746459961
19.0 10.163080001 77.06658172607422 117.47032165527344
20.0 10.163080001 231.0679931640625 1381.2462158203125
0.0 10.207145001 1621.9072265625 -633.497314453125
1.0 10.207145001 160.86724853515625 68.77660369873047
2.0 10.207145001 147.51661682128906 18.581806182861328
3.0 10.207145001 154.31260681152344 21.449928283691406
4.0 10.207145001 159.45689392089844 24.553081512451172
5.0 10.207145001 128.4569091796875 12.84820556640625
6.0 10.207145001 155.0487060546875 29.704151153564453
7.0 10.207145001 142.0787353515625 24.39934539794922
8.0 10.207145001 141.6337127685547 40.701087951660156
9.0 10.207145001 160.73060607910156 45.24325942993164
10.0 10.207145001 189.3648681640625 75.42857360839844
11.0 10.207145001 37.16102981567383 38.018089294433594
12.0 10.207145001 35.105979919433594 38.48119354248047
13.0 10.207145001 186.09474182128906 101.74465942382812
14.0 10.207145001 199.19032287597656 103.81881713867188
15.0 10.207145001 40.35990905761719 55.187095642089844
16.0 10.207145001 49.57164764404297 52.89514923095703
17.0 10.207145001 175.00474548339844 129.14175415039062
18.0 10.207145001 112.95909881591797 117.04047393798828
19.0 10.207145001 75.08145904541016 114.52206420898438
20.0 10.207145001 221.96212768554688 1503.7860107421875
0.0 10.251211001 1646.9072265625 -658.497314453125
1.0 10.251211001 163.47265625 70.3483657836914
2.0 10.251211001 153.40383911132812 21.52236557006836
3.0 10.251211001 159.89915466308594 25.10985565185547
4.0 10.251211001 164.71661376953125 28.294828414916992
5.0 10.251211001 134.46865844726562 14.368368148803711
6.0 10.251211001 159.89193725585938 33.34724426269531
7.0 10.251211001 147.50506591796875 26.861173629760742
8.0 10.251211001 146.11619567871094 42.706626892089844
9.0 10.251211001 164.53099060058594 49.02696990966797
10.0 10.251211001 189.91087341308594 81.60171508789062
11.0 10.251211001 41.18071365356445 32.065093994140625
12.0 10.251211001 39.123390197753906 32.5106315612793
13.0 10.251211001 185.8775634765625 107.89220428466797
14.0 10.251211001 198.80746459960938 110.34657287597656
15.0 10.251211001 43.791282653808594 49.942230224609375
16.0 10.251211001 52.61502456665039 47.74465560913086
17.0 10.251211001 171.68484497070312 133.67404174804688
18.0 10.251211001 111.59490203857422 116.69769287109375
19.0 10.251211001 73.7938003540039 112.20886993408203
20.0 10.251211001 197.84722900390625 1581.5782470703125
0.0 10.295276001 2446.9072265625 -258.497314453125
1.0 10.295276001 164.8745880126953 74.12694549560547
2.0 10.295276001 158.2977752685547 24.374191284179688
3.0 10.295276001 164.53451538085938 28.563596725463867
4.0 10.295276001 169.07289123535156 31.771167755126953
5.0 10.295276001 139.5419158935547 16.010995864868164
6.0 10.295276001 163.86363220214844 36.71696472167969
7.0 10.295276001 152.06800842285156 29.300004959106445
8.0 10.295276001 149.75572204589844 44.639957427978516
9.0 10.295276001 167.62550354003906 52.41817092895508
10.0 10.295276001 190.0432586669922 86.85443115234375
11.0 10.295276001 45.048831939697266 27.128131866455078
12.0 10.295276001 43.002559661865234 27.55915069580078
13.0 10.295276001 185.32081604003906 113.11295318603516
14.0 10.295276001 198.17129516601562 115.89492797851562
15.0 10.295276001 47.1389045715332 45.68794250488281
16.0 10.295276001 55.605247497558594 43.50330352783203
17.0 10.295276001 168.6077880859375 137.2764892578125
18.0 10.295276001 110.54743194580078 116.42694091796875
19.0 10.295276001 72.85489654541016 110.0971908569336
20.0 10.295276001 195.39146423339844 1613.94091796875
0.0 10.339341001 2396.9072265625 -308.497314453125
1.0 10.339341001 167.43202209472656 75.39691162109375
2.0 10.339341001 163.318603515625 27.49019432067871
3.0 10.339341001 169.1687774658203 32.30155563354492
4.0 10.339341001 173.35853576660156 35.50963592529297
5.0 10.339341001 144.80697631835938 17.76851463317871
6.0 10.339341001 167.7847900390625 40.28962326049805
7.0 10.339341001 156.76144409179688 31.8518123626709
8.0 10.339341001 153.56602478027344 46.756141662597656
9.0 10.339341001 170.70834350585938 56.013675689697266
10.0 10.339341001 189.63540649414062 92.19062042236328
11.0 10.339341001 49.51752471923828 21.665081024169922
12.0 10.339341001 47.493534088134766 22.114913940429688
13.0 10.339341001 184.31521606445312 118.46818542480469
14.0 10.339341001 196.9421844482422 121.46727752685547
15.0 10.339341001 50.934871673583984 40.859920501708984
16.0 10.339341001 59.10929489135742 38.703948974609375
17.0 10.339341001 164.9492950439453 140.6226348876953
18.0 10.339341001 109.30052947998047 115.62718200683594
19.0 10.339341001 71.9382095336914 107.21937561035156
20.0 10.339341001 196.04405212402344 1646.0025634765625
0.0 10.383407001 2396.9072265625 -320.997314453125
1.0 10.383407001 169.19747924804688 79.54827880859375
2.0 10.383407001 168.12472534179688 32.08323669433594
3.0 10.383407001 173.53009033203125 37.43836975097656
4.0 10.383407001 177.3896026611328 40.623992919921875
5.0 10.383407001 149.8810577392578 21.004398345947266
6.0 10.383407001 171.51524353027344 45.22439193725586
7.0 10.383407001 161.30764770507812 35.863197326660156
8.0 10.383407001 150.25579833984375 25.624038696289062
9.0 10.383407001 173.4287567138672 60.87533187866211
10.0 10.383407001 188.89566040039062 98.50084686279297
11.0 10.383407001 54.46955490112305 17.604812622070312
12.0 10.383407001 52.46516036987305 18.057161331176758
13.0 10.383407001 182.95945739746094 124.84123229980469
14.0 10.383407001 195.3919219970703 128.06886291503906
15.0 10.383407001 55.1860237121582 37.45753860473633
16.0 10.383407001 63.11369705200195 35.33278274536133
17.0 10.383407001 161.0858917236328 144.7146759033203
18.0 10.383407001 108.1408462524414 115.86471557617188
19.0 10.383407001 71.26594543457031 105.45632934570312
20.0 10.383407001 192.10520935058594 1676.1534423828125
0.0 10.427472001 2396.9072265625 -345.997314453125
1.0 10.427472001 169.68971252441406 82.33756256103516
2.0 10.427472001 172.0537872314453 35.903160095214844
3.0 10.427472001 176.89016723632812 41.72175979614258
4.0 10.427472001 180.3868865966797 44.8682746887207
5.0 10.427472001 154.17642211914062 23.37709617614746
6.0 10.427472001 174.23748779296875 49.21356201171875
7.0 10.427472001 164.9866943359375 38.99365234375
8.0 10.427472001 154.49887084960938 27.996652603149414
9.0 10.427472001 175.0260009765625 64.7535171508789
10.0 10.427472001 186.7781524658203 103.64692687988281
11.0 10.427472001 59.2509651184082 12.262777328491211
12.0 10.427472001 57.26039123535156 12.70150089263916
13.0 10.427472001 180.52078247070312 130.216064453125
14.0 10.427472001 192.46710205078125 133.3611602783203
15.0 10.427472001 59.11964797973633 32.6827278137207
16.0 10.427472001 66.85221099853516 30.612028121948242
17.0 10.427472001 155.92779541015625 147.34361267089844
18.0 10.427472001 106.09931182861328 114.59500122070312
19.0 10.427472001 69.8903579711914 101.9594955444336
20.0 10.427472001 189.6844024658203 1707.488037109375
0.0 10.471538 2446.9072265625 -345.997314453125
1.0 10.471538 170.71719360351562 86.85323333740234
2.0 10.471538 177.1524200439453 41.36740493774414
3.0 10.471538 181.20848083496094 47.69169998168945
4.0 10.471538 184.2657012939453 50.77731704711914
5.0 10.471538 159.80967712402344 27.188140869140625
6.0 10.471538 177.83316040039062 54.754451751708984
7.0 10.471538 169.84046936035156 43.49666976928711
8.0 10.471538 160.05392456054688 31.731679916381836
9.0 10.471538 177.19505310058594 70.09231567382812
10.0 10.471538 184.3168487548828 110.12398529052734
11.0 10.471538 66.22394561767578 6.749711036682129
12.0 10.471538 64.26355743408203 7.210316181182861
13.0 10.471538 177.6696319580078 136.7943115234375
14.0 10.471538 189.14320373535156 139.9637908935547
15.0 10.471538 65.07207489013672 27.736658096313477
16.0 10.471538 72.68849182128906 25.790851593017578
17.0 10.471538 150.08831787109375 150.3305206298828
18.0 10.471538 104.47469329833984 113.08413696289062
19.0 10.471538 69.38261413574219 98.11312866210938
20.0 10.471538 160.8770294189453 1741.8995361328125
0.0 10.515603 2521.9072265625 -320.997314453125
1.0 10.515603 171.42782592773438 91.14656066894531
2.0 10.515603 181.23928833007812 46.62556457519531
3.0 10.515603 184.58609008789062 53.33512496948242
4.0 10.515603 187.33071899414062 56.320953369140625
5.0 10.515603 164.68560791015625 31.04012107849121
6.0 10.515603 180.68524169921875 59.94735336303711
7.0 10.515603 173.8032684326172 47.99832534790039
8.0 10.515603 164.63742065429688 35.699153900146484
9.0 10.515603 178.69757080078125 74.81561279296875
10.0 10.515603 181.9330596923828 115.6763916015625
11.0 10.515603 72.59762573242188 2.228487730026245
12.0 10.515603 70.73458862304688 2.9492015838623047
13.0 10.515603 174.8455352783203 142.2862091064453
14.0 10.515603 186.2073211669922 145.58961486816406
15.0 10.515603 70.60619354248047 24.291120529174805
16.0 10.515603 78.19376373291016 22.471752166748047
17.0 10.515603 145.23452758789062 152.71559143066406
18.0 10.515603 103.45045471191406 112.19105529785156
19.0 10.515603 69.42515563964844 95.1146240234375
20.0 10.515603 159.90447998046875 1772.75927734375
0.0 10.559668001 2521.9072265625 -320.997314453125
1.0 10.559668001 171.83633422851562 93.46057891845703
2.0 10.559668001 183.5430145263672 49.947269439697266
3.0 10.559668001 186.35415649414062 56.92548370361328
4.0 10.559668001 188.86683654785156 59.781192779541016
5.0 10.559668001 167.91726684570312 33.42665100097656
6.0 10.559668001 182.13714599609375 63.14384460449219
7.0 10.559668001 176.09788513183594 50.78669357299805
8.0 10.559668001 167.438232421875 37.84701919555664
9.0 10.559668001 179.1685028076172 77.6618423461914
10.0 10.559668001 179.59423828125 118.91522216796875
11.0 10.559668001 74.33785247802734 -8.436180114746094
12.0 10.559668001 74.73800659179688 -4.202218532562256
13.0 10.559668001 172.15872192382812 145.3233642578125
14.0 10.559668001 183.57566833496094 148.6909637451172
15.0 10.559668001 74.38959503173828 21.474550247192383
16.0 10.559668001 81.88955688476562 19.676538467407227
17.0 10.559668001 141.28468322753906 153.5952606201172
18.0 10.559668001 102.2684097290039 111.0395278930664
19.0 10.559668001 69.2503890991211 92.28703308105469
20.0 10.559668001 164.9906768798828 1803.787841796875
0.0 10.603734 2471.9072265625 -370.997314453125
1.0 10.603734 171.34530639648438 97.39168548583984
2.0 10.603734 185.72694396972656 54.490474700927734
3.0 10.603734 187.82069396972656 61.746849060058594
4.0 10.603734 190.17330932617188 64.49905395507812
5.0 10.603734 170.78732299804688 37.33238983154297
6.0 10.603734 183.30819702148438 67.4954833984375
7.0 10.603734 178.2017822265625 54.74960708618164
8.0 10.603734 169.92860412597656 40.84748077392578
9.0 10.603734 179.426513671875 81.79316711425781
10.0 10.603734 176.5941619873047 123.02925872802734
11.0 10.603734 54.29785919189453 -35.777976989746094
12.0 10.603734 78.23977661132812 -21.810443878173828
13.0 10.603734 168.7078094482422 149.27114868164062
14.0 10.603734 180.2058868408203 152.73936462402344
15.0 10.603734 78.54891204833984 19.350950241088867
16.0 10.603734 86.05293273925781 17.639217376708984
17.0 10.603734 136.7416229248047 155.01846313476562
18.0 10.603734 100.92527770996094 110.33717346191406
19.0 10.603734 69.02769470214844 89.87957000732422
20.0 10.603734 162.50418090820312 1835.018798828125
0.0 10.647799 2571.9072265625 -333.497314453125
1.0 10.647799 171.3638916015625 101.13427734375
2.0 10.647799 186.83909606933594 58.808563232421875
3.0 10.647799 188.48081970214844 66.25627899169922
4.0 10.647799 190.71734619140625 68.90142822265625
5.0 10.647799 172.3873748779297 41.078773498535156
6.0 10.647799 183.83987426757812 71.63721466064453
7.0 10.647799 179.4033203125 58.79142379760742
8.0 10.647799 171.44471740722656 44.19680404663086
9.0 10.647799 179.23887634277344 85.59031677246094
10.0 10.647799 174.42657470703125 126.91288757324219
11.0 10.647799 53.33295440673828 -66.75022888183594
12.0 10.647799 81.63024139404297 -59.70823287963867
13.0 10.647799 166.33314514160156 153.0109100341797
14.0 10.647799 177.8883514404297 156.516845703125
15.0 10.647799 81.20452880859375 19.48171043395996
16.0 10.647799 88.684326171875 17.793167114257812
17.0 10.647799 133.80551147460938 157.15615844726562
18.0 10.647799 99.87813568115234 111.46160888671875
19.0 10.647799 68.93987274169922 89.6535415649414
20.0 10.647799 156.1691436767578 1867.28955078125
0.0 10.691864 2671.9072265625 -283.497314453125
1.0 10.691864 172.0248260498047 102.81440734863281
2.0 10.691864 187.99822998046875 60.79207229614258
3.0 10.691864 189.474609375 68.29974365234375
4.0 10.691864 191.65115356445312 70.86063385009766
5.0 10.691864 173.8368377685547 43.132972717285156
6.0 10.691864 184.78387451171875 73.54792785644531
7.0 10.691864 180.61888122558594 60.71207809448242
8.0 10.691864 172.98097229003906 45.35927963256836
9.0 10.691864 179.927490234375 87.48217010498047
10.0 10.691864 174.37478637695312 128.67698669433594
11.0 10.691864 53.35319519042969 -98.12423706054688
12.0 10.691864 84.04236602783203 -97.87738800048828
13.0 10.691864 166.17031860351562 154.68104553222656
14.0 10.691864 177.7856903076172 158.24977111816406
15.0 10.691864 83.02037811279297 19.90810203552246
16.0 10.691864 90.47206115722656 18.14889907836914
17.0 10.691864 133.51246643066406 158.3419647216797
18.0 10.691864 100.2032699584961 112.41072082519531
19.0 10.691864 69.64742279052734 89.74433898925781
20.0 10.691864 155.48831176757812 1898.8211669921875
0.0 10.73593 2596.9072265625 -345.997314453125
1.0 10.73593 172.69850158691406 105.1012191772461
2.0 10.73593 188.2708282470703 62.743595123291016
3.0 10.73593 189.78114318847656 70.26105499267578
4.0 10.73593 191.9408721923828 72.77142333984375
5.0 10.73593 174.2834930419922 45.124000549316406
6.0 10.73593 185.2062530517578 75.50743103027344
7.0 10.73593 180.91075134277344 62.771854400634766
8.0 10.73593 173.45042419433594 46.70059585571289
9.0 10.73593 180.22808837890625 89.31858825683594
10.0 10.73593 174.93624877929688 130.6598663330078
11.0 10.73593 51.978485107421875 -128.5990447998047
12.0 10.73593 88.82861328125 -130.62013244628906
13.0 10.73593 166.8121795654297 156.83070373535156
14.0 10.73593 178.34457397460938 160.3527374267578
15.0 10.73593 83.27972412109375 22.19568634033203
16.0 10.73593 90.64712524414062 20.29817771911621
17.0 10.73593 134.36643981933594 160.61053466796875
18.0 10.73593 100.50069427490234 115.04740905761719
19.0 10.73593 70.10399627685547 91.94548034667969
20.0 10.73593 156.14523315429688 1929.8536376953125
0.0 10.779995 2621.9072265625 -345.997314453125
1.0 10.779995 173.86746215820312 104.67491912841797
2.0 10.779995 188.43441772460938 62.154598236083984
3.0 10.779995 190.2303924560547 69.58091735839844
4.0 10.779995 192.36746215820312 72.05353546142578
5.0 10.779995 174.28363037109375 44.64117431640625
6.0 10.779995 185.67092895507812 74.96094512939453
7.0 10.779995 181.1010284423828 62.41093444824219
8.0 10.779995 174.145751953125 45.200496673583984
9.0 10.779995 180.7420654296875 88.72045135498047
10.0 10.779995 176.8306427001953 130.29806518554688
11.0 10.779995 50.520111083984375 -160.00318908691406
12.0 10.779995 149.5625762939453 -165.46661376953125
13.0 10.779995 168.89346313476562 156.64483642578125
14.0 10.779995 180.3476104736328 160.00460815429688
15.0 10.779995 82.65879821777344 23.749353408813477
16.0 10.779995 89.9388198852539 21.65332794189453
17.0 10.779995 136.9769744873047 161.4132843017578
18.0 10.779995 101.61418151855469 116.64610290527344
19.0 10.779995 70.86953735351562 93.4080581665039
20.0 10.779995 157.01986694335938 1961.63232421875
0.0 10.824061001 2646.9072265625 -345.997314453125
1.0 10.824061001 174.48638916015625 105.13540649414062
2.0 10.824061001 187.96768188476562 62.20374298095703
3.0 10.824061001 190.06442260742188 69.53993225097656
4.0 10.824061001 192.1932373046875 71.95576477050781
5.0 10.824061001 173.3992156982422 44.8130989074707
6.0 10.824061001 185.6282501220703 75.08370971679688
7.0 10.824061001 180.720703125 62.762229919433594
8.0 10.824061001 173.11978149414062 45.49855041503906
9.0 10.824061001 180.80825805664062 88.82613372802734
10.0 10.824061001 178.48800659179688 130.53968811035156
11.0 10.824061001 53.03932189941406 -190.4313201904297
12.0 10.824061001 148.8071746826172 -196.4836883544922
13.0 10.824061001 170.64260864257812 157.07240295410156
14.0 10.824061001 182.02513122558594 160.4036407470703
15.0 10.824061001 81.42170715332031 26.394001007080078
16.0 10.824061001 88.61412048339844 24.119142532348633
17.0 10.824061001 139.42491149902344 162.95501708984375
18.0 10.824061001 102.34136962890625 119.18267059326172
19.0 10.824061001 71.18869018554688 95.99054718017578
20.0 10.824061001 158.65757751464844 1992.436767578125
