0.0 21.390900999 198.0 25.0
1.0 21.390900999 196.0 29.0
2.0 21.390900999 198.0 36.0
3.0 21.390900999 231.0 70.0
4.0 21.390900999 100.0 108.0
5.0 21.390900999 171.0 122.0
6.0 21.390900999 112.0 124.0
7.0 21.390900999 93.0 127.0
8.0 21.390900999 176.0 134.0
9.0 21.390900999 135.0 153.0
0.0 21.434965999 184.00807189941406 25.121349334716797
1.0 21.434965999 182.04200744628906 28.97920799255371
2.0 21.434965999 183.88548278808594 35.77656936645508
3.0 21.434965999 217.8013153076172 69.19973754882812
4.0 21.434965999 87.85810089111328 107.46607208251953
5.0 21.434965999 157.61842346191406 120.54876708984375
6.0 21.434965999 99.6558837890625 123.11978149414062
7.0 21.434965999 81.10932159423828 126.3193130493164
8.0 21.434965999 162.5687255859375 132.2584228515625
9.0 21.434965999 122.58783721923828 151.34310913085938
0.0 21.479030999 174.5905303955078 25.253137588500977
1.0 21.479030999 172.63243103027344 29.04041290283203
2.0 21.479030999 174.37266540527344 35.70079040527344
3.0 21.479030999 207.9597625732422 68.57852172851562
4.0 21.479030999 79.69287872314453 106.15877532958984
5.0 21.479030999 148.02761840820312 118.89808654785156
6.0 21.479030999 91.28072357177734 121.6075439453125
7.0 21.479030999 73.01018524169922 124.8506088256836
8.0 21.479030999 152.94566345214844 130.3976593017578
9.0 21.479030999 113.80529022216797 149.31817626953125
0.0 21.523097 169.91810607910156 26.980998992919922
1.0 21.523097 167.92129516601562 30.70427131652832
2.0 21.523097 169.49102783203125 37.213863372802734
3.0 21.523097 201.89210510253906 70.4393310546875
4.0 21.523097 74.64009094238281 104.43621826171875
5.0 21.523097 141.3143310546875 118.41346740722656
6.0 21.523097 85.7885513305664 119.80741882324219
7.0 21.523097 67.77094268798828 122.8818588256836
8.0 21.523097 146.05369567871094 129.71707153320312
9.0 21.523097 107.39584350585938 147.69961547851562
0.0 21.567162 167.5386505126953 28.617734909057617
1.0 21.567162 165.55113220214844 32.326637268066406
2.0 21.567162 167.013916015625 38.73819351196289
3.0 21.567162 198.0634307861328 72.28250885009766
4.0 21.567162 71.77400207519531 102.5031509399414
5.0 21.567162 136.8979949951172 117.77238464355469
6.0 21.567162 82.49272155761719 117.77449035644531
7.0 21.567162 64.72975158691406 120.62295532226562
8.0 21.567162 141.52706909179688 128.9161834716797
9.0 21.567162 103.2335433959961 145.94198608398438
0.0 21.611226999 162.71066284179688 30.11182975769043
1.0 21.611226999 160.71533203125 33.700260162353516
2.0 21.611226999 162.03843688964844 39.95893859863281
3.0 21.611226999 192.21365356445312 73.43560791015625
4.0 21.611226999 67.3463363647461 101.50517272949219
5.0 21.611226999 131.16195678710938 117.2902603149414
6.0 21.611226999 77.89552307128906 116.69139099121094
7.0 21.611226999 60.192867279052734 119.44205474853516
8.0 21.611226999 135.72686767578125 128.26638793945312
9.0 21.611226999 97.91593933105469 144.81410217285156
0.0 21.655293 157.94764709472656 30.379140853881836
1.0 21.655293 155.9993438720703 33.91375732421875
2.0 21.655293 157.2255401611328 40.00267791748047
3.0 21.655293 186.64111328125 73.27780151367188
4.0 21.655293 63.31309127807617 99.71772003173828
5.0 21.655293 126.0034408569336 115.75244140625
6.0 21.655293 73.68453979492188 114.7989730834961
7.0 21.655293 56.09121322631836 117.52471923828125
8.0 21.655293 130.504150390625 126.56442260742188
9.0 21.655293 93.24849700927734 142.7579345703125
0.0 21.699358 153.65696716308594 30.61113739013672
1.0 21.699358 151.72071838378906 34.13176345825195
2.0 21.699358 152.82655334472656 40.073463439941406
3.0 21.699358 181.0994873046875 73.34580993652344
4.0 21.699358 59.0242919921875 97.17739868164062
5.0 21.699358 120.56916046142578 113.96125793457031
6.0 21.699358 69.30477905273438 112.33757019042969
7.0 21.699358 51.61614227294922 114.89605712890625
8.0 21.699358 125.04166412353516 124.69063568115234
9.0 21.699358 88.124267578125 140.3662872314453
0.0 21.743423 151.1293487548828 29.467687606811523
1.0 21.743423 149.2709503173828 32.92186737060547
2.0 21.743423 150.3407745361328 38.75225067138672
3.0 21.743423 178.06748962402344 71.67906951904297
4.0 21.743423 57.47994613647461 94.56378936767578
5.0 21.743423 118.29263305664062 111.263916015625
6.0 21.743423 67.61356353759766 109.58828735351562
7.0 21.743423 50.02981948852539 112.23531341552734
8.0 21.743423 122.70025634765625 121.89569091796875
9.0 21.743423 86.26879119873047 137.4579315185547
0.0 21.787489 149.22274780273438 23.79493522644043
1.0 21.787489 147.35581970214844 27.2584171295166
2.0 21.787489 148.41476440429688 33.019371032714844
3.0 21.787489 176.03477478027344 65.23162078857422
4.0 21.787489 56.993106842041016 88.56752014160156
5.0 21.787489 117.4948501586914 104.42735290527344
6.0 21.787489 67.12676239013672 103.48380279541016
7.0 21.787489 49.58314895629883 106.32965850830078
8.0 21.787489 121.86036682128906 114.97698211669922
9.0 21.787489 85.88031005859375 130.84872436523438
0.0 21.831554 151.2674102783203 16.890060424804688
1.0 21.831554 149.4432830810547 20.3355655670166
2.0 21.831554 150.48373413085938 26.009126663208008
3.0 21.831554 178.50540161132812 57.43452835083008
4.0 21.831554 60.93675994873047 82.29713439941406
5.0 21.831554 121.60209655761719 96.88613891601562
6.0 21.831554 71.2703628540039 97.02314758300781
7.0 21.831554 53.47649002075195 100.32926177978516
8.0 21.831554 126.00325012207031 107.283203125
9.0 21.831554 90.35880279541016 123.76569366455078
0.0 21.875619999 154.4609375 13.740386009216309
1.0 21.875619999 152.66819763183594 17.170347213745117
2.0 21.875619999 153.70193481445312 22.827899932861328
3.0 21.875619999 181.54624938964844 53.943687438964844
4.0 21.875619999 64.96874237060547 78.78153991699219
5.0 21.875619999 125.666015625 93.08943939208984
6.0 21.875619999 75.44718933105469 93.5628662109375
7.0 21.875619999 57.4544677734375 96.85928344726562
8.0 21.875619999 130.07276916503906 103.44718170166016
9.0 21.875619999 94.57249450683594 120.0040283203125
0.0 21.919685 156.77052307128906 13.585288047790527
1.0 21.919685 155.00119018554688 17.003551483154297
2.0 21.919685 156.01914978027344 22.648012161254883
3.0 21.919685 183.57102966308594 53.76008224487305
4.0 21.919685 67.59173583984375 78.05168151855469
5.0 21.919685 128.3340606689453 92.48831939697266
6.0 21.919685 78.22904968261719 92.93940734863281
7.0 21.919685 60.03514862060547 96.23478698730469
8.0 21.919685 132.76805114746094 102.85794830322266
9.0 21.919685 97.32321166992188 119.37537384033203
0.0 21.96375 159.94378662109375 12.582873344421387
1.0 21.96375 158.2065887451172 16.01245880126953
2.0 21.96375 159.20272827148438 21.64171600341797
3.0 21.96375 186.64732360839844 52.75984191894531
4.0 21.96375 71.18756103515625 76.94056701660156
5.0 21.96375 132.13182067871094 91.36457824707031
6.0 21.96375 81.97103881835938 91.9508285522461
7.0 21.96375 63.4827995300293 95.32977294921875
8.0 21.96375 136.60047912597656 101.74188232421875
9.0 21.96375 101.17227935791016 118.38809967041016
0.0 22.007815999 164.6119842529297 12.998677253723145
1.0 22.007815999 162.88551330566406 16.447986602783203
2.0 22.007815999 163.9230499267578 22.151113510131836
3.0 22.007815999 191.2183837890625 53.29609680175781
4.0 22.007815999 76.14630126953125 77.3984146118164
5.0 22.007815999 137.37313842773438 91.93038940429688
6.0 22.007815999 87.11869812011719 92.5650634765625
7.0 22.007815999 68.33773040771484 95.95809173583984
8.0 22.007815999 141.9067840576172 102.39024353027344
9.0 22.007815999 106.43299102783203 119.11866760253906
0.0 22.051880999 170.42767333984375 16.45224952697754
1.0 22.051880999 168.71505737304688 19.92848777770996
2.0 22.051880999 169.72894287109375 25.691787719726562
3.0 22.051880999 196.36341857910156 57.41332244873047
4.0 22.051880999 81.31204986572266 79.9478530883789
5.0 22.051880999 142.59669494628906 95.53236389160156
6.0 22.051880999 92.35292053222656 95.39594268798828
7.0 22.051880999 73.32044982910156 98.60308837890625
8.0 22.051880999 147.19129943847656 106.04582977294922
9.0 22.051880999 111.51859283447266 122.45376586914062
0.0 22.095945999 177.0680694580078 21.52147102355957
1.0 22.095945999 175.39297485351562 25.02281379699707
2.0 22.095945999 176.37977600097656 30.808748245239258
3.0 22.095945999 202.0045623779297 63.43194580078125
4.0 22.095945999 86.73461151123047 83.55244445800781
5.0 22.095945999 147.9558563232422 100.6463394165039
6.0 22.095945999 97.77364349365234 99.32278442382812
7.0 22.095945999 78.43099212646484 102.27360534667969
8.0 22.095945999 152.51467895507812 111.22608947753906
9.0 22.095945999 116.5661849975586 127.14466857910156
0.0 22.140011999 183.0780029296875 27.706974029541016
1.0 22.140011999 181.3527374267578 31.270734786987305
2.0 22.140011999 182.29383850097656 37.18610763549805
3.0 22.140011999 206.3763427734375 70.8482437133789
4.0 22.140011999 90.72502899169922 87.33036804199219
5.0 22.140011999 151.5513916015625 106.5965576171875
6.0 22.140011999 101.64557647705078 103.57532501220703
7.0 22.140011999 81.86254119873047 106.1999282836914
8.0 22.140011999 156.05447387695312 117.26213073730469
9.0 22.140011999 119.68572998046875 132.4059295654297
0.0 22.184076999 188.17379760742188 33.9344482421875
1.0 22.184076999 186.35569763183594 37.53571701049805
2.0 22.184076999 187.24020385742188 43.576927185058594
3.0 22.184076999 209.20526123046875 78.5859375
4.0 22.184076999 92.96258544921875 89.93547821044922
5.0 22.184076999 153.052490234375 112.05384826660156
6.0 22.184076999 103.65760040283203 106.67991638183594
7.0 22.184076999 83.47846221923828 108.72371673583984
8.0 22.184076999 157.45025634765625 122.75898742675781
9.0 22.184076999 120.55458068847656 136.744384765625
0.0 22.228141999 193.8638458251953 37.704586029052734
1.0 22.228141999 191.9444122314453 41.355098724365234
2.0 22.228141999 192.84255981445312 47.529319763183594
3.0 22.228141999 213.09169006347656 83.55665588378906
4.0 22.228141999 96.75518798828125 91.30220031738281
5.0 22.228141999 156.24566650390625 115.39823913574219
6.0 22.228141999 107.31178283691406 108.44891357421875
7.0 22.228141999 86.67239379882812 110.13150024414062
8.0 22.228141999 160.59259033203125 126.06920623779297
9.0 22.228141999 123.27678680419922 139.31468200683594
0.0 22.272207999 201.44032287597656 42.23707962036133
1.0 22.272207999 199.40090942382812 45.91099548339844
2.0 22.272207999 200.232421875 52.31774139404297
3.0 22.272207999 218.0176239013672 89.40355682373047
4.0 22.272207999 101.66751861572266 92.16888427734375
5.0 22.272207999 160.06219482421875 118.86579895019531
6.0 22.272207999 111.95008087158203 109.79167938232422
7.0 22.272207999 90.95808410644531 110.8074722290039
8.0 22.272207999 164.31678771972656 129.5835418701172
9.0 22.272207999 126.51827239990234 141.64454650878906
0.0 22.316272999 148.42965698242188 49.42698287963867
1.0 22.316272999 207.36326599121094 54.419097900390625
2.0 22.316272999 208.0351104736328 60.948486328125
3.0 22.316272999 223.26023864746094 99.04740905761719
4.0 22.316272999 107.15664672851562 96.4158706665039
5.0 22.316272999 164.11158752441406 125.94094848632812
6.0 22.316272999 117.02574157714844 114.563232421875
7.0 22.316272999 95.76485443115234 114.85669708251953
8.0 22.316272999 168.21726989746094 136.74119567871094
9.0 22.316272999 129.9883270263672 147.3539581298828
0.0 22.360339 156.50216674804688 52.559051513671875
1.0 22.360339 214.9717559814453 60.9580078125
2.0 22.360339 215.54856872558594 67.75035858154297
3.0 22.360339 227.3800506591797 106.59318542480469
4.0 22.360339 111.95683288574219 97.69355773925781
5.0 22.360339 167.07867431640625 130.2218475341797
6.0 22.360339 121.29566955566406 116.40149688720703
7.0 22.360339 99.7301254272461 115.89422607421875
8.0 22.360339 170.98504638671875 141.04725646972656
9.0 22.360339 132.2362518310547 150.05490112304688
0.0 22.404403999 159.32415771484375 61.64778137207031
1.0 22.404403999 217.47720336914062 71.41313171386719
2.0 22.404403999 217.88661193847656 78.34797668457031
3.0 22.404403999 227.89747619628906 117.37559509277344
4.0 22.404403999 113.02845764160156 106.01922607421875
5.0 22.404403999 166.95188903808594 139.8912811279297
6.0 22.404403999 122.01370239257812 125.15595245361328
7.0 22.404403999 100.44984436035156 124.21939086914062
8.0 22.404403999 170.76060485839844 150.65609741210938
9.0 22.404403999 131.97512817382812 159.0135955810547
0.0 22.448468999 158.43801879882812 69.81988525390625
1.0 22.448468999 216.4799346923828 79.93302154541016
2.0 22.448468999 216.7769775390625 86.90373229980469
3.0 22.448468999 225.78311157226562 125.95736694335938
4.0 22.448468999 111.04553985595703 114.0657730102539
5.0 22.448468999 164.50941467285156 148.3225555419922
6.0 22.448468999 119.89269256591797 133.39532470703125
7.0 22.448468999 98.078857421875 132.2088165283203
8.0 22.448468999 168.21348571777344 158.93096923828125
9.0 22.448468999 129.1341094970703 167.08734130859375
0.0 22.492535 157.1262664794922 77.4507827758789
1.0 22.492535 215.12350463867188 87.82081604003906
2.0 22.492535 215.3258514404297 94.81851196289062
3.0 22.492535 223.46510314941406 133.84701538085938
4.0 22.492535 108.66973114013672 121.51002502441406
5.0 22.492535 161.6837158203125 156.03268432617188
6.0 22.492535 117.4505386352539 141.0426788330078
7.0 22.492535 95.35430145263672 139.61952209472656
8.0 22.492535 165.350830078125 166.54078674316406
9.0 22.492535 126.04611206054688 174.50791931152344
0.0 22.5366 157.5647735595703 81.09172821044922
1.0 22.5366 215.64324951171875 91.83914184570312
2.0 22.5366 215.75784301757812 98.91979217529297
3.0 22.5366 223.09329223632812 137.95175170898438
4.0 22.5366 108.15862274169922 125.12413024902344
5.0 22.5366 160.89041137695312 159.88624572753906
6.0 22.5366 116.92853546142578 144.763427734375
7.0 22.5366 94.51974487304688 143.1512451171875
8.0 22.5366 164.49464416503906 170.29754638671875
9.0 22.5366 125.27389526367188 179.7294464111328
0.0 22.580665 158.91864013671875 80.66354370117188
1.0 22.580665 217.22116088867188 91.76335906982422
2.0 22.580665 217.27857971191406 98.98040771484375
3.0 22.580665 223.9185333251953 138.08328247070312
4.0 22.580665 108.6338119506836 124.89411926269531
5.0 22.580665 161.42579650878906 159.8621063232422
6.0 22.580665 117.4435043334961 144.70706176757812
7.0 22.580665 94.69216918945312 142.9461212158203
8.0 22.580665 164.98870849609375 170.16891479492188
9.0 22.580665 137.31048583984375 183.16302490234375
0.0 22.624731 160.7721710205078 78.35883331298828
1.0 22.624731 219.33682250976562 89.84134674072266
2.0 22.624731 219.34292602539062 97.20030212402344
3.0 22.624731 225.39537048339844 136.3713836669922
4.0 22.624731 109.75064849853516 122.842529296875
5.0 22.624731 162.52108764648438 158.0179443359375
6.0 22.624731 118.54810333251953 142.8622283935547
7.0 22.624731 95.49466705322266 141.01473999023438
8.0 22.624731 166.0299530029297 168.3155517578125
9.0 22.624731 45.865936279296875 184.89048767089844
0.0 22.668796 164.42642211914062 74.72933959960938
1.0 22.668796 222.6786346435547 88.94348907470703
2.0 22.668796 222.61453247070312 96.53231048583984
3.0 22.668796 226.17478942871094 136.01742553710938
4.0 22.668796 110.79486083984375 117.53744506835938
5.0 22.668796 162.2730712890625 154.81703186035156
6.0 22.668796 119.16182708740234 137.9858856201172
7.0 22.668796 95.97232818603516 135.45565795898438
8.0 22.668796 165.72213745117188 165.0968780517578
9.0 22.668796 5.119762420654297 205.2434539794922
0.0 22.712862 169.2988739013672 72.7466812133789
1.0 22.712862 226.9400634765625 90.43987274169922
2.0 22.712862 226.7552490234375 98.21393585205078
3.0 22.712862 227.3636932373047 137.6779022216797
4.0 22.712862 112.81124877929688 113.0949935913086
5.0 22.712862 162.511474609375 153.0181884765625
6.0 22.712862 120.56465148925781 133.98387145996094
7.0 22.712862 97.24727630615234 130.73104858398438
8.0 22.712862 165.8361358642578 163.2073516845703
9.0 22.712862 -39.242828369140625 229.8786163330078
0.0 22.756927 173.57876586914062 68.83438873291016
1.0 22.756927 230.81483459472656 88.70132446289062
2.0 22.756927 230.49591064453125 96.6490478515625
3.0 22.756927 229.36695861816406 136.2228546142578
4.0 22.756927 115.29756164550781 107.69298553466797
5.0 22.756927 163.99908447265625 149.2300567626953
6.0 22.756927 122.67951202392578 128.88760375976562
7.0 22.756927 99.20719146728516 125.21246337890625
8.0 22.756927 167.23110961914062 159.44415283203125
9.0 22.756927 -64.24282836914062 329.87860107421875
0.0 22.800992 176.86544799804688 61.57679748535156
1.0 22.800992 234.2053680419922 82.84861755371094
2.0 22.800992 233.7390594482422 91.07233428955078
3.0 22.800992 231.78611755371094 130.45172119140625
4.0 22.800992 117.64940643310547 99.90351867675781
5.0 22.800992 166.1864013671875 142.36416625976562
6.0 22.800992 124.90664672851562 121.50115203857422
7.0 22.800992 101.17291259765625 117.51150512695312
8.0 22.800992 169.38491821289062 152.5731201171875
9.0 22.800992 -114.24282836914062 379.87860107421875
0.0 22.845057999 178.22293090820312 55.47126770019531
1.0 22.845057999 235.55477905273438 77.9438705444336
2.0 22.845057999 235.53045654296875 86.58163452148438
3.0 22.845057999 232.40293884277344 125.99763488769531
4.0 22.845057999 117.95189666748047 93.05655670166016
5.0 22.845057999 166.2652130126953 136.57821655273438
6.0 22.845057999 125.11695861816406 115.11196899414062
7.0 22.845057999 101.05782318115234 110.67304229736328
8.0 22.845057999 169.48138427734375 146.74649047851562
9.0 22.845057999 1.757171630859375 495.87860107421875
0.0 22.889122999 180.53970336914062 49.482994079589844
1.0 22.889122999 238.40855407714844 72.05419158935547
2.0 22.889122999 239.66439819335938 81.62310791015625
3.0 22.889122999 235.4304962158203 120.3796615600586
4.0 22.889122999 120.16947937011719 87.21440124511719
5.0 22.889122999 168.89425659179688 131.099853515625
6.0 22.889122999 127.34952545166016 109.55926513671875
7.0 22.889122999 102.94100952148438 105.12126159667969
8.0 22.889122999 172.0374298095703 141.31558227539062
9.0 22.889122999 -44.74879837036133 517.991943359375
0.0 22.933188 182.6453857421875 41.57310104370117
1.0 22.933188 240.91209411621094 66.66468811035156
2.0 22.933188 266.18072509765625 77.44677734375
3.0 22.933188 239.5221710205078 173.01416015625
4.0 22.933188 122.09040832519531 79.30680847167969
5.0 22.933188 171.32330322265625 123.70966339111328
6.0 22.933188 129.34686279296875 102.00257873535156
7.0 22.933188 104.59415435791016 97.38823699951172
8.0 22.933188 174.46072387695312 133.91595458984375
9.0 22.933188 -194.74879455566406 417.991943359375
0.0 22.977253999 184.4966278076172 38.3204460144043
1.0 22.977253999 242.92843627929688 63.591156005859375
2.0 22.977253999 294.8054504394531 73.78101348876953
3.0 22.977253999 263.6195068359375 195.6079559326172
4.0 22.977253999 124.161865234375 76.32206726074219
5.0 22.977253999 173.8870086669922 120.91524505615234
6.0 22.977253999 131.5060577392578 99.24002075195312
7.0 22.977253999 106.46426391601562 94.57904815673828
8.0 22.977253999 177.05072021484375 131.06907653808594
9.0 22.977253999 -319.748779296875 342.991943359375
0.0 23.021318999 185.382568359375 38.631011962890625
1.0 23.021318999 245.22767639160156 60.875144958496094
2.0 23.021318999 320.337890625 73.05693817138672
3.0 23.021318999 263.6195068359375 195.6079559326172
4.0 23.021318999 125.8348617553711 77.43708801269531
5.0 23.021318999 176.30514526367188 121.79327392578125
6.0 23.021318999 133.4129180908203 100.5941162109375
7.0 23.021318999 108.06317901611328 95.8458480834961
8.0 23.021318999 179.5119171142578 131.99661254882812
9.0 23.021318999 -519.748779296875 342.991943359375
0.0 23.065383999 186.8596649169922 41.37015914916992
1.0 23.065383999 306.61322021484375 42.68661880493164
2.0 23.065383999 333.8699645996094 20.147754669189453
3.0 23.065383999 367.6195068359375 187.6079559326172
4.0 23.065383999 129.12844848632812 81.85759735107422
5.0 23.065383999 180.77938842773438 124.96205139160156
6.0 23.065383999 137.10533142089844 104.9927749633789
7.0 23.065383999 111.64059448242188 100.53334045410156
8.0 23.065383999 184.03575134277344 135.30841064453125
9.0 23.065383999 -469.748779296875 467.991943359375
0.0 23.109449999 185.94288635253906 41.98647689819336
1.0 23.109449999 332.94854736328125 40.5151252746582
2.0 23.109449999 360.1103820800781 18.79788589477539
3.0 23.109449999 231.6195068359375 323.60797119140625
4.0 23.109449999 131.0738067626953 85.02197265625
5.0 23.109449999 184.53346252441406 125.86201477050781
6.0 23.109449999 139.68365478515625 107.97322845458984
7.0 23.109449999 113.99955749511719 104.08121490478516
8.0 23.109449999 187.91236877441406 136.28150939941406
9.0 23.109449999 -469.748779296875 567.991943359375
0.0 23.153514999 184.19859313964844 40.448909759521484
1.0 23.153514999 354.57550048828125 33.06875228881836
2.0 23.153514999 380.4751892089844 8.482242584228516
3.0 23.153514999 288.7712097167969 333.8962097167969
4.0 23.153514999 132.4222412109375 85.56961059570312
5.0 23.153514999 187.6293182373047 124.04239654541016
6.0 23.153514999 141.66172790527344 108.24191284179688
7.0 23.153514999 115.80286407470703 104.9903335571289
8.0 23.153514999 191.09329223632812 134.5214385986328
9.0 23.153514999 -494.748779296875 617.991943359375
0.0 23.197580999 182.8849334716797 33.24171447753906
1.0 23.197580999 377.7907409667969 24.346397399902344
2.0 23.197580999 407.3932189941406 -24.989938735961914
3.0 23.197580999 413.7712097167969 333.8962097167969
4.0 23.197580999 134.82557678222656 80.3150405883789
5.0 23.197580999 191.77398681640625 116.14069366455078
6.0 23.197580999 144.7697296142578 102.60436248779297
7.0 23.197580999 118.78895568847656 100.26213836669922
8.0 23.197580999 195.38748168945312 126.63104248046875
9.0 23.197580999 -344.748779296875 767.991943359375
0.0 23.241645999 183.39382934570312 29.206823348999023
1.0 23.241645999 408.28472900390625 23.87353515625
2.0 23.241645999 432.3932189941406 -24.989938735961914
3.0 23.241645999 233.77120971679688 517.896240234375
4.0 23.241645999 138.39981079101562 77.39432525634766
5.0 23.241645999 196.48081970214844 111.01487731933594
6.0 23.241645999 148.86517333984375 99.43336486816406
7.0 23.241645999 122.78868103027344 97.55901336669922
8.0 23.241645999 200.20877075195312 121.72731018066406
9.0 23.241645999 -344.748779296875 767.991943359375
0.0 23.285710999 185.6949005126953 26.880475997924805
1.0 23.285710999 437.29486083984375 23.720748901367188
2.0 23.285710999 482.3932189941406 -24.989938735961914
3.0 23.285710999 291.1646728515625 529.1071166992188
4.0 23.285710999 144.7647705078125 76.62284088134766
5.0 23.285710999 204.1116180419922 107.2994384765625
6.0 23.285710999 155.8922882080078 98.17896270751953
7.0 23.285710999 129.807373046875 97.01904296875
8.0 23.285710999 207.9958953857422 118.20429229736328
9.0 23.285710999 -294.748779296875 867.991943359375
0.0 23.329777 185.7669677734375 22.387435913085938
1.0 23.329777 457.455322265625 11.833816528320312
2.0 23.329777 566.3931884765625 -2.489938735961914
3.0 23.329777 744.1646728515625 152.10711669921875
4.0 23.329777 149.79281616210938 74.06336212158203
5.0 23.329777 210.8019256591797 100.73587036132812
6.0 23.329777 161.81307983398438 95.14993286132812
7.0 23.329777 135.64918518066406 94.95951080322266
8.0 23.329777 214.9864959716797 111.97804260253906
9.0 23.329777 -444.748779296875 717.991943359375
0.0 23.373842 180.10308837890625 17.855676651000977
1.0 23.373842 471.0964660644531 -117.47756958007812
2.0 23.373842 593.2423095703125 -26.84124755859375
3.0 23.373842 792.5582275390625 156.33033752441406
4.0 23.373842 149.2976837158203 71.4462661743164
5.0 23.373842 212.0746307373047 93.51715850830078
6.0 23.373842 162.24465942382812 91.94876861572266
7.0 23.373842 136.2238006591797 92.76628875732422
8.0 23.373842 216.57518005371094 104.90972900390625
9.0 23.373842 -469.748779296875 742.991943359375
0.0 23.417907 177.2630615234375 17.282169342041016
1.0 23.417907 433.5964660644531 -142.47756958007812
2.0 23.417907 555.7423095703125 -51.84124755859375
3.0 23.417907 820.0087890625 151.04930114746094
4.0 23.417907 152.42568969726562 72.84136962890625
5.0 23.417907 216.91407775878906 89.43148040771484
6.0 23.417907 166.36415100097656 92.51116180419922
7.0 23.417907 140.4810791015625 94.67605590820312
8.0 23.417907 221.8339080810547 101.07315063476562
9.0 23.417907 -569.748779296875 442.991943359375
0.0 23.461973 168.3101348876953 11.422847747802734
1.0 23.461973 233.59646606445312 -38.477569580078125
2.0 23.461973 359.7423095703125 208.15875244140625
3.0 23.461973 847.8342895507812 142.24557495117188
4.0 23.461973 148.39427185058594 67.98607635498047
5.0 23.461973 214.16021728515625 79.98259735107422
6.0 23.461973 163.14195251464844 87.01344299316406
7.0 23.461973 137.36196899414062 90.2809066772461
8.0 23.461973 219.45924377441406 91.72502136230469
9.0 23.461973 -719.748779296875 442.991943359375
0.0 23.506038 162.56544494628906 11.12523365020752
1.0 23.506038 90.98758697509766 -183.58316040039062
2.0 23.506038 347.2423095703125 283.15875244140625
3.0 23.506038 874.8477783203125 141.9748077392578
4.0 23.506038 147.3341827392578 68.53620910644531
5.0 23.506038 213.93832397460938 76.00852966308594
6.0 23.506038 162.7191162109375 86.84777069091797
7.0 23.506038 137.13272094726562 91.27471923828125
8.0 23.506038 219.68568420410156 87.86674499511719
9.0 23.506038 -819.748779296875 442.991943359375
0.0 23.550103 148.96951293945312 11.385063171386719
1.0 23.550103 90.7358627319336 -213.96994018554688
2.0 23.550103 503.2423095703125 171.15875244140625
3.0 23.550103 900.6665649414062 141.05654907226562
4.0 23.550103 138.3226776123047 69.33992004394531
5.0 23.550103 205.68592834472656 71.75228118896484
6.0 23.550103 154.52667236328125 86.8355941772461
7.0 23.550103 129.15261840820312 92.35157775878906
8.0 23.550103 211.82736206054688 83.51775360107422
9.0 23.550103 -944.748779296875 417.991943359375
0.0 23.594169 141.9528350830078 9.595633506774902
1.0 23.594169 90.02014923095703 -245.0829315185547
2.0 23.594169 525.9545288085938 190.1682891845703
3.0 23.594169 926.29443359375 147.10594177246094
4.0 23.594169 135.83587646484375 67.64307403564453
5.0 23.594169 203.3206329345703 65.4897232055664
6.0 23.594169 152.43115234375 84.4835433959961
7.0 23.594169 127.61160278320312 91.10914611816406
8.0 23.594169 209.81288146972656 77.30892944335938
9.0 23.594169 -969.748779296875 430.491943359375
0.0 23.638234 137.6473846435547 11.936153411865234
1.0 23.638234 89.1723861694336 -275.3529968261719
2.0 23.638234 553.9545288085938 172.1682891845703
3.0 23.638234 953.27099609375 147.72044372558594
4.0 23.638234 134.65341186523438 69.77903747558594
5.0 23.638234 201.9243621826172 64.40833282470703
6.0 23.638234 151.5426788330078 86.07797241210938
7.0 23.638234 127.0323257446289 93.52326202392578
8.0 23.638234 208.78317260742188 76.27162170410156
9.0 23.638234 -969.748779296875 492.991943359375
0.0 23.682299999 136.51731872558594 10.500012397766113
1.0 23.682299999 90.29459381103516 -306.15765380859375
2.0 23.682299999 575.4364013671875 211.79478454589844
3.0 23.682299999 979.3453979492188 149.10708618164062
4.0 23.682299999 135.28407287597656 67.86526489257812
5.0 23.682299999 202.3577117919922 60.71242141723633
6.0 23.682299999 152.39454650878906 83.89177703857422
7.0 23.682299999 128.1113739013672 91.83798217773438
8.0 23.682299999 209.49725341796875 72.64143371582031
9.0 23.682299999 -994.748779296875 542.991943359375
0.0 23.726365 136.42410278320312 10.723987579345703
1.0 23.726365 90.66153717041016 -336.54559326171875
2.0 23.726365 646.4364013671875 180.29478454589844
3.0 23.726365 1006.9734497070312 146.53237915039062
4.0 23.726365 135.56495666503906 67.6728515625
5.0 23.726365 202.44320678710938 60.034698486328125
6.0 23.726365 152.70925903320312 83.62264251708984
7.0 23.726365 128.58084106445312 91.68505859375
8.0 23.726365 209.72335815429688 71.91040802001953
9.0 23.726365 -1044.748779296875 567.991943359375
0.0 23.77043 135.44955444335938 12.57806396484375
1.0 23.77043 92.2918472290039 -367.2015686035156
2.0 23.77043 667.3685913085938 225.47747802734375
3.0 23.77043 1033.72119140625 147.15371704101562
4.0 23.77043 133.7858123779297 69.24015045166016
5.0 23.77043 200.48841857910156 62.21122741699219
6.0 23.77043 150.70497131347656 85.22756958007812
7.0 23.77043 126.62753295898438 93.22938537597656
8.0 23.77043 207.8081512451172 74.12915802001953
9.0 23.77043 -844.748779296875 867.991943359375
0.0 23.814495999 132.26414489746094 16.039016723632812
1.0 23.814495999 92.0450668334961 -397.3753967285156
2.0 23.814495999 719.3685913085938 171.47747802734375
3.0 23.814495999 1061.683837890625 146.53517150878906
4.0 23.814495999 131.15084838867188 72.50529479980469
5.0 23.814495999 197.45907592773438 64.62818145751953
6.0 23.814495999 147.98397827148438 88.33094787597656
7.0 23.814495999 124.19174194335938 96.59033966064453
8.0 23.814495999 204.94200134277344 76.48971557617188
9.0 23.814495999 -844.748779296875 942.991943359375
0.0 23.858560999 130.46820068359375 18.073259353637695
1.0 23.858560999 92.56916046142578 -427.5561828613281
2.0 23.858560999 748.4983520507812 211.68064880371094
3.0 23.858560999 1087.410400390625 152.2107696533203
4.0 23.858560999 129.1682891845703 74.41373443603516
5.0 23.858560999 195.31893920898438 66.515869140625
6.0 23.858560999 145.98133850097656 90.23810577392578
7.0 23.858560999 122.32941436767578 98.54006958007812
8.0 23.858560999 202.92709350585938 78.42271423339844
9.0 23.858560999 -894.748779296875 892.991943359375
0.0 23.902625999 129.22286987304688 21.645174026489258
1.0 23.902625999 92.74671936035156 -456.5446472167969
2.0 23.902625999 648.4983520507812 411.6806640625
3.0 23.902625999 1114.6685791015625 153.21754455566406
4.0 23.902625999 126.98948669433594 78.07591247558594
5.0 23.902625999 193.06381225585938 70.8166732788086
6.0 23.902625999 143.6553955078125 94.01333618164062
7.0 23.902625999 119.93888092041016 102.40672302246094
8.0 23.902625999 200.7679443359375 82.79978942871094
9.0 23.902625999 -994.748779296875 917.991943359375
0.0 23.946691999 128.24514770507812 25.41794776916504
1.0 23.946691999 94.1348876953125 -486.8939208984375
2.0 23.946691999 876.4983520507812 179.6806640625
3.0 23.946691999 1142.382568359375 154.5115509033203
4.0 23.946691999 125.65010070800781 82.18846893310547
5.0 23.946691999 191.76712036132812 75.20735931396484
6.0 23.946691999 142.19009399414062 98.18553924560547
7.0 23.946691999 118.52477264404297 106.5317611694336
8.0 23.946691999 199.57281494140625 87.2237319946289
9.0 23.946691999 -994.748779296875 992.991943359375
0.0 23.990756999 127.01039123535156 31.382034301757812
1.0 23.990756999 93.04566955566406 -515.1198120117188
2.0 23.990756999 900.6500244140625 226.75454711914062
3.0 23.990756999 1169.828125 156.0802764892578
4.0 23.990756999 124.22315216064453 88.65682220458984
5.0 23.990756999 190.66441345214844 81.6208724975586
6.0 23.990756999 140.84469604492188 104.84132385253906
7.0 23.990756999 117.18462371826172 113.3497543334961
8.0 23.990756999 198.62655639648438 93.72801971435547
9.0 23.990756999 -1094.748779296875 992.991943359375
0.0 24.034822999 126.36170959472656 37.012691497802734
1.0 24.034822999 90.82994079589844 -543.2086181640625
2.0 24.034822999 10628.650390625 -797.2454833984375
3.0 24.034822999 1199.234375 152.96817016601562
4.0 24.034822999 123.56436157226562 95.12604522705078
5.0 24.034822999 190.56666564941406 87.96439361572266
6.0 24.034822999 140.37265014648438 111.42007446289062
7.0 24.034822999 116.51776123046875 120.09386444091797
8.0 24.034822999 198.72265625 100.22377014160156
9.0 24.034822999 -994.748779296875 1042.991943359375
0.0 24.078887999 125.61091613769531 40.79411315917969
1.0 24.078887999 91.14450073242188 -572.951416015625
2.0 24.078887999 10666.150390625 -815.9954833984375
3.0 24.078887999 1227.2904052734375 150.8662109375
4.0 24.078887999 121.83876037597656 99.8228988647461
5.0 24.078887999 189.84341430664062 93.45836639404297
6.0 24.078887999 138.91690063476562 116.4944839477539
7.0 24.078887999 114.65479278564453 125.24744415283203
8.0 24.078887999 198.18270874023438 105.86587524414062
9.0 24.078887999 -894.748779296875 1092.991943359375
0.0 24.122952999 126.4574966430664 46.07817840576172
1.0 24.122952999 81.61021423339844 -600.2192993164062
2.0 24.122952999 10966.150390625 -715.9954833984375
3.0 24.122952999 1255.9139404296875 124.90131378173828
4.0 24.122952999 121.6390380859375 106.17144012451172
5.0 24.122952999 190.81585693359375 100.77578735351562
6.0 24.122952999 138.98777770996094 123.34344482421875
7.0 24.122952999 114.34618377685547 132.07647705078125
8.0 24.122952999 199.35049438476562 113.45559692382812
9.0 24.122952999 -944.748779296875 1142.991943359375
0.0 24.167019 129.3961944580078 49.22137451171875
1.0 24.167019 76.4676513671875 -629.57763671875
2.0 24.167019 10991.150390625 -740.9954833984375
3.0 24.167019 1284.428466796875 110.40950775146484
4.0 24.167019 123.34654235839844 110.545654296875
5.0 24.167019 193.8175811767578 106.38457489013672
6.0 24.167019 140.95938110351562 128.15914916992188
7.0 24.167019 115.75469970703125 136.9112548828125
8.0 24.167019 202.56785583496094 119.32889556884766
9.0 24.167019 -1019.748779296875 1142.991943359375
0.0 24.211084 135.60980224609375 54.044715881347656
1.0 24.211084 78.69284057617188 -658.9266357421875
2.0 24.211084 10891.150390625 -815.9954833984375
3.0 24.211084 1309.458251953125 104.88797760009766
4.0 24.211084 127.7429428100586 116.50482940673828
5.0 24.211084 199.71707153320312 114.17866516113281
6.0 24.211084 145.76962280273438 134.85818481445312
7.0 24.211084 119.8594741821289 143.47850036621094
8.0 24.211084 208.66551208496094 127.44450378417969
9.0 24.211084 -1069.748779296875 1217.991943359375
0.0 24.255148999 140.95068359375 56.839073181152344
1.0 24.255148999 76.55172729492188 -689.1002197265625
2.0 24.255148999 11491.150390625 -515.9954833984375
3.0 24.255148999 1336.535400390625 105.45677185058594
4.0 24.255148999 131.8460235595703 120.6352767944336
5.0 24.255148999 205.22654724121094 119.5970230102539
6.0 24.255148999 150.14698791503906 139.50181579589844
7.0 24.255148999 123.54864501953125 148.01393127441406
8.0 24.255148999 214.36424255371094 133.18064880371094
9.0 24.255148999 -269.748779296875 1617.991943359375
0.0 24.299215 143.89035034179688 57.70160675048828
1.0 24.299215 75.69911193847656 -719.4395751953125
2.0 24.299215 11616.150390625 -528.4954833984375
3.0 24.299215 1362.9267578125 103.73393249511719
4.0 24.299215 134.13462829589844 122.7747802734375
5.0 24.299215 208.9257354736328 122.43477630615234
6.0 24.299215 152.85577392578125 142.11566162109375
7.0 24.299215 125.57567596435547 150.70355224609375
8.0 24.299215 218.27586364746094 136.3759307861328
9.0 24.299215 -294.748779296875 1655.491943359375
0.0 24.34328 144.47821044921875 56.62944793701172
1.0 24.34328 75.52528381347656 -751.573974609375
2.0 24.34328 11616.150390625 -528.4954833984375
3.0 24.34328 1390.63427734375 111.27508544921875
4.0 24.34328 133.74176025390625 122.72054290771484
5.0 24.34328 209.82310485839844 123.42388916015625
6.0 24.34328 152.7780303955078 142.5340576171875
7.0 24.34328 124.9527587890625 151.17037963867188
8.0 24.34328 219.33595275878906 137.62203979492188
9.0 24.34328 -494.748779296875 1455.491943359375
0.0 24.387345 143.0843505859375 56.99674606323242
1.0 24.387345 74.59193420410156 -784.2259521484375
2.0 24.387345 11616.150390625 -578.4954833984375
3.0 24.387345 1418.317138671875 109.72526550292969
4.0 24.387345 130.00714111328125 123.66615295410156
5.0 24.387345 207.22239685058594 126.61607360839844
6.0 24.387345 149.16629028320312 144.06507873535156
7.0 24.387345 120.64973449707031 152.38743591308594
8.0 24.387345 216.6728057861328 140.9866485595703
9.0 24.387345 -544.748779296875 1480.491943359375
0.0 24.431411 139.50430297851562 60.15216827392578
1.0 24.431411 75.64080810546875 -814.6275024414062
2.0 24.431411 11766.150390625 -528.4954833984375
3.0 24.431411 1445.7841796875 112.71880340576172
4.0 24.431411 123.7283706665039 126.95116424560547
5.0 24.431411 201.7100372314453 132.25999450683594
6.0 24.431411 142.90234375 147.9171905517578
7.0 24.431411 113.83002471923828 155.92648315429688
8.0 24.431411 211.12388610839844 146.7819366455078
9.0 24.431411 -594.748779296875 1655.491943359375
0.0 24.475476 137.78054809570312 59.557350158691406
1.0 24.475476 74.67066192626953 -847.0172119140625
2.0 24.475476 11866.150390625 -503.4954833984375
3.0 24.475476 1472.9722900390625 112.1668930053711
4.0 24.475476 119.85039520263672 125.94375610351562
5.0 24.475476 197.93582153320312 133.38931274414062
6.0 24.475476 138.92674255371094 147.41676330566406
7.0 24.475476 109.44829559326172 155.00918579101562
8.0 24.475476 207.28102111816406 147.98622131347656
9.0 24.475476 -594.748779296875 1780.491943359375
0.0 24.519542 139.34461975097656 60.76891326904297
1.0 24.519542 71.57767486572266 -875.7610473632812
2.0 24.519542 11853.650390625 -547.2454833984375
3.0 24.519542 1499.762939453125 110.64163970947266
4.0 24.519542 121.34124755859375 126.64602661132812
5.0 24.519542 199.10093688964844 134.08018493652344
6.0 24.519542 140.42071533203125 148.15087890625
7.0 24.519542 110.79796600341797 155.90432739257812
8.0 24.519542 208.3929443359375 148.6188201904297
9.0 24.519542 -669.748779296875 1780.491943359375
0.0 24.563607 141.0263214111328 58.72241973876953
1.0 24.563607 51.78449630737305 -898.091064453125
2.0 24.563607 11878.650390625 -553.4954833984375
3.0 24.563607 1528.5955810546875 115.90604400634766
4.0 24.563607 123.02198028564453 123.58125305175781
5.0 24.563607 199.90008544921875 131.02618408203125
6.0 24.563607 142.00152587890625 144.94769287109375
7.0 24.563607 112.32579040527344 152.94430541992188
8.0 24.563607 209.12962341308594 145.4791717529297
9.0 24.563607 -619.748779296875 1780.491943359375
0.0 24.607672 144.74334716796875 57.629451751708984
1.0 24.607672 51.15755844116211 -928.80419921875
2.0 24.607672 11928.650390625 -540.9954833984375
3.0 24.607672 1556.28125 115.48290252685547
4.0 24.607672 125.86930084228516 120.82111358642578
5.0 24.607672 201.17474365234375 129.24012756347656
6.0 24.607672 144.48068237304688 142.0846405029297
7.0 24.607672 114.8611831665039 149.86659240722656
8.0 24.607672 210.15695190429688 143.4403533935547
9.0 24.607672 -219.748779296875 2180.491943359375
0.0 24.651737999 146.5776824951172 58.41891098022461
1.0 24.651737999 53.82326889038086 -958.7013549804688
2.0 24.651737999 12228.650390625 -440.9954833984375
3.0 24.651737999 1582.9752197265625 116.0505599975586
4.0 24.651737999 127.75314331054688 119.80399322509766
5.0 24.651737999 201.1890869140625 128.22824096679688
6.0 24.651737999 146.09719848632812 140.72305297851562
7.0 24.651737999 116.74958801269531 148.47389221191406
8.0 24.651737999 209.9862518310547 142.1199493408203
9.0 24.651737999 -219.748779296875 2230.491943359375
0.0 24.695802999 146.80612182617188 57.893211364746094
1.0 24.695802999 52.48171615600586 -988.8004150390625
2.0 24.695802999 12228.650390625 -440.9954833984375
3.0 24.695802999 1611.0076904296875 114.8476791381836
4.0 24.695802999 128.56333923339844 117.29341888427734
5.0 24.695802999 199.84446716308594 125.36058807373047
6.0 24.695802999 146.56614685058594 137.7027130126953
7.0 24.695802999 117.69686889648438 145.5403289794922
8.0 24.695802999 208.4593505859375 138.84005737304688
9.0 24.695802999 -19.748779296875 2380.491943359375
0.0 24.739868 146.73582458496094 56.792335510253906
1.0 24.739868 54.03353500366211 -1019.2283935546875
2.0 24.739868 12228.650390625 -390.9954833984375
3.0 24.739868 1637.6348876953125 112.61742401123047
4.0 24.739868 129.2718048095703 114.19281005859375
5.0 24.739868 198.2253875732422 121.73686981201172
6.0 24.739868 146.9579315185547 134.02455139160156
7.0 24.739868 118.53768157958984 141.9332275390625
8.0 24.739868 206.65260314941406 134.70443725585938
9.0 24.739868 -19.748779296875 2430.491943359375
0.0 24.783933999 145.61412048339844 55.788448333740234
1.0 24.783933999 53.064571380615234 -1049.755126953125
2.0 24.783933999 12253.650390625 -415.9954833984375
3.0 24.783933999 1665.3704833984375 113.3244400024414
4.0 24.783933999 128.65135192871094 111.06295013427734
5.0 24.783933999 195.26678466796875 118.3766098022461
6.0 24.783933999 145.93765258789062 130.4421844482422
7.0 24.783933999 118.11492156982422 138.29730224609375
8.0 24.783933999 203.4818572998047 130.8249053955078
9.0 24.783933999 -44.748779296875 2430.491943359375
0.0 24.827998999 144.0192108154297 54.79434585571289
1.0 24.827998999 54.037044525146484 -1081.201171875
2.0 24.827998999 12153.650390625 -490.9954833984375
3.0 24.827998999 1693.90185546875 107.57617950439453
4.0 24.827998999 127.70368194580078 108.03701782226562
5.0 24.827998999 192.0084686279297 114.99344635009766
6.0 24.827998999 144.5858917236328 126.90367126464844
7.0 24.827998999 117.34098815917969 134.7078399658203
8.0 24.827998999 200.01490783691406 126.92312622070312
9.0 24.827998999 -44.748779296875 2505.491943359375
0.0 24.872063999 140.4378204345703 53.7596435546875
1.0 24.872063999 53.008724212646484 -1110.9561767578125
2.0 24.872063999 11853.650390625 -690.9954833984375
3.0 24.872063999 1720.1317138671875 107.29212188720703
4.0 24.872063999 124.30888366699219 104.97464752197266
5.0 24.872063999 186.3985137939453 111.93775177001953
6.0 24.872063999 140.89443969726562 123.37576293945312
7.0 24.872063999 114.0544662475586 131.11590576171875
8.0 24.872063999 194.16905212402344 123.37922668457031
9.0 24.872063999 -82.248779296875 2530.491943359375
0.0 24.916129999 137.98638916015625 53.389705657958984
1.0 24.916129999 56.53904342651367 -1142.687744140625
2.0 24.916129999 12453.650390625 -390.9954833984375
3.0 24.916129999 1747.5728759765625 108.86811065673828
4.0 24.916129999 122.19662475585938 102.71409606933594
5.0 24.916129999 182.20132446289062 109.55020141601562
6.0 24.916129999 138.3282470703125 120.67911529541016
7.0 24.916129999 112.08453369140625 128.3837890625
8.0 24.916129999 189.73458862304688 120.5689468383789
9.0 24.916129999 301.751220703125 2706.491943359375
