0.0 9.120943 18.0 10.0
1.0 9.120943 14.0 11.0
2.0 9.120943 5.0 13.0
3.0 9.120943 18.0 15.0
4.0 9.120943 4.0 16.0
5.0 9.120943 19.0 20.0
6.0 9.120943 4.0 21.0
7.0 9.120943 4.0 26.0
8.0 9.120943 18.0 26.0
9.0 9.120943 119.0 28.0
10.0 9.120943 6.0 29.0
11.0 9.120943 22.0 30.0
12.0 9.120943 122.0 33.0
13.0 9.120943 3.0 34.0
14.0 9.120943 225.0 59.0
15.0 9.120943 229.0 62.0
16.0 9.120943 184.0 75.0
17.0 9.120943 45.0 77.0
18.0 9.120943 188.0 99.0
19.0 9.120943 15.0 103.0
20.0 9.120943 3.0 157.0
21.0 9.120943 3.0 162.0
22.0 9.120943 179.0 174.0
0.0 9.167007999 18.995580673217773 9.953377723693848
1.0 9.167007999 16.03669548034668 10.596243858337402
2.0 9.167007999 6.1639275550842285 12.819236755371094
3.0 9.167007999 19.061567306518555 13.7434720993042
4.0 9.167007999 5.343273639678955 15.888559341430664
5.0 9.167007999 20.017154693603516 18.33887481689453
6.0 9.167007999 5.471278667449951 20.184123992919922
7.0 9.167007999 5.526051044464111 26.068159103393555
8.0 9.167007999 18.923402786254883 26.03025245666504
9.0 9.167007999 119.72309112548828 28.985557556152344
10.0 9.167007999 7.041635036468506 28.89739418029785
11.0 9.167007999 22.90799903869629 30.009822845458984
12.0 9.167007999 122.70274353027344 33.94086837768555
13.0 9.167007999 4.863373756408691 33.83582305908203
14.0 9.167007999 225.47369384765625 60.54777908325195
15.0 9.167007999 229.44869995117188 63.50706481933594
16.0 9.167007999 184.37588500976562 76.3895492553711
17.0 9.167007999 45.47669982910156 77.36404418945312
18.0 9.167007999 188.2508544921875 100.41397094726562
19.0 9.167007999 15.268701553344727 103.06095886230469
20.0 9.167007999 2.2931742668151855 156.83209228515625
21.0 9.167007999 2.0771188735961914 161.77288818359375
22.0 9.167007999 179.0092010498047 177.98757934570312
0.0 9.213073 21.086265563964844 8.328269958496094
1.0 9.213073 18.658597946166992 8.6688814163208
2.0 9.213073 8.168761253356934 10.979698181152344
3.0 9.213073 20.993825912475586 12.914435386657715
4.0 9.213073 7.287365436553955 13.974472999572754
5.0 9.213073 21.50728988647461 20.949689865112305
6.0 9.213073 7.406026363372803 19.839149475097656
7.0 9.213073 7.376924991607666 24.349151611328125
8.0 9.213073 20.710121154785156 24.42443084716797
9.0 9.213073 121.39874267578125 29.642959594726562
10.0 9.213073 8.74266529083252 27.101545333862305
11.0 9.213073 24.6501522064209 28.414461135864258
12.0 9.213073 124.3404312133789 34.568180084228516
13.0 9.213073 6.730369567871094 32.0323600769043
14.0 9.213073 226.34832763671875 63.2488899230957
15.0 9.213073 230.34188842773438 66.28646850585938
16.0 9.213073 184.9957275390625 78.29940032958984
17.0 9.213073 46.28195571899414 76.41548156738281
18.0 9.213073 188.4591522216797 102.29048919677734
19.0 9.213073 15.417912483215332 101.58937072753906
20.0 9.213073 0.06582927703857422 154.7826690673828
21.0 9.213073 -5.75516414642334 158.30935668945312
22.0 9.213073 177.53257751464844 193.0920867919922
0.0 9.259139 25.403182983398438 6.65937614440918
1.0 9.259139 23.192977905273438 6.980776309967041
2.0 9.259139 12.30713176727295 9.047001838684082
3.0 9.259139 25.248924255371094 10.605554580688477
4.0 9.259139 11.308685302734375 12.083281517028809
5.0 9.259139 25.4456844329834 18.64956283569336
6.0 9.259139 11.332290649414062 18.826379776000977
7.0 9.259139 11.117541313171387 22.579212188720703
8.0 9.259139 24.490039825439453 22.872148513793945
9.0 9.259139 124.57868957519531 32.2365837097168
10.0 9.259139 12.468329429626465 25.20892906188965
11.0 9.259139 28.345008850097656 26.87970542907715
12.0 9.259139 127.48603057861328 37.14805603027344
13.0 9.259139 10.358336448669434 30.126506805419922
14.0 9.259139 228.12208557128906 69.40864562988281
15.0 9.259139 232.08946228027344 72.49334716796875
16.0 9.259139 186.39157104492188 83.22174835205078
17.0 9.259139 48.08088302612305 76.15369415283203
18.0 9.259139 189.0297088623047 107.2704849243164
19.0 9.259139 16.17620849609375 99.88278198242188
20.0 9.259139 -34.832725524902344 151.34259033203125
21.0 9.259139 -38.06503677368164 152.15969848632812
22.0 9.259139 171.8738250732422 173.881103515625
0.0 9.305203999 31.44395637512207 -15.91576862335205
1.0 9.305203999 29.269983291625977 -12.186910629272461
2.0 9.305203999 17.67622947692871 6.060847282409668
3.0 9.305203999 30.559152603149414 9.17530632019043
4.0 9.305203999 16.66404151916504 9.336224555969238
5.0 9.305203999 30.393815994262695 17.054262161254883
6.0 9.305203999 16.38872528076172 16.021154403686523
7.0 9.305203999 15.943500518798828 20.047719955444336
8.0 9.305203999 29.407928466796875 20.648637771606445
9.0 9.305203999 128.413818359375 35.89112091064453
10.0 9.305203999 17.28474998474121 22.499069213867188
11.0 9.305203999 33.15774154663086 24.718477249145508
12.0 9.305203999 131.26588439941406 40.7377815246582
13.0 9.305203999 15.033403396606445 27.394248962402344
14.0 9.305203999 229.75502014160156 78.0885238647461
15.0 9.305203999 233.66729736328125 81.24836730957031
16.0 9.305203999 187.6221466064453 90.09722900390625
17.0 9.305203999 50.0452995300293 75.63111114501953
18.0 9.305203999 189.0381622314453 114.12592315673828
19.0 9.305203999 16.631088256835938 97.45124053955078
20.0 9.305203999 -57.623226165771484 147.2358856201172
21.0 9.305203999 -60.09563064575195 148.05433654785156
22.0 9.305203999 168.88229370117188 202.6882781982422
0.0 9.351268999 35.78597640991211 -47.002349853515625
1.0 9.351268999 33.623199462890625 -44.465301513671875
2.0 9.351268999 23.79242706298828 -17.75708770751953
3.0 9.351268999 35.32560348510742 7.7139482498168945
4.0 9.351268999 21.44691276550293 6.810401439666748
5.0 9.351268999 34.88236618041992 15.564576148986816
6.0 9.351268999 21.088468551635742 12.967989921569824
7.0 9.351268999 20.425994873046875 17.268842697143555
8.0 9.351268999 33.882530212402344 18.285545349121094
9.0 9.351268999 131.54754638671875 39.24430847167969
10.0 9.351268999 21.681241989135742 19.5977725982666
11.0 9.351268999 37.526180267333984 22.404621124267578
12.0 9.351268999 134.339111328125 44.06081771850586
13.0 9.351268999 19.380279541015625 24.452404022216797
14.0 9.351268999 230.50579833984375 86.31774139404297
15.0 9.351268999 234.39154052734375 89.53860473632812
16.0 9.351268999 188.02818298339844 96.48915100097656
17.0 9.351268999 51.51829528808594 74.77333068847656
18.0 9.351268999 188.220703125 120.42384338378906
19.0 9.351268999 16.792695999145508 94.52445983886719
20.0 9.351268999 -101.394775390625 150.51673889160156
21.0 9.351268999 -101.22266387939453 150.1027069091797
22.0 9.351268999 162.10964965820312 226.61753845214844
0.0 9.397334999 68.03626251220703 -65.83616638183594
1.0 9.397334999 65.94330596923828 -42.85808563232422
2.0 9.397334999 26.927888870239258 -19.800500869750977
3.0 9.397334999 38.14331817626953 10.425854682922363
4.0 9.397334999 25.484189987182617 3.232448101043701
5.0 9.397334999 38.8205680847168 12.653434753417969
6.0 9.397334999 24.883150100708008 9.387099266052246
7.0 9.397334999 24.023609161376953 14.666150093078613
8.0 9.397334999 37.514122009277344 16.14766502380371
9.0 9.397334999 133.7737579345703 41.67753219604492
10.0 9.397334999 25.264244079589844 16.935991287231445
11.0 9.397334999 41.043678283691406 20.34383201599121
12.0 9.397334999 136.50892639160156 46.47818374633789
13.0 9.397334999 22.84071922302246 21.73571014404297
14.0 9.397334999 230.5431671142578 92.82157135009766
15.0 9.397334999 234.42616271972656 96.15885162353516
16.0 9.397334999 187.74237060546875 101.49009704589844
17.0 9.397334999 52.549312591552734 73.66877746582031
18.0 9.397334999 186.98451232910156 125.24417877197266
19.0 9.397334999 16.795808792114258 91.66461944580078
20.0 9.397334999 -123.22892761230469 146.55528259277344
21.0 9.397334999 -123.08067321777344 146.2040252685547
22.0 9.397334999 157.98057556152344 241.0846710205078
0.0 9.4434 72.98683166503906 -98.27792358398438
1.0 9.4434 71.27447509765625 -75.37776947021484
2.0 9.4434 25.38651466369629 -9.417335510253906
3.0 9.4434 43.630943298339844 7.019715309143066
4.0 9.4434 31.3154296875 -18.839431762695312
5.0 9.4434 43.631961822509766 11.528373718261719
6.0 9.4434 29.995975494384766 7.283772945404053
7.0 9.4434 28.89763069152832 12.20248031616211
8.0 9.4434 42.448020935058594 14.0213623046875
9.0 9.4434 136.9458465576172 44.764774322509766
10.0 9.4434 30.087480545043945 14.399333000183105
11.0 9.4434 45.845367431640625 18.259578704833984
12.0 9.4434 139.61624145507812 49.56121826171875
13.0 9.4434 27.569740295410156 19.160390853881836
14.0 9.4434 230.96502685546875 100.2384033203125
15.0 9.4434 234.82200622558594 103.66773986816406
16.0 9.4434 188.05072021484375 107.10079193115234
17.0 9.4434 54.4948616027832 72.67574310302734
18.0 9.4434 186.174560546875 130.7213134765625
19.0 9.4434 17.6698055267334 88.61851501464844
20.0 9.4434 -157.60665893554688 157.9865264892578
21.0 9.4434 -157.23736572265625 157.43045043945312
22.0 9.4434 156.23023986816406 282.2817687988281
0.0 9.489466 81.68362426757812 -132.59405517578125
1.0 9.489466 79.84037017822266 -109.5663070678711
2.0 9.489466 26.222326278686523 -12.637274742126465
3.0 9.489466 51.303375244140625 4.044061183929443
4.0 9.489466 32.2472038269043 -44.755828857421875
5.0 9.489466 50.73518371582031 9.681757926940918
6.0 9.489466 37.48527526855469 3.3237576484680176
7.0 9.489466 35.902565002441406 9.667482376098633
8.0 9.489466 49.43184280395508 12.161108016967773
9.0 9.489466 141.10598754882812 49.82561111450195
10.0 9.489466 36.99155044555664 11.879733085632324
11.0 9.489466 52.668067932128906 16.438274383544922
12.0 9.489466 143.69500732421875 54.612918853759766
13.0 9.489466 34.37057876586914 16.544387817382812
14.0 9.489466 231.16526794433594 111.203125
15.0 9.489466 234.90914916992188 114.6792984008789
16.0 9.489466 188.04364013671875 115.58161926269531
17.0 9.489466 57.339576721191406 72.04521942138672
18.0 9.489466 184.57998657226562 138.82249450683594
19.0 9.489466 19.132205963134766 85.076904296875
20.0 9.489466 -191.35470581054688 155.6996307373047
21.0 9.489466 -191.17837524414062 154.8256072998047
22.0 9.489466 156.44361877441406 336.35626220703125
0.0 9.535530999 89.67414093017578 -168.96304321289062
1.0 9.535530999 88.01091766357422 -145.63621520996094
2.0 9.535530999 26.170114517211914 -22.27898597717285
3.0 9.535530999 59.71547317504883 -20.6922607421875
4.0 9.535530999 9.065573692321777 -21.280155181884766
5.0 9.535530999 56.75016784667969 9.13962459564209
6.0 9.535530999 44.44546890258789 -10.596149444580078
7.0 9.535530999 41.98545455932617 8.08745288848877
8.0 9.535530999 55.4310417175293 11.272067070007324
9.0 9.535530999 143.90829467773438 55.21181869506836
10.0 9.535530999 42.95920944213867 10.344579696655273
11.0 9.535530999 58.5108642578125 15.619355201721191
12.0 9.535530999 146.43716430664062 59.94952392578125
13.0 9.535530999 40.219520568847656 14.880825996398926
14.0 9.535530999 230.04275512695312 121.59977722167969
15.0 9.535530999 233.7261505126953 125.2300033569336
16.0 9.535530999 186.75096130371094 123.8001937866211
17.0 9.535530999 59.30043029785156 71.98748016357422
18.0 9.535530999 181.9973602294922 146.67547607421875
19.0 9.535530999 20.12442398071289 82.06986999511719
20.0 9.535530999 -204.03427124023438 154.74537658691406
21.0 9.535530999 -204.99114990234375 153.82398986816406
22.0 9.535530999 153.81129455566406 301.4746398925781
0.0 9.581596 95.04804229736328 -201.0275115966797
1.0 9.581596 93.49020385742188 -177.28883361816406
2.0 9.581596 72.6573715209961 -6.639758110046387
3.0 9.581596 65.07644653320312 -47.97266387939453
4.0 9.581596 -7.083812713623047 -54.9239501953125
5.0 9.581596 62.00905227661133 5.8616743087768555
6.0 9.581596 47.96436309814453 -47.07411193847656
7.0 9.581596 46.93352127075195 4.518470287322998
8.0 9.581596 60.37465286254883 8.340253829956055
9.0 9.581596 146.19769287109375 56.99927520751953
10.0 9.581596 47.86042785644531 6.916421890258789
11.0 9.581596 63.34153366088867 12.699833869934082
12.0 9.581596 148.6500701904297 61.67801284790039
13.0 9.581596 45.07561111450195 11.38927936553955
14.0 9.581596 228.80087280273438 127.49055480957031
15.0 9.581596 232.45481872558594 131.19224548339844
16.0 9.581596 185.60955810546875 127.73368835449219
17.0 9.581596 61.087677001953125 69.39208984375
18.0 9.581596 179.7135467529297 150.1176300048828
19.0 9.581596 17.740175247192383 83.6978988647461
20.0 9.581596 -254.47048950195312 159.6548614501953
21.0 9.581596 -257.02301025390625 158.7933807373047
22.0 9.581596 149.3131866455078 325.9419250488281
0.0 9.627662 99.9458999633789 -233.3297882080078
1.0 9.627662 98.39299774169922 -209.6531524658203
2.0 9.627662 76.73931121826172 -40.23810958862305
3.0 9.627662 68.65787506103516 -80.5951919555664
4.0 9.627662 -607.0838012695312 -8054.923828125
5.0 9.627662 68.49539947509766 -2.863564968109131
6.0 9.627662 50.60395431518555 -68.666015625
7.0 9.627662 50.525901794433594 1.8640722036361694
8.0 9.627662 64.32530212402344 6.61943244934082
9.0 9.627662 148.0733642578125 58.54936981201172
10.0 9.627662 51.5743522644043 4.690517902374268
11.0 9.627662 67.20802307128906 11.026049613952637
12.0 9.627662 150.47325134277344 63.2236328125
13.0 9.627662 48.98777389526367 9.298641204833984
14.0 9.627662 228.08172607421875 131.98052978515625
15.0 9.627662 231.67416381835938 135.71615600585938
16.0 9.627662 184.86231994628906 130.7553253173828
17.0 9.627662 62.708683013916016 67.7978744506836
18.0 9.627662 178.27886962890625 152.7855224609375
19.0 9.627662 18.79052734375 80.44709014892578
20.0 9.627662 -272.5386047363281 155.42367553710938
21.0 9.627662 -275.9189147949219 154.5868682861328
22.0 9.627662 145.70840454101562 339.47222900390625
0.0 9.673726999 106.24998474121094 -264.8689270019531
1.0 9.673726999 104.65069580078125 -240.83058166503906
2.0 9.673726999 81.7983169555664 -61.84645080566406
3.0 9.673726999 66.70271301269531 -96.7668228149414
4.0 9.673726999 12448.916015625 -21110.923828125
5.0 9.673726999 74.29557037353516 -19.674074172973633
6.0 9.673726999 56.4617919921875 -105.03531646728516
7.0 9.673726999 55.57732009887695 -16.73037338256836
8.0 9.673726999 69.85171508789062 3.5985357761383057
9.0 9.673726999 150.74728393554688 59.833595275878906
10.0 9.673726999 56.29493713378906 0.2654450237751007
11.0 9.673726999 72.58963012695312 8.240400314331055
12.0 9.673726999 153.1058349609375 64.47734069824219
13.0 9.673726999 54.329917907714844 5.792426586151123
14.0 9.673726999 227.0709991455078 136.89962768554688
15.0 9.673726999 230.62904357910156 140.73721313476562
16.0 9.673726999 184.12281799316406 133.8128204345703
17.0 9.673726999 65.27786254882812 64.9486312866211
18.0 9.673726999 176.54344177246094 155.34844970703125
19.0 9.673726999 20.699106216430664 75.33028411865234
20.0 9.673726999 -257.1749572753906 160.35426330566406
21.0 9.673726999 -257.9261474609375 159.75279235839844
22.0 9.673726999 143.68206787109375 372.4292907714844
0.0 9.719791999 116.64030456542969 -290.462890625
1.0 9.719791999 111.19525146484375 -274.79345703125
2.0 9.719791999 86.34559631347656 -90.16719055175781
3.0 9.719791999 86.83404541015625 -113.83067321777344
4.0 9.719791999 12511.416015625 -21117.173828125
5.0 9.719791999 78.44661712646484 -66.03301239013672
6.0 9.719791999 62.20909118652344 -150.6962432861328
7.0 9.719791999 61.1594352722168 -65.00076293945312
8.0 9.719791999 76.7822494506836 -4.944500923156738
9.0 9.719791999 152.20068359375 62.062255859375
10.0 9.719791999 60.088985443115234 -27.62934112548828
11.0 9.719791999 77.3343505859375 5.9888596534729
12.0 9.719791999 154.48028564453125 66.66134643554688
13.0 9.719791999 57.636898040771484 0.4829157888889313
14.0 9.719791999 224.54135131835938 142.8619384765625
15.0 9.719791999 228.01951599121094 146.7999725341797
16.0 9.719791999 181.7497100830078 137.74832153320312
17.0 9.719791999 66.80101013183594 62.666038513183594
18.0 9.719791999 173.14088439941406 158.72036743164062
19.0 9.719791999 21.646848678588867 70.59855651855469
20.0 9.719791999 -353.6825256347656 41.913818359375
21.0 9.719791999 -279.1216735839844 159.57008361816406
22.0 9.719791999 140.49179077148438 409.69775390625
0.0 9.765858 119.85726928710938 -322.7917175292969
1.0 9.765858 116.70919799804688 -306.28948974609375
2.0 9.765858 90.4551773071289 -121.61823272705078
3.0 9.765858 91.36735534667969 -144.44114685058594
4.0 9.765858 12111.416015625 -21917.173828125
5.0 9.765858 83.28120422363281 -97.45980072021484
6.0 9.765858 68.5019302368164 -186.57623291015625
7.0 9.765858 67.19474029541016 -97.25320434570312
8.0 9.765858 81.18618774414062 -40.744998931884766
9.0 9.765858 153.31752014160156 64.23070526123047
10.0 9.765858 66.22137451171875 -60.471622467041016
11.0 9.765858 81.5986328125 3.8916854858398438
12.0 9.765858 155.5491485595703 68.82520294189453
13.0 9.765858 61.56971740722656 -6.283540725708008
14.0 9.765858 222.11572265625 147.9788818359375
15.0 9.765858 225.5231170654297 151.9773406982422
16.0 9.765858 179.59291076660156 141.27455139160156
17.0 9.765858 68.16789245605469 61.11701202392578
18.0 9.765858 170.21031188964844 161.68804931640625
19.0 9.765858 22.62371253967285 66.89836883544922
20.0 9.765858 -390.2730407714844 32.81148910522461
21.0 9.765858 -322.6544494628906 149.83053588867188
22.0 9.765858 137.15057373046875 468.1009216308594
0.0 9.811923 122.87089538574219 -356.79022216796875
1.0 9.811923 120.82306671142578 -338.02099609375
2.0 9.811923 93.615234375 -146.28208923339844
3.0 9.811923 94.7129135131836 -168.7938995361328
4.0 9.811923 12098.916015625 -21942.173828125
5.0 9.811923 85.92713928222656 -127.96531677246094
6.0 9.811923 73.25804138183594 -215.2140655517578
7.0 9.811923 72.71224975585938 -130.5949249267578
8.0 9.811923 84.09358215332031 -71.78277587890625
9.0 9.811923 154.9209442138672 65.76248931884766
10.0 9.811923 71.74345397949219 -93.76893615722656
11.0 9.811923 85.92875671386719 1.1399937868118286
12.0 9.811923 157.13204956054688 70.33777618408203
13.0 9.811923 67.18841552734375 -48.64378356933594
14.0 9.811923 220.59329223632812 151.95091247558594
15.0 9.811923 223.9644775390625 156.03555297851562
16.0 9.811923 178.3486328125 143.87124633789062
17.0 9.811923 70.10345458984375 59.48215866088867
18.0 9.811923 168.34170532226562 163.7769775390625
19.0 9.811923 24.286300659179688 63.49854278564453
20.0 9.811923 -421.2726745605469 37.97381591796875
21.0 9.811923 -354.9691162109375 147.5576171875
22.0 9.811923 134.5946044921875 499.5876159667969
0.0 9.857987999 126.04460906982422 -392.6634216308594
1.0 9.857987999 124.66455078125 -371.2803649902344
2.0 9.857987999 97.28349304199219 -183.2605743408203
3.0 9.857987999 97.55179595947266 -200.0429229736328
4.0 9.857987999 12123.916015625 -21935.923828125
5.0 9.857987999 88.95694732666016 -152.46932983398438
6.0 9.857987999 75.94029235839844 -252.98062133789062
7.0 9.857987999 75.36392974853516 -167.61053466796875
8.0 9.857987999 86.92257690429688 -97.75315856933594
9.0 9.857987999 156.04736328125 67.79407501220703
10.0 9.857987999 74.39936828613281 -130.92381286621094
11.0 9.857987999 90.84188079833984 -3.929633617401123
12.0 9.857987999 158.2254638671875 72.34249114990234
13.0 9.857987999 70.00013732910156 -105.11995697021484
14.0 9.857987999 219.20184326171875 155.75283813476562
15.0 9.857987999 222.514892578125 159.86056518554688
16.0 9.857987999 177.18380737304688 146.64122009277344
17.0 9.857987999 71.53961944580078 58.99226379394531
18.0 9.857987999 166.68092346191406 166.11219787597656
19.0 9.857987999 25.557886123657227 61.552608489990234
20.0 9.857987999 -453.9244079589844 37.2574348449707
21.0 9.857987999 -383.1697692871094 144.01954650878906
22.0 9.857987999 131.5004425048828 552.7649536132812
0.0 9.904053999 127.02855682373047 -426.4980163574219
1.0 9.904053999 126.3541030883789 -404.69439697265625
2.0 9.904053999 97.73773956298828 -211.46493530273438
3.0 9.904053999 97.99181365966797 -224.68844604492188
4.0 9.904053999 11723.916015625 -22135.923828125
5.0 9.904053999 91.22039794921875 -184.67831420898438
6.0 9.904053999 76.3797378540039 -290.27911376953125
7.0 9.904053999 75.82139587402344 -205.87762451171875
8.0 9.904053999 89.21969604492188 -130.4295196533203
9.0 9.904053999 156.1520233154297 68.26943969726562
10.0 9.904053999 74.87156677246094 -170.0287322998047
11.0 9.904053999 92.63678741455078 -31.925352096557617
12.0 9.904053999 158.32728576660156 72.75607299804688
13.0 9.904053999 70.47819519042969 -137.3683624267578
14.0 9.904053999 218.28659057617188 156.98130798339844
15.0 9.904053999 221.60614013671875 161.11294555664062
16.0 9.904053999 176.29067993164062 147.41555786132812
17.0 9.904053999 71.86205291748047 58.473838806152344
18.0 9.904053999 165.65090942382812 166.71119689941406
19.0 9.904053999 25.8028507232666 60.44792175292969
20.0 9.904053999 -469.1746826171875 36.05366134643555
21.0 9.904053999 -411.1252136230469 141.4354705810547
22.0 9.904053999 129.6861114501953 477.11431884765625
0.0 9.950119 124.54203033447266 -460.1085205078125
1.0 9.950119 123.81375885009766 -438.243408203125
2.0 9.950119 96.34214782714844 -249.33416748046875
3.0 9.950119 96.24530029296875 -259.7831726074219
4.0 9.950119 11823.916015625 -22110.923828125
5.0 9.950119 90.05863189697266 -198.1475830078125
6.0 9.950119 71.78137969970703 -325.8750305175781
7.0 9.950119 71.23693084716797 -242.29380798339844
8.0 9.950119 88.04875183105469 -146.60667419433594
9.0 9.950119 154.88864135742188 67.64706420898438
10.0 9.950119 70.28477478027344 -207.84825134277344
11.0 9.950119 90.73670196533203 -58.84973907470703
12.0 9.950119 157.13185119628906 72.09127807617188
13.0 9.950119 66.34038543701172 -147.67105102539062
14.0 9.950119 218.5713348388672 155.30816650390625
15.0 9.950119 221.93838500976562 159.43003845214844
16.0 9.950119 176.27981567382812 146.3397674560547
17.0 9.950119 70.37635040283203 59.20940399169922
18.0 9.950119 165.97222900390625 165.8433837890625
19.0 9.950119 24.485187530517578 61.99215316772461
20.0 9.950119 -489.820068359375 30.43450927734375
21.0 9.950119 -440.6401672363281 143.55508422851562
22.0 9.950119 129.70498657226562 311.1683349609375
0.0 9.996185 119.10704803466797 -490.3719177246094
1.0 9.996185 118.3114242553711 -468.39752197265625
2.0 9.996185 90.90868377685547 -291.69757080078125
3.0 9.996185 90.86563873291016 -303.2303161621094
4.0 9.996185 11848.916015625 -22129.673828125
5.0 9.996185 85.6788330078125 -220.5254669189453
6.0 9.996185 60.91261672973633 -358.0910339355469
7.0 9.996185 60.36043167114258 -275.9867858886719
8.0 9.996185 84.10381317138672 -156.3657989501953
9.0 9.996185 152.49818420410156 65.21317291259766
10.0 9.996185 59.39722442626953 -245.13674926757812
11.0 9.996185 86.38960266113281 -91.1927490234375
12.0 9.996185 154.83169555664062 69.56266784667969
13.0 9.996185 56.03410720825195 -157.72738647460938
14.0 9.996185 220.7113800048828 149.38833618164062
15.0 9.996185 224.2738037109375 153.44345092773438
16.0 9.996185 177.74159240722656 142.4049072265625
17.0 9.996185 67.4475326538086 61.13178634643555
18.0 9.996185 168.57777404785156 162.5820770263672
19.0 9.996185 21.98116683959961 66.5521011352539
20.0 9.996185 -517.0001831054688 34.250892639160156
21.0 9.996185 -503.20574951171875 145.3199920654297
22.0 9.996185 132.70790100097656 207.46401977539062
0.0 10.042249999 117.92822265625 -504.5068054199219
1.0 10.042249999 117.93502044677734 -480.6896057128906
2.0 10.042249999 83.91891479492188 -347.2088317871094
3.0 10.042249999 83.89892578125 -359.0628662109375
4.0 10.042249999 11873.916015625 -22179.673828125
5.0 10.042249999 78.9935531616211 -265.68975830078125
6.0 10.042249999 46.550628662109375 -407.1131286621094
7.0 10.042249999 45.854122161865234 -333.6024475097656
8.0 10.042249999 82.96662139892578 -145.5888214111328
9.0 10.042249999 149.5117950439453 60.55644989013672
10.0 10.042249999 44.94533920288086 -315.608154296875
11.0 10.042249999 79.72809600830078 -135.57870483398438
12.0 10.042249999 151.97764587402344 64.78075408935547
13.0 10.042249999 43.22361755371094 -159.0103302001953
14.0 10.042249999 224.47674560546875 138.9737091064453
15.0 10.042249999 228.2325439453125 142.85745239257812
16.0 10.042249999 180.9010772705078 135.04566955566406
17.0 10.042249999 64.21086883544922 63.613311767578125
18.0 10.042249999 173.3936309814453 156.18157958984375
19.0 10.042249999 19.49847412109375 73.1708755493164
20.0 10.042249999 -584.5526733398438 37.328453063964844
21.0 10.042249999 -577.6209716796875 138.14845275878906
22.0 10.042249999 129.40663146972656 270.72662353515625
0.0 10.088315 121.29752349853516 -541.517822265625
1.0 10.088315 120.6383285522461 -519.158447265625
2.0 10.088315 127.39640808105469 -440.1272888183594
3.0 10.088315 127.41987609863281 -452.27691650390625
4.0 10.088315 11823.916015625 -22254.673828125
5.0 10.088315 73.06844329833984 -310.7546081542969
6.0 10.088315 39.76469802856445 -413.1827392578125
7.0 10.088315 45.218284606933594 -387.9703063964844
8.0 10.088315 76.71430969238281 -214.44166564941406
9.0 10.088315 147.4860382080078 56.47378921508789
10.0 10.088315 45.682838439941406 -429.19073486328125
11.0 10.088315 73.6435775756836 -188.66696166992188
12.0 10.088315 150.08424377441406 60.56986618041992
13.0 10.088315 43.70335006713867 -323.7994079589844
14.0 10.088315 183.37513732910156 165.09390258789062
15.0 10.088315 233.2466583251953 131.50418090820312
16.0 10.088315 185.38558959960938 127.27118682861328
17.0 10.088315 62.46739959716797 67.55728149414062
18.0 10.088315 179.76492309570312 149.45350646972656
19.0 10.088315 19.114004135131836 81.47946166992188
20.0 10.088315 -596.7041625976562 38.64090347290039
21.0 10.088315 -596.6749877929688 138.32273864746094
22.0 10.088315 132.92373657226562 318.9906005859375
0.0 10.134381 114.85030364990234 -568.1767578125
1.0 10.134381 114.37382507324219 -544.9561157226562
2.0 10.134381 122.06072998046875 -469.45013427734375
3.0 10.134381 122.10163116455078 -481.62872314453125
4.0 10.134381 11823.916015625 -22292.173828125
5.0 10.134381 68.4944839477539 -361.579345703125
6.0 10.134381 -30.426170349121094 -388.16217041015625
7.0 10.134381 42.06383514404297 -437.89617919921875
8.0 10.134381 71.23688507080078 -270.5312805175781
9.0 10.134381 146.51461791992188 53.523582458496094
10.0 10.134381 42.43789291381836 -480.2302551269531
11.0 10.134381 69.04401397705078 -241.3535614013672
12.0 10.134381 149.1869659423828 57.545631408691406
13.0 10.134381 40.31660842895508 -373.9210205078125
14.0 10.134381 204.1730194091797 182.35726928710938
15.0 10.134381 238.3786163330078 121.11709594726562
16.0 10.134381 190.20843505859375 120.3155288696289
17.0 10.134381 62.41149139404297 72.08209991455078
18.0 10.134381 186.4781036376953 143.29673767089844
19.0 10.134381 20.70203971862793 89.86167907714844
20.0 10.134381 -618.0611572265625 46.03020477294922
21.0 10.134381 -628.547119140625 134.02755737304688
22.0 10.134381 130.96560668945312 320.6040954589844
0.0 10.180445999 111.31450653076172 -625.46435546875
1.0 10.180445999 111.47541809082031 -602.6507568359375
2.0 10.180445999 103.78946685791016 -508.2154846191406
3.0 10.180445999 105.12471008300781 -521.7706298828125
4.0 10.180445999 11923.916015625 -22192.173828125
5.0 10.180445999 79.46734619140625 -433.0911865234375
6.0 10.180445999 -530.4261474609375 -188.16217041015625
7.0 10.180445999 40.545204162597656 -540.9759521484375
8.0 10.180445999 75.98121643066406 -344.7246398925781
9.0 10.180445999 143.7805938720703 52.14642333984375
10.0 10.180445999 40.53242111206055 -585.7467041015625
11.0 10.180445999 74.90318298339844 -308.5990295410156
12.0 10.180445999 146.51422119140625 56.09226989746094
13.0 10.180445999 38.36764144897461 -476.9693908691406
14.0 10.180445999 211.8577423095703 195.9808349609375
15.0 10.180445999 265.19818115234375 111.85663604736328
16.0 10.180445999 192.82778930664062 114.5600814819336
17.0 10.180445999 61.3345947265625 77.826416015625
18.0 10.180445999 191.1983184814453 138.15386962890625
19.0 10.180445999 21.46308708190918 99.16175842285156
20.0 10.180445999 -616.206787109375 48.672760009765625
21.0 10.180445999 -658.056640625 132.46559143066406
22.0 10.180445999 111.1980209350586 358.35552978515625
0.0 10.226510999 53.54913330078125 -664.4886474609375
1.0 10.226510999 43.60930252075195 -642.0789184570312
2.0 10.226510999 102.06635284423828 -597.2733764648438
3.0 10.226510999 104.89060974121094 -607.7922973632812
4.0 10.226510999 11948.916015625 -22217.173828125
5.0 10.226510999 79.91957092285156 -467.09552001953125
6.0 10.226510999 -566.4261474609375 11.83782958984375
7.0 10.226510999 46.01009750366211 -575.8860473632812
8.0 10.226510999 53.99673843383789 -375.5310974121094
9.0 10.226510999 141.03660583496094 52.61774826049805
10.0 10.226510999 46.0068473815918 -620.649169921875
11.0 10.226510999 53.043182373046875 -339.6191711425781
12.0 10.226510999 143.80413818359375 56.51697540283203
13.0 10.226510999 43.50321578979492 -506.26373291015625
14.0 10.226510999 3389.911865234375 -5721.7236328125
15.0 10.226510999 299.6042785644531 102.29218292236328
16.0 10.226510999 194.82125854492188 110.32464599609375
17.0 10.226510999 60.80497360229492 85.26449584960938
18.0 10.226510999 195.31600952148438 134.24607849121094
19.0 10.226510999 23.152559280395508 109.66456604003906
20.0 10.226510999 -596.407470703125 36.27375030517578
21.0 10.226510999 -664.8081665039062 132.77503967285156
22.0 10.226510999 97.15249633789062 346.12225341796875
0.0 10.272576999 44.25999450683594 -697.1482543945312
1.0 10.272576999 37.42745590209961 -684.1109619140625
2.0 10.272576999 109.84508514404297 -634.5556640625
3.0 10.272576999 130.86744689941406 -643.5758666992188
4.0 10.272576999 11148.916015625 -22417.173828125
5.0 10.272576999 147.59683227539062 -499.12261962890625
6.0 10.272576999 -592.8519897460938 23.637527465820312
7.0 10.272576999 39.7822265625 -618.4923706054688
8.0 10.272576999 41.69348907470703 -408.14361572265625
9.0 10.272576999 139.6364288330078 53.11514663696289
10.0 10.272576999 39.77926254272461 -663.25341796875
11.0 10.272576999 41.38605499267578 -372.31207275390625
12.0 10.272576999 142.44882202148438 56.95573425292969
13.0 10.272576999 37.31161880493164 -548.252197265625
14.0 10.272576999 2589.911865234375 -5921.7236328125
15.0 10.272576999 327.6692810058594 94.37474822998047
16.0 10.272576999 197.72618103027344 105.57025146484375
17.0 10.272576999 62.20899963378906 92.33338165283203
18.0 10.272576999 200.46209716796875 129.69183349609375
19.0 10.272576999 18.867225646972656 123.02909088134766
20.0 10.272576999 -615.3858032226562 47.6544189453125
21.0 10.272576999 -685.534912109375 132.33474731445312
22.0 10.272576999 98.19364166259766 354.20184326171875
0.0 10.318642 37.2496223449707 -726.5973510742188
1.0 10.318642 24.4217472076416 -705.98583984375
2.0 10.318642 109.25242614746094 -665.8972778320312
3.0 10.318642 121.51178741455078 -673.3972778320312
4.0 10.318642 11111.416015625 -22435.923828125
5.0 10.318642 140.85940551757812 -522.6546630859375
6.0 10.318642 -578.2459106445312 264.3775634765625
7.0 10.318642 26.76832389831543 -641.2267456054688
8.0 10.318642 28.672582626342773 -432.5527648925781
9.0 10.318642 132.4525604248047 50.91674041748047
10.0 10.318642 26.765527725219727 -685.9862670898438
11.0 10.318642 28.342193603515625 -396.4037170410156
12.0 10.318642 135.2790069580078 54.6799201965332
13.0 10.318642 24.304443359375 -570.1246337890625
14.0 10.318642 2552.411865234375 -5940.4736328125
15.0 10.318642 267.0692443847656 96.67951965332031
16.0 10.318642 195.1040496826172 97.17465209960938
17.0 10.318642 58.89773941040039 97.55284881591797
18.0 10.318642 194.61770629882812 139.7076416015625
19.0 10.318642 23.418617248535156 123.59393310546875
20.0 10.318642 -636.5166015625 54.49065399169922
21.0 10.318642 -695.0933227539062 126.04329681396484
22.0 10.318642 102.64927673339844 377.6752624511719
0.0 10.364706999 33.15171432495117 -754.5042114257812
1.0 10.364706999 10.682235717773438 -720.0965576171875
2.0 10.364706999 107.36799621582031 -696.9217529296875
3.0 10.364706999 151.53956604003906 -630.0594482421875
4.0 10.364706999 11011.416015625 -22435.923828125
5.0 10.364706999 152.888427734375 -463.55938720703125
6.0 10.364706999 -728.2459106445312 314.3775634765625
7.0 10.364706999 13.002717971801758 -656.0946044921875
8.0 10.364706999 14.56895637512207 -448.6831359863281
9.0 10.364706999 125.86754608154297 48.543861389160156
10.0 10.364706999 12.999972343444824 -700.8529663085938
11.0 10.364706999 14.312446594238281 -412.19171142578125
12.0 10.364706999 128.72467041015625 52.26785659790039
13.0 10.364706999 10.562371253967285 -584.1716918945312
14.0 10.364706999 2452.411865234375 -5940.4736328125
15.0 10.364706999 253.24732971191406 93.59483337402344
16.0 10.364706999 192.43209838867188 87.57535552978516
17.0 10.364706999 57.2386360168457 102.52178192138672
18.0 10.364706999 195.90707397460938 139.61712646484375
19.0 10.364706999 25.111711502075195 132.17007446289062
20.0 10.364706999 -642.6087036132812 64.79570770263672
21.0 10.364706999 -733.4935302734375 136.39369201660156
22.0 10.364706999 102.12416076660156 390.62713623046875
0.0 10.410772999 30.558879852294922 -778.53076171875
1.0 10.410772999 -84.1622314453125 -720.495849609375
2.0 10.410772999 96.06767272949219 -728.630859375
3.0 10.410772999 144.71328735351562 -650.1130981445312
4.0 10.410772999 56511.41796875 -22435.923828125
5.0 10.410772999 146.32742309570312 -484.2022705078125
6.0 10.410772999 -737.6209106445312 320.6275634765625
7.0 10.410772999 -64.35933685302734 -658.3506469726562
8.0 10.410772999 -41.92041778564453 -453.982421875
9.0 10.410772999 122.25505828857422 48.03165054321289
10.0 10.410772999 -64.37268829345703 -703.1075439453125
11.0 10.410772999 -44.883934020996094 -417.0069885253906
12.0 10.410772999 125.13053131103516 51.720516204833984
13.0 10.410772999 -84.98495483398438 -584.5029907226562
14.0 10.410772999 47952.4140625 -5940.4736328125
15.0 10.410772999 235.9656524658203 112.6468734741211
16.0 10.410772999 190.8072967529297 82.45928192138672
17.0 10.410772999 57.0325927734375 106.32179260253906
18.0 10.410772999 197.46755981445312 134.24392700195312
19.0 10.410772999 27.166399002075195 137.96080017089844
20.0 10.410772999 -661.6347045898438 71.47747039794922
21.0 10.410772999 -769.2711791992188 138.8742218017578
22.0 10.410772999 98.56041717529297 415.0173034667969
0.0 10.456838 32.75248336791992 -807.34814453125
1.0 10.456838 23.8377685546875 -926.495849609375
2.0 10.456838 97.56861877441406 -760.6869506835938
3.0 10.456838 149.57713317871094 -673.2391357421875
4.0 10.456838 56505.16796875 -22473.423828125
5.0 10.456838 141.42921447753906 -515.4638671875
6.0 10.456838 -762.6209106445312 420.6275634765625
7.0 10.456838 73.64066314697266 -908.3506469726562
8.0 10.456838 121.14208221435547 -677.232421875
9.0 10.456838 119.54914855957031 47.9759521484375
10.0 10.456838 120.62731170654297 -988.1075439453125
11.0 10.456838 122.6160659790039 -657.2569580078125
12.0 10.456838 122.4506607055664 51.663883209228516
13.0 10.456838 122.39004516601562 -873.5029907226562
14.0 10.456838 47946.1640625 -5977.9736328125
15.0 10.456838 236.80126953125 105.95660400390625
16.0 10.456838 189.7030487060547 78.03984832763672
17.0 10.456838 57.79243469238281 110.0527114868164
18.0 10.456838 199.48275756835938 129.51296997070312
19.0 10.456838 30.045005798339844 143.38351440429688
20.0 10.456838 -680.3142700195312 78.61054992675781
21.0 10.456838 -809.4730224609375 139.30747985839844
22.0 10.456838 92.9721450805664 436.9488830566406
0.0 10.502904 28.319438934326172 -833.5794677734375
1.0 10.502904 27.0638427734375 -958.5642700195312
2.0 10.502904 70.47144317626953 -791.375244140625
3.0 10.502904 152.81407165527344 -682.3078002929688
4.0 10.502904 56480.16796875 -22423.423828125
5.0 10.502904 134.11473083496094 -557.5241088867188
6.0 10.502904 -762.6209106445312 458.1275634765625
7.0 10.502904 62.60736846923828 -939.4666137695312
8.0 10.502904 113.76348114013672 -698.1536865234375
9.0 10.502904 114.87183380126953 47.565338134765625
10.0 10.502904 113.2437515258789 -1009.786865234375
11.0 10.502904 115.21297454833984 -682.8665161132812
12.0 10.502904 117.80526733398438 51.29326629638672
13.0 10.502904 114.97907257080078 -898.9169921875
14.0 10.502904 47921.1640625 -5927.9736328125
15.0 10.502904 235.00465393066406 99.79075622558594
16.0 10.502904 186.1243438720703 73.97937774658203
17.0 10.502904 56.14790725708008 112.76251983642578
18.0 10.502904 198.40554809570312 124.89159393310547
19.0 10.502904 30.424617767333984 147.31883239746094
20.0 10.502904 -1067.4544677734375 111.53934478759766
21.0 10.502904 -821.6674194335938 145.54478454589844
22.0 10.502904 96.52130889892578 469.6781921386719
0.0 10.548968999 28.309749603271484 -862.8411254882812
1.0 10.548968999 30.813308715820312 -990.2232055664062
2.0 10.548968999 72.2790756225586 -822.39404296875
3.0 10.548968999 160.54000854492188 -720.7708740234375
4.0 10.548968999 58080.16796875 -21623.423828125
5.0 10.548968999 127.331787109375 -581.5054321289062
6.0 10.548968999 -10618.62109375 -12469.873046875
7.0 10.548968999 56.66153335571289 -969.4703369140625
8.0 10.548968999 106.85714721679688 -727.0721435546875
9.0 10.548968999 110.46368408203125 48.93499755859375
10.0 10.548968999 106.29926300048828 -1039.6134033203125
11.0 10.548968999 108.43517303466797 -706.3740234375
12.0 10.548968999 113.40703582763672 52.607723236083984
13.0 10.548968999 108.14804077148438 -923.77734375
14.0 10.548968999 49521.1640625 -5127.9736328125
15.0 10.548968999 232.5939178466797 96.26634979248047
16.0 10.548968999 182.46888732910156 72.19617462158203
17.0 10.548968999 54.33803176879883 116.42334747314453
18.0 10.548968999 196.85488891601562 122.71309661865234
19.0 10.548968999 30.28749656677246 151.95481872558594
20.0 10.548968999 -1090.4417724609375 115.72574615478516
21.0 10.548968999 -836.6937866210938 152.19186401367188
22.0 10.548968999 97.97916412353516 502.96478271484375
0.0 10.595033999 22.084667205810547 -892.3343505859375
1.0 10.595033999 35.840362548828125 -1026.3089599609375
2.0 10.595033999 80.37975311279297 -853.8425903320312
3.0 10.595033999 155.0058135986328 -763.9390869140625
4.0 10.595033999 58080.16796875 -21623.423828125
5.0 10.595033999 120.65975189208984 -614.1737060546875
6.0 10.595033999 -10643.62109375 -12507.373046875
7.0 10.595033999 58.01249313354492 -1000.585693359375
8.0 10.595033999 101.10479736328125 -757.8038940429688
9.0 10.595033999 106.20745849609375 48.26878356933594
10.0 10.595033999 100.08231353759766 -1069.161865234375
11.0 10.595033999 102.73493957519531 -734.5801391601562
12.0 10.595033999 109.1507339477539 51.8868522644043
13.0 10.595033999 102.46183776855469 -952.4627075195312
14.0 10.595033999 49521.1640625 -5127.9736328125
15.0 10.595033999 229.7402801513672 92.05272674560547
16.0 10.595033999 178.55027770996094 69.3065185546875
17.0 10.595033999 51.940303802490234 117.42478942871094
18.0 10.595033999 194.24058532714844 119.62381744384766
19.0 10.595033999 29.233388900756836 153.57315063476562
20.0 10.595033999 -1125.7554931640625 118.16983795166016
21.0 10.595033999 -867.7489624023438 156.76673889160156
22.0 10.595033999 96.69425964355469 531.498291015625
0.0 10.6411 15.973949432373047 -920.1259155273438
1.0 10.6411 33.3076171875 -1057.213134765625
2.0 10.6411 63.884742736816406 -884.6397705078125
3.0 10.6411 161.8202667236328 -760.71337890625
4.0 10.6411 58880.16796875 -21623.423828125
5.0 10.6411 112.44054412841797 -640.7155151367188
6.0 10.6411 -10706.12109375 -12557.373046875
7.0 10.6411 59.99274444580078 -1030.95654296875
8.0 10.6411 94.21541595458984 -779.6449584960938
9.0 10.6411 101.06565856933594 46.734161376953125
10.0 10.6411 106.03357696533203 -1054.7667236328125
11.0 10.6411 95.78546905517578 -763.8197021484375
12.0 10.6411 104.01885223388672 50.338863372802734
13.0 10.6411 95.4990463256836 -980.594482421875
14.0 10.6411 50321.1640625 -5127.9736328125
15.0 10.6411 226.2557373046875 86.49925994873047
16.0 10.6411 173.8814239501953 65.2463607788086
17.0 10.6411 49.11247634887695 117.80616760253906
18.0 10.6411 191.2248077392578 115.0771255493164
19.0 10.6411 27.957530975341797 154.91702270507812
20.0 10.6411 -1156.247314453125 122.4060287475586
21.0 10.6411 -907.0995483398438 159.0318603515625
22.0 10.6411 92.79817962646484 565.02783203125
0.0 10.687165 16.156322479248047 -952.3407592773438
1.0 10.687165 31.71514892578125 -1086.8973388671875
2.0 10.687165 65.21932220458984 -915.5712890625
3.0 10.687165 157.91893005371094 -802.5369262695312
4.0 10.687165 58917.66796875 -21523.423828125
5.0 10.687165 108.43902587890625 -694.9649658203125
6.0 10.687165 -10756.12109375 -12582.373046875
7.0 10.687165 56.11827850341797 -1061.1336669921875
8.0 10.687165 90.62480163574219 -811.1892700195312
9.0 10.687165 98.4648666381836 46.27186965942383
10.0 10.687165 103.39762115478516 -1096.002685546875
11.0 10.687165 92.63518524169922 -794.0029907226562
12.0 10.687165 101.4062728881836 49.8165168762207
13.0 10.687165 92.00039672851562 -1010.724365234375
14.0 10.687165 50358.6640625 -5027.9736328125
15.0 10.687165 224.21121215820312 84.48124694824219
16.0 10.687165 171.3916778564453 63.845523834228516
17.0 10.687165 47.23383331298828 117.88880157470703
18.0 10.687165 189.11251831054688 113.5781021118164
19.0 10.687165 26.59222984313965 155.3873291015625
20.0 10.687165 -1189.922607421875 124.56327819824219
21.0 10.687165 -937.8853149414062 159.4086151123047
22.0 10.687165 90.92453002929688 589.0496826171875
0.0 10.733229999 18.554454803466797 -984.5005493164062
1.0 10.733229999 31.539947509765625 -1115.21875
2.0 10.733229999 69.9551773071289 -946.81982421875
3.0 10.733229999 161.18934631347656 -823.2695922851562
4.0 10.733229999 58917.66796875 -21480.11328125
5.0 10.733229999 92.20813751220703 -888.8084716796875
6.0 10.733229999 -10831.12109375 -12582.373046875
7.0 10.733229999 56.71464157104492 -1091.947509765625
8.0 10.733229999 88.17048645019531 -833.8803100585938
9.0 10.733229999 98.42534637451172 47.62150573730469
10.0 10.733229999 102.37158203125 -1159.5093994140625
11.0 10.733229999 91.11212158203125 -813.296875
12.0 10.733229999 101.34489440917969 51.15962600708008
13.0 10.733229999 89.68667602539062 -1031.5797119140625
14.0 10.733229999 50358.6640625 -4984.638671875
15.0 10.733229999 224.0044708251953 85.98220825195312
16.0 10.733229999 171.24835205078125 65.54931640625
17.0 10.733229999 46.88113784790039 118.95050048828125
18.0 10.733229999 188.6841278076172 115.313232421875
19.0 10.733229999 26.06675910949707 156.31918334960938
20.0 10.733229999 -1225.196044921875 127.3901138305664
21.0 10.733229999 -967.7868041992188 160.82823181152344
22.0 10.733229999 90.64994812011719 618.81640625
0.0 10.779295999 20.181407928466797 -1012.6079711914062
1.0 10.779295999 25.044158935546875 -1136.16796875
2.0 10.779295999 65.85187530517578 -978.0573120117188
3.0 10.779295999 163.80816650390625 -891.5396728515625
4.0 10.779295999 58917.66796875 -21480.11328125
5.0 10.779295999 97.3908920288086 -949.8216552734375
6.0 10.779295999 -10849.87109375 -12638.623046875
7.0 10.779295999 54.424312591552734 -1122.2161865234375
8.0 10.779295999 95.08731079101562 -896.8994140625
9.0 10.779295999 101.15611267089844 50.421051025390625
10.0 10.779295999 105.27759552001953 -1199.0335693359375
11.0 10.779295999 95.91685485839844 -874.6851196289062
12.0 10.779295999 104.03721618652344 53.905555725097656
13.0 10.779295999 94.06874084472656 -1093.409912109375
14.0 10.779295999 50358.6640625 -4984.638671875
15.0 10.779295999 225.9593963623047 90.30865478515625
16.0 10.779295999 173.66015625 69.36149597167969
17.0 10.779295999 48.67148208618164 120.76010131835938
18.0 10.779295999 190.5603790283203 119.26805877685547
19.0 10.779295999 27.167293548583984 157.69444274902344
20.0 10.779295999 -1251.6336669921875 129.78750610351562
21.0 10.779295999 -984.2685546875 164.34442138671875
22.0 10.779295999 94.6596450805664 646.2157592773438
0.0 10.825361 18.011241912841797 -1039.2611083984375
1.0 10.825361 25.380035400390625 -1164.3634033203125
2.0 10.825361 74.65853881835938 -1009.0560302734375
3.0 10.825361 168.01638793945312 -868.2435913085938
4.0 10.825361 60274.89453125 -21480.11328125
5.0 10.825361 112.42462158203125 -996.7501220703125
6.0 10.825361 -11049.87109375 -12538.623046875
7.0 10.825361 53.62834167480469 -1152.3690185546875
8.0 10.825361 110.07659912109375 -965.4210815429688
9.0 10.825361 105.1670150756836 53.06504440307617
10.0 10.825361 105.33683776855469 -1427.065673828125
11.0 10.825361 110.94871520996094 -939.2859497070312
12.0 10.825361 107.99713897705078 56.52562713623047
13.0 10.825361 108.99127960205078 -1164.9107666015625
14.0 10.825361 51715.890625 -4984.638671875
15.0 10.825361 228.22119140625 97.11133575439453
16.0 10.825361 177.0736846923828 74.86971282958984
17.0 10.825361 50.040706634521484 121.21495056152344
18.0 10.825361 190.26156616210938 117.78024291992188
19.0 10.825361 26.823028564453125 157.08885192871094
20.0 10.825361 -1268.4930419921875 127.55020141601562
21.0 10.825361 -1010.7259521484375 163.14134216308594
22.0 10.825361 93.30592346191406 674.1019287109375
0.0 10.871427 20.727428436279297 -1070.1671142578125
1.0 10.871427 31.78912353515625 -1195.241943359375
2.0 10.871427 72.73944854736328 -1040.24853515625
3.0 10.871427 171.8600311279297 -913.7958984375
4.0 10.871427 7026.89453125 -21480.11328125
5.0 10.871427 125.05931854248047 -1074.705322265625
6.0 10.871427 -11099.87109375 -12538.623046875
7.0 10.871427 65.8955307006836 -1183.8387451171875
8.0 10.871427 126.5453109741211 -1147.58251953125
9.0 10.871427 109.59525299072266 54.31565475463867
10.0 10.871427 119.25907135009766 -1473.8656005859375
11.0 10.871427 124.1224365234375 -1039.23046875
12.0 10.871427 112.37335968017578 57.72188186645508
13.0 10.871427 125.78536224365234 -1275.87255859375
14.0 10.871427 -1532.109375 -4984.638671875
15.0 10.871427 229.5670623779297 105.50507354736328
16.0 10.871427 180.15113830566406 80.87999725341797
17.0 10.871427 50.22215270996094 118.62874603271484
18.0 10.871427 189.2468719482422 114.05941772460938
19.0 10.871427 24.329208374023438 152.7642059326172
20.0 10.871427 -1292.3092041015625 128.99212646484375
21.0 10.871427 -1041.3704833984375 163.0283966064453
22.0 10.871427 88.72941589355469 692.871337890625
0.0 10.917491999 22.068096160888672 -1100.5941162109375
1.0 10.917491999 32.5443115234375 -1224.803466796875
2.0 10.917491999 73.33773803710938 -1072.177734375
3.0 10.917491999 180.99522399902344 -960.6123657226562
4.0 10.917491999 7026.89453125 -21480.11328125
5.0 10.917491999 149.53094482421875 -1113.034912109375
6.0 10.917491999 -10899.87109375 -12538.623046875
7.0 10.917491999 64.36576080322266 -1215.724853515625
8.0 10.917491999 153.0205841064453 -1187.3504638671875
9.0 10.917491999 113.94070434570312 55.46023941040039
10.0 10.917491999 143.89675903320312 -1542.994873046875
11.0 10.917491999 148.71534729003906 -1076.958740234375
12.0 10.917491999 116.66258239746094 58.91799545288086
13.0 10.917491999 150.2487335205078 -1314.5357666015625
14.0 10.917491999 -1332.109375 -4984.638671875
15.0 10.917491999 230.15321350097656 114.2906494140625
16.0 10.917491999 182.684814453125 87.31786346435547
17.0 10.917491999 50.25949478149414 115.43236541748047
18.0 10.917491999 189.32901000976562 121.28802490234375
19.0 10.917491999 21.71887969970703 147.51925659179688
20.0 10.917491999 -1310.5194091796875 129.472412109375
21.0 10.917491999 -1099.7935791015625 159.9865264892578
22.0 10.917491999 93.58645629882812 685.1392211914062
0.0 10.963557 26.592403411865234 -1134.397216796875
1.0 10.963557 35.83355712890625 -1256.6722412109375
2.0 10.963557 81.9738998413086 -1103.462646484375
3.0 10.963557 179.08517456054688 -1370.07421875
4.0 10.963557 7026.89453125 -21880.11328125
5.0 10.963557 122.07831573486328 -1518.107177734375
6.0 10.963557 -10937.37109375 -12563.623046875
7.0 10.963557 69.0963363647461 -1246.950927734375
8.0 10.963557 125.67855834960938 -1517.3077392578125
9.0 10.963557 116.91609954833984 56.968963623046875
10.0 10.963557 221.57815551757812 -1567.2786865234375
11.0 10.963557 121.300537109375 -1492.0281982421875
12.0 10.963557 119.58025360107422 60.40409851074219
13.0 10.963557 123.18683624267578 -1703.2772216796875
14.0 10.963557 -1369.609375 -5009.638671875
15.0 10.963557 229.16973876953125 122.79723358154297
16.0 10.963557 183.5581512451172 93.7171630859375
17.0 10.963557 49.48441696166992 112.23257446289062
18.0 10.963557 187.66836547851562 128.34410095214844
19.0 10.963557 18.47435188293457 142.29791259765625
20.0 10.963557 -1335.0870361328125 122.52684020996094
21.0 10.963557 -1129.148681640625 156.79095458984375
22.0 10.963557 87.82947540283203 720.9750366210938
0.0 11.009623 27.37295150756836 -1167.9014892578125
1.0 11.009623 34.01904296875 -1287.1064453125
2.0 11.009623 86.4985122680664 -1134.8477783203125
3.0 11.009623 138.736572265625 -1429.9617919921875
4.0 11.009623 7126.89453125 -21680.11328125
5.0 11.009623 122.2126235961914 -1551.9326171875
6.0 11.009623 -10837.37109375 -12613.623046875
7.0 11.009623 75.05195617675781 -1278.2103271484375
8.0 11.009623 125.92741394042969 -1551.8245849609375
9.0 11.009623 120.1702880859375 57.65561294555664
10.0 11.009623 228.67538452148438 -1573.223388671875
11.0 11.009623 121.52814483642578 -1525.6693115234375
12.0 11.009623 122.7878189086914 61.10869598388672
13.0 11.009623 123.29127502441406 -1737.3543701171875
14.0 11.009623 -1269.609375 -5059.638671875
15.0 11.009623 227.94203186035156 130.36557006835938
16.0 11.009623 184.37266540527344 99.26543426513672
17.0 11.009623 49.24849319458008 107.96237182617188
18.0 11.009623 185.851806640625 134.3824920654297
19.0 11.009623 15.8945951461792 135.7901611328125
20.0 11.009623 -1345.50634765625 124.52880859375
21.0 11.009623 -1148.3746337890625 157.46922302246094
22.0 11.009623 104.67613983154297 791.8173828125
0.0 11.055688 26.027156829833984 -1202.2001953125
1.0 11.055688 29.05377197265625 -1318.256103515625
2.0 11.055688 91.55242156982422 -1166.52490234375
3.0 11.055688 152.61302185058594 -1486.390625
4.0 11.055688 7126.89453125 -21680.11328125
5.0 11.055688 144.36080932617188 -1583.3126220703125
6.0 11.055688 -10712.37109375 -12763.623046875
7.0 11.055688 81.81929016113281 -1309.1759033203125
8.0 11.055688 149.77865600585938 -1582.8065185546875
9.0 11.055688 121.5300064086914 56.685787200927734
10.0 11.055688 234.72312927246094 -1588.7919921875
11.0 11.055688 124.28787231445312 -1556.748291015625
12.0 11.055688 124.12438201904297 60.162574768066406
13.0 11.055688 146.18801879882812 -1768.3399658203125
14.0 11.055688 -1144.609375 -5209.638671875
15.0 11.055688 224.5340576171875 135.9915313720703
16.0 11.055688 182.7764892578125 102.87171936035156
17.0 11.055688 47.36094665527344 101.85282135009766
18.0 11.055688 181.6462860107422 138.45785522460938
19.0 11.055688 17.767873764038086 157.6654815673828
20.0 11.055688 -1390.503662109375 122.99251556396484
21.0 11.055688 -1175.3983154296875 148.10462951660156
22.0 11.055688 104.18128967285156 808.806884765625
0.0 11.101752999 27.386165618896484 -1234.2960205078125
1.0 11.101752999 29.700958251953125 -1349.6563720703125
2.0 11.101752999 100.41534423828125 -1197.473876953125
3.0 11.101752999 26.87354278564453 -1526.205810546875
4.0 11.101752999 7126.89453125 -21680.11328125
5.0 11.101752999 120.11815643310547 -1654.1131591796875
6.0 11.101752999 -10724.87109375 -12513.623046875
7.0 11.101752999 77.45010375976562 -1340.2105712890625
8.0 11.101752999 24.41495132446289 -1615.385009765625
9.0 11.101752999 123.21256256103516 56.2325439453125
10.0 11.101752999 326.8563232421875 -1543.1754150390625
11.0 11.101752999 124.90592193603516 -1587.8631591796875
12.0 11.101752999 125.74077606201172 59.745548248291016
13.0 11.101752999 181.9214630126953 -1789.4283447265625
14.0 11.101752999 -1157.109375 -4959.638671875
15.0 11.101752999 220.69781494140625 142.1658935546875
16.0 11.101752999 181.05294799804688 107.06487274169922
17.0 11.101752999 46.10699462890625 95.74876403808594
18.0 11.101752999 177.03150939941406 142.81983947753906
19.0 11.101752999 12.608654975891113 149.52796936035156
20.0 11.101752999 -1412.832275390625 122.92423248291016
21.0 11.101752999 -1252.5233154296875 154.07327270507812
22.0 11.101752999 137.13377380371094 858.5345458984375
0.0 11.147818999 33.25263595581055 -1265.0462646484375
1.0 11.147818999 34.655006408691406 -1380.8189697265625
2.0 11.147818999 98.54150390625 -1230.6221923828125
3.0 11.147818999 34.1385498046875 -1556.92041015625
4.0 11.147818999 7526.89453125 -21380.11328125
5.0 11.147818999 131.8826141357422 -1685.60107421875
6.0 11.147818999 -17124.87109375 286.376953125
7.0 11.147818999 82.6759262084961 -1372.2911376953125
8.0 11.147818999 30.970849990844727 -1646.0516357421875
9.0 11.147818999 126.11874389648438 56.41053771972656
10.0 11.147818999 726.8563232421875 -1243.1754150390625
11.0 11.147818999 119.61861419677734 -1618.4466552734375
12.0 11.147818999 128.61294555664062 59.991371154785156
13.0 11.147818999 181.4285888671875 -1821.10498046875
14.0 11.147818999 -5701.109375 15136.361328125
15.0 11.147818999 218.24424743652344 147.94064331054688
16.0 11.147818999 180.80081176757812 111.03556060791016
17.0 11.147818999 46.8918571472168 90.98072814941406
18.0 11.147818999 174.2788543701172 146.7700958251953
19.0 11.147818999 10.082728385925293 142.6564178466797
20.0 11.147818999 -1446.96044921875 127.77272033691406
21.0 11.147818999 -1273.18994140625 149.62501525878906
22.0 11.147818999 141.13893127441406 885.2450561523438
0.0 11.193884 40.08917236328125 -1291.850830078125
1.0 11.193884 41.53293991088867 -1408.169677734375
2.0 11.193884 100.75817108154297 -1262.3480224609375
3.0 11.193884 41.19503402709961 -1584.159912109375
4.0 11.193884 7626.89453125 -21380.11328125
5.0 11.193884 132.74880981445312 -1716.365478515625
6.0 11.193884 -17127.99609375 291.064453125
7.0 11.193884 78.62892150878906 -1403.488037109375
8.0 11.193884 38.50117492675781 -1671.581298828125
9.0 11.193884 130.89479064941406 57.026084899902344
10.0 11.193884 826.8563232421875 -1243.1754150390625
11.0 11.193884 125.25669860839844 -1648.7557373046875
12.0 11.193884 133.36666870117188 60.61345672607422
13.0 11.193884 176.88076782226562 -1851.30224609375
14.0 11.193884 -5704.234375 15141.048828125
15.0 11.193884 217.5972900390625 153.49778747558594
16.0 11.193884 182.51438903808594 114.89897155761719
17.0 11.193884 49.93782424926758 86.98109436035156
18.0 11.193884 173.67166137695312 150.3685302734375
19.0 11.193884 10.005437850952148 136.40875244140625
20.0 11.193884 -1455.2001953125 130.32798767089844
21.0 11.193884 -1300.1807861328125 142.3517608642578
22.0 11.193884 139.50189208984375 915.8706665039062
0.0 11.239948999 37.57816696166992 -1308.8121337890625
1.0 11.239948999 37.322418212890625 -1422.8289794921875
2.0 11.239948999 99.689697265625 -1294.5164794921875
3.0 11.239948999 37.68988037109375 -1599.8538818359375
4.0 11.239948999 7876.89453125 -21280.11328125
5.0 11.239948999 132.14004516601562 -1747.6268310546875
6.0 11.239948999 -17127.99609375 341.064453125
7.0 11.239948999 113.6209487915039 -1435.0565185546875
8.0 11.239948999 35.709415435791016 -1689.328857421875
9.0 11.239948999 135.92654418945312 58.13140106201172
10.0 11.239948999 1076.8563232421875 -1143.1754150390625
11.0 11.239948999 126.35453033447266 -1679.4619140625
12.0 11.239948999 138.34744262695312 61.74460220336914
13.0 11.239948999 96.1801986694336 -1882.0631103515625
14.0 11.239948999 -5704.234375 15191.048828125
15.0 11.239948999 215.55638122558594 160.2700653076172
16.0 11.239948999 183.3350830078125 119.85627746582031
17.0 11.239948999 53.179134368896484 81.92621612548828
18.0 11.239948999 171.66217041015625 154.830322265625
19.0 11.239948999 17.413860321044922 132.6004638671875
20.0 11.239948999 -1475.61474609375 121.23062896728516
21.0 11.239948999 -1331.885009765625 133.29708862304688
22.0 11.239948999 135.69564819335938 949.04443359375
0.0 11.286014999 40.99122619628906 -1311.8868408203125
1.0 11.286014999 40.716827392578125 -1425.193115234375
2.0 11.286014999 105.89690399169922 -1326.5711669921875
3.0 11.286014999 40.99196243286133 -1603.1856689453125
4.0 11.286014999 7901.89453125 -21280.11328125
5.0 11.286014999 126.86775207519531 -1778.413330078125
6.0 11.286014999 -17190.49609375 341.064453125
7.0 11.286014999 116.85587310791016 -1465.736083984375
8.0 11.286014999 38.205406188964844 -1692.657958984375
9.0 11.286014999 138.5084228515625 58.79141616821289
10.0 11.286014999 1101.8563232421875 -1143.1754150390625
11.0 11.286014999 121.992431640625 -1709.9444580078125
12.0 11.286014999 140.84811401367188 62.460636138916016
13.0 11.286014999 101.99109649658203 -1911.5174560546875
14.0 11.286014999 -5766.734375 15191.048828125
15.0 11.286014999 211.47305297851562 165.5670166015625
16.0 11.286014999 181.73109436035156 123.9273910522461
17.0 11.286014999 54.549930572509766 76.91674041748047
18.0 11.286014999 167.54539489746094 158.13584899902344
19.0 11.286014999 24.16147804260254 132.8182830810547
20.0 11.286014999 -1514.30517578125 122.01715850830078
21.0 11.286014999 -1360.810302734375 125.41539764404297
22.0 11.286014999 130.6388702392578 981.2893676757812
0.0 11.33208 47.055145263671875 -1338.1021728515625
1.0 11.33208 46.14638900756836 -1451.0731201171875
2.0 11.33208 113.79518127441406 -1368.0047607421875
3.0 11.33208 47.11930847167969 -1629.4256591796875
4.0 11.33208 7976.89453125 -21267.61328125
5.0 11.33208 131.44412231445312 -1809.8072509765625
6.0 11.33208 -17090.49609375 416.064453125
7.0 11.33208 107.58316040039062 -1496.635986328125
8.0 11.33208 40.74363708496094 -1716.381591796875
9.0 11.33208 140.8117218017578 60.2437858581543
10.0 11.33208 1176.8563232421875 -1130.6754150390625
11.0 11.33208 122.15087890625 -1740.6419677734375
12.0 11.33208 143.1195526123047 63.9018669128418
13.0 11.33208 107.74021911621094 -1953.9849853515625
14.0 11.33208 -5666.734375 15266.048828125
15.0 11.33208 207.0667724609375 171.1844940185547
16.0 11.33208 179.94175720214844 128.24737548828125
17.0 11.33208 56.144283294677734 73.04438018798828
18.0 11.33208 163.39382934570312 161.56813049316406
19.0 11.33208 17.488645553588867 132.3621063232422
20.0 11.33208 -1532.25830078125 131.83123779296875
21.0 11.33208 -1386.4202880859375 118.17054748535156
22.0 11.33208 126.32164001464844 1012.2764282226562
0.0 11.378146 49.17524719238281 -1360.4525146484375
1.0 11.378146 48.02567672729492 -1473.5535888671875
2.0 11.378146 102.30513763427734 -1369.1666259765625
3.0 11.378146 52.006736755371094 -1652.485107421875
4.0 11.378146 7976.89453125 -21255.11328125
5.0 11.378146 141.2166748046875 -1838.353515625
6.0 11.378146 -16890.49609375 616.064453125
7.0 11.378146 113.6108627319336 -1512.9649658203125
8.0 11.378146 43.040218353271484 -1740.7847900390625
9.0 11.378146 142.9260711669922 60.353599548339844
10.0 11.378146 1176.8563232421875 -1118.1754150390625
11.0 11.378146 120.32149505615234 -1757.762939453125
12.0 11.378146 145.1796417236328 63.99805450439453
13.0 11.378146 112.76742553710938 -1969.061279296875
14.0 11.378146 -5466.734375 15466.048828125
15.0 11.378146 202.677978515625 174.93222045898438
16.0 11.378146 177.88720703125 130.84567260742188
17.0 11.378146 57.83677291870117 67.96248626708984
18.0 11.378146 159.2276153564453 163.1599884033203
19.0 11.378146 6.291793346405029 131.71485900878906
20.0 11.378146 -1558.5767822265625 130.4219207763672
21.0 11.378146 -1398.2232666015625 119.83982849121094
22.0 11.378146 120.5121841430664 1041.8895263671875
0.0 11.424210999 53.982635498046875 -1406.3531494140625
1.0 11.424210999 52.88253402709961 -1519.124267578125
2.0 11.424210999 108.00239562988281 -1399.48974609375
3.0 11.424210999 43.366371154785156 -1636.507568359375
4.0 11.424210999 7995.64453125 -21261.36328125
5.0 11.424210999 143.30274963378906 -1869.483154296875
6.0 11.424210999 -15290.49609375 2616.064453125
7.0 11.424210999 85.69525146484375 -1562.3203125
8.0 11.424210999 47.969608306884766 -1796.463623046875
9.0 11.424210999 144.76341247558594 62.07590866088867
10.0 11.424210999 1195.6063232421875 -1124.4254150390625
11.0 11.424210999 119.43951416015625 -1773.0673828125
12.0 11.424210999 146.94432067871094 65.74227142333984
13.0 11.424210999 112.57981872558594 -1995.301025390625
14.0 11.424210999 -3866.734375 17466.048828125
15.0 11.424210999 199.2595977783203 180.88040161132812
16.0 11.424210999 175.46340942382812 134.8074951171875
17.0 11.424210999 59.58524703979492 64.57654571533203
18.0 11.424210999 154.7097930908203 165.9586639404297
19.0 11.424210999 0.05104660615324974 143.91781616210938
20.0 11.424210999 -1579.598388671875 132.64773559570312
21.0 11.424210999 -1404.1690673828125 121.8006591796875
22.0 11.424210999 115.47403717041016 1075.1932373046875
0.0 11.470275999 64.60607147216797 -1435.75927734375
1.0 11.470275999 63.081878662109375 -1549.246826171875
2.0 11.470275999 114.45112609863281 -1437.4036865234375
3.0 11.470275999 20.43747329711914 -1580.620361328125
4.0 11.470275999 8006.58203125 -21262.14453125
5.0 11.470275999 143.25425720214844 -1899.9947509765625
6.0 11.470275999 -15340.49609375 2516.064453125
7.0 11.470275999 53.58357238769531 -1557.6656494140625
8.0 11.470275999 57.36210632324219 -1816.484130859375
9.0 11.470275999 148.19122314453125 65.59890747070312
10.0 11.470275999 1206.5438232421875 -1125.2066650390625
11.0 11.470275999 122.05803680419922 -1815.2142333984375
12.0 11.470275999 150.29771423339844 69.29605865478516
13.0 11.470275999 117.69971466064453 -2033.5521240234375
14.0 11.470275999 -3916.734375 17366.048828125
15.0 11.470275999 191.8043975830078 193.98997497558594
16.0 11.470275999 174.22463989257812 140.37649536132812
17.0 11.470275999 63.2667121887207 62.535545349121094
18.0 11.470275999 151.2509765625 170.17221069335938
19.0 11.470275999 -24.270647048950195 137.87432861328125
20.0 11.470275999 -1605.2294921875 126.38044738769531
21.0 11.470275999 -1429.6943359375 113.26021575927734
22.0 11.470275999 113.03102111816406 1102.9183349609375
0.0 11.516342 72.70282745361328 -1452.8516845703125
1.0 11.516342 74.39315032958984 -1574.7611083984375
2.0 11.516342 120.8841781616211 -1470.478515625
3.0 11.516342 17.68318748474121 -1604.759033203125
4.0 11.516342 8056.58203125 -21274.64453125
5.0 11.516342 145.03817749023438 -1931.364501953125
6.0 11.516342 -16140.49609375 2316.064453125
7.0 11.516342 64.69049835205078 -1594.45849609375
8.0 11.516342 68.25788879394531 -1842.280029296875
9.0 11.516342 151.51344299316406 66.43777465820312
10.0 11.516342 1256.5438232421875 -1137.7066650390625
11.0 11.516342 127.84178924560547 -1851.74560546875
12.0 11.516342 153.57554626464844 70.12440490722656
13.0 11.516342 124.32230377197266 -2065.61328125
14.0 11.516342 -4716.734375 17166.048828125
15.0 11.516342 191.23455810546875 198.73985290527344
16.0 11.516342 173.80137634277344 142.5950927734375
17.0 11.516342 66.92108917236328 59.2554817199707
18.0 11.516342 149.26902770996094 171.23988342285156
19.0 11.516342 -47.11020278930664 139.1942901611328
20.0 11.516342 -1630.7391357421875 119.17769622802734
21.0 11.516342 -1450.5523681640625 121.659423828125
22.0 11.516342 109.999267578125 1130.870849609375
0.0 11.562407 79.18629455566406 -1475.921142578125
1.0 11.562407 80.75798034667969 -1598.9559326171875
2.0 11.562407 126.91620635986328 -1511.1173095703125
3.0 11.562407 29.390531539916992 -1629.4140625
4.0 11.562407 8069.08203125 -21299.64453125
5.0 11.562407 151.2843017578125 -1962.675537109375
6.0 11.562407 -16115.49609375 2416.064453125
7.0 11.562407 71.12965393066406 -1644.6610107421875
8.0 11.562407 74.4762191772461 -1875.2232666015625
9.0 11.562407 155.60958862304688 69.86094665527344
10.0 11.562407 1269.0438232421875 -1162.7066650390625
11.0 11.562407 131.7350616455078 -1898.5052490234375
12.0 11.562407 157.63156127929688 73.54810333251953
13.0 11.562407 129.2957763671875 -2113.133544921875
14.0 11.562407 -4691.734375 17266.048828125
15.0 11.562407 175.35060119628906 159.98538208007812
16.0 11.562407 174.5408935546875 147.09002685546875
17.0 11.562407 71.59193420410156 58.870262145996094
18.0 11.562407 148.5378875732422 174.93531799316406
19.0 11.562407 -61.1700553894043 135.44200134277344
20.0 11.562407 -1659.9656982421875 116.50745391845703
21.0 11.562407 -1476.9830322265625 118.86920928955078
22.0 11.562407 107.96047973632812 1160.360595703125
0.0 11.608471999 84.02407836914062 -1508.086181640625
1.0 11.608471999 85.55573272705078 -1632.23291015625
2.0 11.608471999 132.82948303222656 -1547.4951171875
3.0 11.608471999 32.57841110229492 -1676.9088134765625
4.0 11.608471999 8081.58203125 -21315.26953125
5.0 11.608471999 148.99085998535156 -1991.2076416015625
6.0 11.608471999 -16117.05859375 2416.064453125
7.0 11.608471999 75.91812133789062 -1685.8746337890625
8.0 11.608471999 79.25081634521484 -1909.927978515625
9.0 11.608471999 157.85958862304688 72.10978698730469
10.0 11.608471999 1281.5438232421875 -1178.3316650390625
11.0 11.608471999 137.88685607910156 -1932.72216796875
12.0 11.608471999 159.85145568847656 75.7534408569336
13.0 11.608471999 134.81822204589844 -2148.53173828125
14.0 11.608471999 -4693.296875 17266.048828125
15.0 11.608471999 174.24542236328125 162.9327392578125
16.0 11.608471999 173.99282836914062 150.0644073486328
17.0 11.608471999 74.45598602294922 57.98525619506836
18.0 11.608471999 147.00860595703125 177.12109375
19.0 11.608471999 -81.19256591796875 131.5453643798828
20.0 11.608471999 -1687.642578125 113.62520599365234
21.0 11.608471999 -1503.63916015625 115.86575317382812
22.0 11.608471999 105.93002319335938 1186.7685546875
0.0 11.654537999 85.7333984375 -1545.1895751953125
1.0 11.654537999 87.32167053222656 -1670.541015625
2.0 11.654537999 133.66217041015625 -1580.5650634765625
3.0 11.654537999 35.96895980834961 -1718.682373046875
4.0 11.654537999 8106.58203125 -21340.26953125
5.0 11.654537999 151.13706970214844 -2022.0062255859375
6.0 11.654537999 -16173.30859375 2409.814453125
7.0 11.654537999 77.85292053222656 -1738.63232421875
8.0 11.654537999 81.02030944824219 -1952.66064453125
9.0 11.654537999 157.82696533203125 71.85121154785156
10.0 11.654537999 1306.5438232421875 -1203.3316650390625
11.0 11.654537999 139.1074981689453 -1959.753173828125
12.0 11.654537999 159.83091735839844 75.47663116455078
13.0 11.654537999 136.31614685058594 -2178.54248046875
14.0 11.654537999 -4749.546875 17259.798828125
15.0 11.654537999 172.88760375976562 162.87396240234375
16.0 11.654537999 172.73004150390625 150.0948028564453
17.0 11.654537999 74.66384887695312 56.482845306396484
18.0 11.654537999 145.7263946533203 177.00607299804688
19.0 11.654537999 -110.70746612548828 127.02857208251953
20.0 11.654537999 -1716.289306640625 111.13011932373047
21.0 11.654537999 -1531.0745849609375 113.33210754394531
22.0 11.654537999 103.41564178466797 1212.139892578125
0.0 11.700603 83.03551483154297 -1583.81298828125
1.0 11.700603 85.42180633544922 -1713.7957763671875
2.0 11.700603 133.50035095214844 -1614.9520263671875
3.0 11.700603 30.697242736816406 -1738.544677734375
4.0 11.700603 8150.33203125 -21349.64453125
5.0 11.700603 152.73291015625 -2052.71240234375
6.0 11.700603 -16273.30859375 2459.814453125
7.0 11.700603 75.50898742675781 -1777.6512451171875
8.0 11.700603 78.24413299560547 -1999.4036865234375
9.0 11.700603 157.3131866455078 72.06761932373047
10.0 11.700603 1350.2938232421875 -1212.7066650390625
11.0 11.700603 139.26718139648438 -1990.16943359375
12.0 11.700603 159.3751983642578 75.63592529296875
13.0 11.700603 136.45401000976562 -2210.90234375
14.0 11.700603 -4849.546875 17309.798828125
15.0 11.700603 172.72265625 162.93006896972656
16.0 11.700603 172.57737731933594 150.2245635986328
17.0 11.700603 74.15802764892578 57.16566467285156
18.0 11.700603 145.86007690429688 177.40859985351562
19.0 11.700603 -144.27626037597656 129.56243896484375
20.0 11.700603 -1745.2630615234375 112.56319427490234
21.0 11.700603 -1559.2620849609375 115.0428237915039
22.0 11.700603 102.28390502929688 1241.2197265625
0.0 11.746667999 76.04441833496094 -1613.5194091796875
1.0 11.746667999 78.50182342529297 -1745.25390625
2.0 11.746667999 131.45262145996094 -1647.5751953125
3.0 11.746667999 33.19639587402344 -1724.2425537109375
4.0 11.746667999 8162.83203125 -21368.39453125
5.0 11.746667999 152.20343017578125 -2083.269287109375
6.0 11.746667999 -16273.30859375 2509.814453125
7.0 11.746667999 69.2103042602539 -1778.499755859375
8.0 11.746667999 71.12761688232422 -2020.0677490234375
9.0 11.746667999 156.55130004882812 71.81371307373047
10.0 11.746667999 1362.7938232421875 -1231.4566650390625
11.0 11.746667999 137.03347778320312 -2022.677734375
12.0 11.746667999 158.70449829101562 75.31539916992188
13.0 11.746667999 133.98260498046875 -2243.6767578125
14.0 11.746667999 -4849.546875 17359.798828125
15.0 11.746667999 174.8026123046875 162.06968688964844
16.0 11.746667999 174.3302764892578 149.1655731201172
17.0 11.746667999 72.89422607421875 59.3103141784668
18.0 11.746667999 148.65049743652344 177.4700927734375
19.0 11.746667999 -226.08837890625 106.14270782470703
20.0 11.746667999 -1772.7803955078125 117.54244232177734
21.0 11.746667999 -1585.6456298828125 120.06495666503906
22.0 11.746667999 104.84052276611328 1271.6878662109375
0.0 11.792733999 65.96282958984375 -1646.669677734375
1.0 11.792733999 68.37655639648438 -1777.2691650390625
2.0 11.792733999 129.24642944335938 -1677.7523193359375
3.0 11.792733999 61.84797668457031 -1766.0726318359375
4.0 11.792733999 8287.83203125 -21368.39453125
5.0 11.792733999 151.04039001464844 -2113.607666015625
6.0 11.792733999 -16298.30859375 2509.814453125
7.0 11.792733999 59.79816818237305 -1786.244140625
8.0 11.792733999 61.23564910888672 -2030.5692138671875
9.0 11.792733999 156.32949829101562 70.047119140625
10.0 11.792733999 1487.7938232421875 -1231.4566650390625
11.0 11.792733999 131.78106689453125 -2055.356201171875
12.0 11.792733999 158.59963989257812 73.45122528076172
13.0 11.792733999 131.11024475097656 -2275.91552734375
14.0 11.792733999 -4874.546875 17359.798828125
15.0 11.792733999 179.49053955078125 158.99143981933594
16.0 11.792733999 178.32955932617188 145.95730590820312
17.0 11.792733999 71.86079406738281 61.99896240234375
18.0 11.792733999 154.8104705810547 175.80958557128906
19.0 11.792733999 -277.5858459472656 109.63141632080078
20.0 11.792733999 -1809.9697265625 114.25431060791016
21.0 11.792733999 -1617.6370849609375 117.32960510253906
22.0 11.792733999 111.7979507446289 1300.22509765625
0.0 11.838799 59.328147888183594 -1685.893798828125
1.0 11.838799 62.14903259277344 -1798.0926513671875
2.0 11.838799 126.36929321289062 -1714.23828125
3.0 11.838799 54.22162628173828 -1740.243408203125
4.0 11.838799 8537.83203125 -21268.39453125
5.0 11.838799 156.86753845214844 -2144.28564453125
6.0 11.838799 -16398.30859375 2459.814453125
7.0 11.838799 53.94867706298828 -1761.3363037109375
8.0 11.838799 54.03899383544922 -2003.1099853515625
9.0 11.838799 157.51052856445312 68.37654876708984
10.0 11.838799 1737.7938232421875 -1131.4566650390625
11.0 11.838799 128.89779663085938 -2091.189697265625
12.0 11.838799 159.9135284423828 71.65458679199219
13.0 11.838799 128.25856018066406 -2312.4267578125
14.0 11.838799 -4974.546875 17309.798828125
15.0 11.838799 185.85592651367188 155.63514709472656
16.0 11.838799 184.06968688964844 142.5211944580078
17.0 11.838799 72.66688537597656 65.22716522216797
18.0 11.838799 162.0393524169922 174.24705505371094
19.0 11.838799 -289.4506530761719 110.8597640991211
20.0 11.838799 -1830.728759765625 108.41040802001953
21.0 11.838799 -1630.3157958984375 126.05674743652344
22.0 11.838799 119.24082946777344 1329.82275390625
0.0 11.884865 56.59785461425781 -1711.43701171875
1.0 11.884865 59.7009391784668 -1816.2967529296875
2.0 11.884865 123.57193756103516 -1749.4549560546875
3.0 11.884865 52.777706146240234 -1725.1700439453125
4.0 11.884865 8487.83203125 -21318.39453125
5.0 11.884865 156.98626708984375 -2174.626220703125
6.0 11.884865 -16548.30859375 2484.814453125
7.0 11.884865 52.48434829711914 -1746.2532958984375
8.0 11.884865 52.55667495727539 -1988.091796875
9.0 11.884865 157.52835083007812 66.69691467285156
10.0 11.884865 1687.7938232421875 -1181.4566650390625
11.0 11.884865 126.14287567138672 -2126.052001953125
12.0 11.884865 160.00161743164062 69.91053009033203
13.0 11.884865 125.50959014892578 -2347.5966796875
14.0 11.884865 -5124.546875 17334.798828125
15.0 11.884865 189.36349487304688 152.62789916992188
16.0 11.884865 186.88963317871094 139.38487243652344
17.0 11.884865 72.37544250488281 66.69862365722656
18.0 11.884865 166.04989624023438 172.06198120117188
19.0 11.884865 -300.0152282714844 113.99540710449219
20.0 11.884865 -1855.5157470703125 109.483642578125
21.0 11.884865 -1648.56298828125 128.0510711669922
22.0 11.884865 126.07331085205078 1353.452880859375
0.0 11.93093 52.58408737182617 -1733.408447265625
1.0 11.93093 55.23783493041992 -1843.216552734375
2.0 11.93093 119.48636627197266 -1767.0599365234375
3.0 11.93093 47.64390563964844 -1713.7191162109375
4.0 11.93093 8487.83203125 -21318.39453125
5.0 11.93093 156.5341796875 -2204.851318359375
6.0 11.93093 -16598.30859375 2384.814453125
7.0 11.93093 47.484989166259766 -1741.154541015625
8.0 11.93093 47.53907775878906 -1981.685302734375
9.0 11.93093 155.0356903076172 63.0734748840332
10.0 11.93093 1687.7938232421875 -1181.4566650390625
11.0 11.93093 122.0908432006836 -2147.158447265625
12.0 11.93093 157.56666564941406 66.2105712890625
13.0 11.93093 121.29661560058594 -2366.552490234375
14.0 11.93093 -5174.546875 17234.798828125
15.0 11.93093 190.42494201660156 147.38648986816406
16.0 11.93093 187.42898559570312 134.12026977539062
17.0 11.93093 69.90403747558594 66.66177368164062
18.0 11.93093 167.8894500732422 167.79855346679688
19.0 11.93093 -323.7135009765625 115.78852081298828
20.0 11.93093 -1886.0946044921875 112.8887939453125
21.0 11.93093 -1668.71044921875 130.7381134033203
22.0 11.93093 128.454833984375 1373.025390625
0.0 11.976994999 49.58599853515625 -1746.766357421875
1.0 11.976994999 51.33378601074219 -1857.0833740234375
2.0 11.976994999 110.6608657836914 -1821.9779052734375
3.0 11.976994999 589.1356201171875 -2525.04150390625
4.0 11.976994999 8087.83203125 -21418.39453125
5.0 11.976994999 158.9114990234375 -2235.65380859375
6.0 11.976994999 -16592.05859375 2380.126953125
7.0 11.976994999 655.2916259765625 -2681.81640625
8.0 11.976994999 624.6704711914062 -2869.13623046875
9.0 11.976994999 153.74440002441406 61.57570266723633
10.0 11.976994999 1287.7938232421875 -1281.4566650390625
11.0 11.976994999 113.85723876953125 -2205.67578125
12.0 11.976994999 156.3899383544922 64.613037109375
13.0 11.976994999 112.15540313720703 -2424.439208984375
14.0 11.976994999 -5168.296875 17230.111328125
15.0 11.976994999 195.99002075195312 142.53675842285156
16.0 11.976994999 191.8341827392578 129.3486785888672
17.0 11.976994999 68.91165924072266 72.18922424316406
18.0 11.976994999 175.0514678955078 164.69422912597656
19.0 11.976994999 -359.7994384765625 113.47257232666016
20.0 11.976994999 -1914.253173828125 114.99301147460938
21.0 11.976994999 -1713.6220703125 127.88528442382812
22.0 11.976994999 136.92196655273438 1396.2496337890625
0.0 12.023060999 48.581138610839844 -1796.08349609375
1.0 12.023060999 50.28774642944336 -1910.6329345703125
2.0 12.023060999 100.83531188964844 -1853.4432373046875
3.0 12.023060999 664.1356201171875 -2537.54150390625
4.0 12.023060999 8162.83203125 -21430.89453125
5.0 12.023060999 157.21044921875 -2266.66796875
6.0 12.023060999 -16592.05859375 2430.126953125
7.0 12.023060999 730.2916259765625 -2694.31640625
8.0 12.023060999 699.6704711914062 -2881.63623046875
9.0 12.023060999 150.4797821044922 56.399513244628906
10.0 12.023060999 1362.7938232421875 -1293.9566650390625
11.0 12.023060999 112.08496856689453 -2242.9052734375
12.0 12.023060999 153.18905639648438 59.34125518798828
13.0 12.023060999 102.53128814697266 -2455.6484375
14.0 12.023060999 -5168.296875 17280.111328125
15.0 12.023060999 200.6756591796875 140.75140380859375
16.0 12.023060999 195.58523559570312 119.18881225585938
17.0 12.023060999 67.01356506347656 76.09016418457031
18.0 12.023060999 178.4351806640625 164.14968872070312
19.0 12.023060999 -366.73199462890625 114.04228210449219
20.0 12.023060999 -1919.9774169921875 118.61122131347656
21.0 12.023060999 -1756.7598876953125 138.2613525390625
22.0 12.023060999 143.1217041015625 1416.6806640625
0.0 12.069126 49.75284194946289 -1828.1649169921875
1.0 12.069126 51.694400787353516 -1941.701171875
2.0 12.069126 103.02622985839844 -1904.2314453125
3.0 12.069126 689.1356201171875 -2556.29150390625
4.0 12.069126 8187.83203125 -21449.64453125
5.0 12.069126 145.3501739501953 -2296.82470703125
6.0 12.069126 -16092.05859375 3430.126953125
7.0 12.069126 755.2916259765625 -2713.06640625
8.0 12.069126 724.6704711914062 -2900.38623046875
9.0 12.069126 145.34603881835938 51.58214569091797
10.0 12.069126 1387.7938232421875 -1312.7066650390625
11.0 12.069126 111.04276275634766 -2303.0361328125
12.0 12.069126 148.09100341796875 54.454490661621094
13.0 12.069126 102.00253295898438 -2514.623046875
14.0 12.069126 -4668.296875 18280.111328125
15.0 12.069126 196.3084259033203 146.99122619628906
16.0 12.069126 197.51210021972656 107.9418716430664
17.0 12.069126 64.44383239746094 81.45043182373047
18.0 12.069126 186.01019287109375 154.85092163085938
19.0 12.069126 -392.7234802246094 137.1016387939453
20.0 12.069126 -1952.4498291015625 103.88785552978516
21.0 12.069126 -1756.0174560546875 145.66348266601562
22.0 12.069126 149.68594360351562 1409.339599609375
0.0 12.115190999 59.33230209350586 -1910.0435791015625
1.0 12.115190999 50.59262466430664 -2021.6944580078125
2.0 12.115190999 152.90020751953125 -1948.9390869140625
3.0 12.115190999 764.1356201171875 -2568.79150390625
4.0 12.115190999 8262.83203125 -21462.14453125
5.0 12.115190999 123.08489990234375 -2326.2021484375
6.0 12.115190999 -15992.05859375 3530.126953125
7.0 12.115190999 830.2916259765625 -2725.56640625
8.0 12.115190999 799.6704711914062 -2912.88623046875
9.0 12.115190999 141.16790771484375 49.90410232543945
10.0 12.115190999 1462.7938232421875 -1325.2066650390625
11.0 12.115190999 111.95710754394531 -2343.44970703125
12.0 12.115190999 143.9301300048828 52.73460006713867
13.0 12.115190999 147.00474548339844 -2567.754638671875
14.0 12.115190999 -4568.296875 18380.111328125
15.0 12.115190999 207.82254028320312 146.71121215820312
16.0 12.115190999 199.00987243652344 99.66749572753906
17.0 12.115190999 63.70210647583008 88.44249725341797
18.0 12.115190999 192.77944946289062 147.77716064453125
19.0 12.115190999 -419.207763671875 117.88065338134766
20.0 12.115190999 -1982.2845458984375 95.38636779785156
21.0 12.115190999 -1782.186767578125 143.8666534423828
22.0 12.115190999 87.23998260498047 1488.8197021484375
0.0 12.161256999 56.992855072021484 -1941.5665283203125
1.0 12.161256999 49.25260543823242 -2053.56494140625
2.0 12.161256999 148.20970153808594 -1984.094482421875
3.0 12.161256999 864.1356201171875 -2543.79150390625
4.0 12.161256999 8362.83203125 -21437.14453125
5.0 12.161256999 122.4419937133789 -2356.263671875
6.0 12.161256999 -15842.05859375 3630.126953125
7.0 12.161256999 930.2916259765625 -2700.56640625
8.0 12.161256999 899.6704711914062 -2887.88623046875
9.0 12.161256999 139.56735229492188 49.86327362060547
10.0 12.161256999 1562.7938232421875 -1300.2066650390625
11.0 12.161256999 114.16300964355469 -2374.32470703125
12.0 12.161256999 142.36447143554688 52.653717041015625
13.0 12.161256999 142.20510864257812 -2598.656982421875
14.0 12.161256999 -4418.296875 18480.111328125
15.0 12.161256999 210.8385772705078 143.11712646484375
16.0 12.161256999 199.7677764892578 96.21334075927734
17.0 12.161256999 64.15576934814453 92.53267669677734
18.0 12.161256999 196.3251190185547 144.6822967529297
19.0 12.161256999 -428.67010498046875 117.10836791992188
20.0 12.161256999 -1989.5667724609375 95.74967956542969
21.0 12.161256999 -1770.7459716796875 142.9832305908203
22.0 12.161256999 91.80844116210938 1520.0770263671875
0.0 12.207322 55.66518020629883 -1971.8609619140625
1.0 12.207322 49.626041412353516 -2084.252197265625
2.0 12.207322 19.178924560546875 -2059.851318359375
3.0 12.207322 870.3856201171875 -2556.29150390625
4.0 12.207322 8369.08203125 -21449.64453125
5.0 12.207322 124.00694274902344 -2386.917236328125
6.0 12.207322 -15892.05859375 3530.126953125
7.0 12.207322 936.5416259765625 -2713.06640625
8.0 12.207322 905.9204711914062 -2900.38623046875
9.0 12.207322 136.7207794189453 50.360538482666016
10.0 12.207322 1569.0438232421875 -1312.7066650390625
11.0 12.207322 114.55211639404297 -2405.898193359375
12.0 12.207322 139.51658630371094 53.15617370605469
13.0 12.207322 138.1441192626953 -2629.435791015625
14.0 12.207322 -4468.296875 18380.111328125
15.0 12.207322 211.2742156982422 140.7850799560547
16.0 12.207322 198.55873107910156 94.09813690185547
17.0 12.207322 62.92287063598633 95.88249206542969
18.0 12.207322 197.0486297607422 142.77537536621094
19.0 12.207322 -479.58795166015625 118.19146728515625
20.0 12.207322 -2010.31298828125 101.84903717041016
21.0 12.207322 -1790.2177734375 148.23016357421875
22.0 12.207322 95.75497436523438 1555.2818603515625
0.0 12.253388 56.97991943359375 -2002.5831298828125
1.0 12.253388 52.94888687133789 -2114.411865234375
2.0 12.253388 14.720667839050293 -2085.3125
3.0 12.253388 889.1356201171875 -2550.04150390625
4.0 12.253388 8387.83203125 -21443.39453125
5.0 12.253388 125.52064514160156 -2417.289794921875
6.0 12.253388 -15092.05859375 4330.126953125
7.0 12.253388 955.2916259765625 -2706.81640625
8.0 12.253388 924.6704711914062 -2894.13623046875
9.0 12.253388 135.6885986328125 52.29747772216797
10.0 12.253388 1587.7938232421875 -1306.4566650390625
11.0 12.253388 116.08573150634766 -2436.65771484375
12.0 12.253388 138.48936462402344 55.06385803222656
13.0 12.253388 193.11077880859375 -2670.057373046875
14.0 12.253388 -3668.296875 19180.111328125
15.0 12.253388 213.6243438720703 139.3657989501953
16.0 12.253388 199.28419494628906 92.97319030761719
17.0 12.253388 63.981231689453125 101.10453033447266
18.0 12.253388 199.90536499023438 141.7652587890625
19.0 12.253388 -509.4808044433594 109.67169189453125
20.0 12.253388 -2031.1845703125 111.91487121582031
21.0 12.253388 -1864.2213134765625 142.18275451660156
22.0 12.253388 98.15555572509766 1601.134521484375
0.0 12.299452999 58.05525588989258 -2032.8924560546875
1.0 12.299452999 54.78499984741211 -2144.800048828125
2.0 12.299452999 8.2913818359375 -2112.9228515625
3.0 12.299452999 1089.1356201171875 -2400.04150390625
4.0 12.299452999 8587.83203125 -21293.39453125
5.0 12.299452999 108.36859893798828 -2448.473876953125
6.0 12.299452999 -15242.05859375 4330.126953125
7.0 12.299452999 1155.2916259765625 -2556.81640625
8.0 12.299452999 1124.67041015625 -2744.13623046875
9.0 12.299452999 132.96957397460938 50.37068557739258
10.0 12.299452999 1787.7938232421875 -1156.4566650390625
11.0 12.299452999 117.8024673461914 -2467.218505859375
12.0 12.299452999 135.766357421875 53.0638313293457
13.0 12.299452999 710.0101928710938 -2460.3544921875
14.0 12.299452999 -3818.296875 19180.111328125
15.0 12.299452999 215.66229248046875 132.68325805664062
16.0 12.299452999 198.75352478027344 86.9008560180664
17.0 12.299452999 64.0374526977539 103.14498901367188
18.0 12.299452999 202.3607940673828 135.77593994140625
19.0 12.299452999 -540.0051879882812 117.87757110595703
20.0 12.299452999 -2053.7841796875 119.92805480957031
21.0 12.299452999 -1908.04833984375 150.61512756347656
22.0 12.299452999 94.90007781982422 1626.1124267578125
0.0 12.345517999 57.49216079711914 -2063.66357421875
1.0 12.345517999 56.1041374206543 -2175.782470703125
2.0 12.345517999 0.9691907167434692 -2141.29052734375
3.0 12.345517999 1089.1356201171875 -2300.04150390625
4.0 12.345517999 8587.83203125 -21193.39453125
5.0 12.345517999 106.407958984375 -2480.306884765625
6.0 12.345517999 -15442.05859375 4330.126953125
7.0 12.345517999 1155.2916259765625 -2456.81640625
8.0 12.345517999 1124.67041015625 -2644.13623046875
9.0 12.345517999 129.16763305664062 48.073387145996094
10.0 12.345517999 1787.7938232421875 -1056.4566650390625
11.0 12.345517999 117.5650634765625 -2493.188232421875
12.0 12.345517999 131.95846557617188 50.713966369628906
13.0 12.345517999 710.0101928710938 -2360.3544921875
14.0 12.345517999 -4018.296875 19180.111328125
15.0 12.345517999 215.14474487304688 126.44454956054688
16.0 12.345517999 196.41018676757812 81.12244415283203
17.0 12.345517999 62.7322998046875 104.18185424804688
18.0 12.345517999 202.3198699951172 129.8579559326172
19.0 12.345517999 -571.0045776367188 121.90994262695312
20.0 12.345517999 -2080.484130859375 123.4362564086914
21.0 12.345517999 -1941.1910400390625 153.81658935546875
22.0 12.345517999 100.06757354736328 1663.416259765625
0.0 12.391583999 59.775997161865234 -2094.219482421875
1.0 12.391583999 58.782493591308594 -2206.843994140625
2.0 12.391583999 -57.197574615478516 -2101.003173828125
3.0 12.391583999 1089.1356201171875 -2300.04150390625
4.0 12.391583999 8587.83203125 -21193.39453125
5.0 12.391583999 107.68743133544922 -2512.142822265625
6.0 12.391583999 -15442.05859375 4330.126953125
7.0 12.391583999 1155.2916259765625 -2456.81640625
8.0 12.391583999 1124.67041015625 -2644.13623046875
9.0 12.391583999 128.25930786132812 48.47978210449219
10.0 12.391583999 1787.7938232421875 -1056.4566650390625
11.0 12.391583999 113.92224884033203 -2524.23095703125
12.0 12.391583999 131.05899047851562 51.11003112792969
13.0 12.391583999 710.0101928710938 -2360.3544921875
14.0 12.391583999 -4018.296875 19180.111328125
15.0 12.391583999 217.47508239746094 122.89948272705078
16.0 12.391583999 196.92552185058594 78.09568786621094
17.0 12.391583999 64.46730041503906 107.63113403320312
18.0 12.391583999 205.21368408203125 126.70057678222656
19.0 12.391583999 -598.6663208007812 153.04505920410156
20.0 12.391583999 -2100.4912109375 115.56348419189453
21.0 12.391583999 -1974.4134521484375 158.9546356201172
22.0 12.391583999 105.29732513427734 1688.89990234375
0.0 12.437649 61.825199127197266 -2124.420654296875
1.0 12.437649 60.12568664550781 -2236.847900390625
2.0 12.437649 -132.19757080078125 -1951.003173828125
3.0 12.437649 1089.1356201171875 -2300.04150390625
4.0 12.437649 8587.83203125 -21193.39453125
5.0 12.437649 96.23184967041016 -2543.751220703125
6.0 12.437649 -15342.05859375 4530.126953125
7.0 12.437649 1155.2916259765625 -2456.81640625
8.0 12.437649 1124.67041015625 -2644.13623046875
9.0 12.437649 127.02203369140625 47.986114501953125
10.0 12.437649 1787.7938232421875 -1056.4566650390625
11.0 12.437649 111.52061462402344 -2555.270751953125
12.0 12.437649 129.79689025878906 50.55024337768555
13.0 12.437649 710.0101928710938 -2360.3544921875
14.0 12.437649 -3918.296875 19380.111328125
15.0 12.437649 218.34829711914062 119.4626235961914
16.0 12.437649 196.5176544189453 75.03826141357422
17.0 12.437649 65.15229034423828 109.07394409179688
18.0 12.437649 206.3629608154297 123.48604583740234
19.0 12.437649 -620.301513671875 157.4442596435547
20.0 12.437649 -2112.509521484375 122.32151794433594
21.0 12.437649 -1985.345703125 162.55789184570312
22.0 12.437649 107.37557983398438 1714.984375
0.0 12.483713999 62.41819763183594 -2155.730224609375
1.0 12.483713999 65.03448486328125 -2268.44873046875
2.0 12.483713999 -107.19757080078125 -2076.003173828125
3.0 12.483713999 1089.1356201171875 -14243.791015625
4.0 12.483713999 8587.83203125 -33137.14453125
5.0 12.483713999 101.17991638183594 -2576.217041015625
6.0 12.483713999 -15242.05859375 4605.126953125
7.0 12.483713999 1155.2916259765625 -14400.56640625
8.0 12.483713999 1124.67041015625 -14587.88671875
9.0 12.483713999 125.478271484375 48.96643829345703
10.0 12.483713999 1787.7938232421875 -13000.20703125
11.0 12.483713999 108.30216979980469 -2586.66357421875
12.0 12.483713999 128.2587432861328 51.51335906982422
13.0 12.483713999 710.0101928710938 -14304.1044921875
14.0 12.483713999 -3818.296875 19455.111328125
15.0 12.483713999 218.1666717529297 118.43126678466797
16.0 12.483713999 195.5243377685547 74.26667785644531
17.0 12.483713999 64.90486145019531 111.39368438720703
18.0 12.483713999 206.53392028808594 122.59839630126953
19.0 12.483713999 -637.9658203125 162.81883239746094
20.0 12.483713999 -2130.531005859375 128.2835235595703
21.0 12.483713999 -1990.385498046875 166.5380096435547
22.0 12.483713999 110.29955291748047 1749.1771240234375
0.0 12.529779999 62.788570404052734 -2186.166015625
1.0 12.529779999 65.484619140625 -2299.065673828125
2.0 12.529779999 -182.19757080078125 -2126.003173828125
3.0 12.529779999 1014.1356201171875 -14268.791015625
4.0 12.529779999 8512.83203125 -33162.14453125
5.0 12.529779999 94.07463836669922 -2607.837158203125
6.0 12.529779999 -15192.05859375 4755.126953125
7.0 12.529779999 1080.2916259765625 -14425.56640625
8.0 12.529779999 1049.67041015625 -14612.88671875
9.0 12.529779999 123.03182220458984 49.928531646728516
10.0 12.529779999 1712.7938232421875 -13025.20703125
11.0 12.529779999 105.04087829589844 -2618.02685546875
12.0 12.529779999 125.78309631347656 52.45792007446289
13.0 12.529779999 635.0101928710938 -14329.1044921875
14.0 12.529779999 -3768.296875 19605.111328125
15.0 12.529779999 215.80001831054688 118.95440673828125
16.0 12.529779999 193.1067657470703 74.8741455078125
17.0 12.529779999 62.74488067626953 112.64860534667969
18.0 12.529779999 204.40896606445312 122.9886245727539
19.0 12.529779999 -670.2855834960938 165.20762634277344
20.0 12.529779999 -2164.5087890625 129.7587890625
21.0 12.529779999 -2019.6116943359375 170.42184448242188
22.0 12.529779999 107.98128509521484 1779.83642578125
0.0 12.575845 65.113525390625 -2217.857666015625
1.0 12.575845 67.85929107666016 -2330.763916015625
2.0 12.575845 -132.19757080078125 -2276.003173828125
3.0 12.575845 1014.1356201171875 -14268.791015625
4.0 12.575845 8512.83203125 -33162.14453125
5.0 12.575845 97.0157470703125 -2639.99951171875
6.0 12.575845 -15217.05859375 4855.126953125
7.0 12.575845 1080.2916259765625 -14425.56640625
8.0 12.575845 1049.67041015625 -14612.88671875
9.0 12.575845 121.6144027709961 49.79019546508789
10.0 12.575845 1712.7938232421875 -13025.20703125
11.0 12.575845 103.28382873535156 -2650.5673828125
12.0 12.575845 124.36832427978516 52.30826950073242
13.0 12.575845 635.0101928710938 -14329.1044921875
14.0 12.575845 -3793.296875 19705.111328125
15.0 12.575845 214.15264892578125 119.08670043945312
16.0 12.575845 191.7089080810547 74.6979751586914
17.0 12.575845 61.29812240600586 112.4633560180664
18.0 12.575845 202.9550323486328 123.07337188720703
19.0 12.575845 -701.2338256835938 162.59738159179688
20.0 12.575845 -2196.7626953125 128.01205444335938
21.0 12.575845 -2055.7431640625 168.68370056152344
22.0 12.575845 105.53945922851562 1816.443359375
0.0 12.621911 68.01004028320312 -2248.8896484375
1.0 12.621911 72.74227905273438 -2361.86328125
2.0 12.621911 -200.94757080078125 -2288.503173828125
3.0 12.621911 1214.1356201171875 -14068.791015625
4.0 12.621911 8712.83203125 -32962.14453125
5.0 12.621911 104.27449798583984 -2671.662353515625
6.0 12.621911 -15392.05859375 4755.126953125
7.0 12.621911 1280.2916259765625 -14225.56640625
8.0 12.621911 1249.67041015625 -14412.88671875
9.0 12.621911 121.6510009765625 49.487220764160156
10.0 12.621911 1912.7938232421875 -12825.20703125
11.0 12.621911 104.09647369384766 -2682.599609375
12.0 12.621911 124.38967895507812 51.967864990234375
13.0 12.621911 835.0101928710938 -14129.1044921875
14.0 12.621911 -3968.296875 19605.111328125
15.0 12.621911 213.15948486328125 119.99235534667969
16.0 12.621911 191.45254516601562 75.2965316772461
17.0 12.621911 60.505428314208984 111.40635681152344
18.0 12.621911 202.0776824951172 123.6730728149414
19.0 12.621911 -730.34375 161.48226928710938
20.0 12.621911 -2226.277099609375 125.5593032836914
21.0 12.621911 -2079.9052734375 167.14517211914062
22.0 12.621911 103.26473999023438 1851.4820556640625
0.0 12.667975999 73.120361328125 -2280.04931640625
1.0 12.667975999 69.8292236328125 -2393.107666015625
2.0 12.667975999 -500.94757080078125 -1988.503173828125
3.0 12.667975999 1314.1356201171875 -14068.791015625
4.0 12.667975999 8812.83203125 -32962.14453125
5.0 12.667975999 106.56072998046875 -2703.47314453125
6.0 12.667975999 -15392.05859375 4855.126953125
7.0 12.667975999 1380.2916259765625 -14225.56640625
8.0 12.667975999 1349.67041015625 -14412.88671875
9.0 12.667975999 121.90283203125 50.20808792114258
10.0 12.667975999 2012.7938232421875 -12825.20703125
11.0 12.667975999 106.40194702148438 -2714.4287109375
12.0 12.667975999 124.60233306884766 52.6947021484375
13.0 12.667975999 935.0101928710938 -14129.1044921875
14.0 12.667975999 -3968.296875 19705.111328125
15.0 12.667975999 210.66014099121094 124.22325897216797
16.0 12.667975999 190.78053283691406 78.79255676269531
17.0 12.667975999 58.4791259765625 109.73609924316406
18.0 12.667975999 199.546875 127.4021987915039
19.0 12.667975999 -753.7266845703125 156.3841094970703
20.0 12.667975999 -2256.685546875 121.13091278076172
21.0 12.667975999 -2113.126953125 163.50674438476562
22.0 12.667975999 107.40460968017578 1888.7628173828125
0.0 12.714040999 78.05659484863281 -2311.249755859375
1.0 12.714040999 71.41924285888672 -2424.157470703125
2.0 12.714040999 -500.94757080078125 -1969.753173828125
3.0 12.714040999 1314.1356201171875 -14018.791015625
4.0 12.714040999 8812.83203125 -32912.14453125
5.0 12.714040999 110.17044830322266 -2735.080322265625
6.0 12.714040999 -15417.05859375 4880.126953125
7.0 12.714040999 1380.2916259765625 -14175.56640625
8.0 12.714040999 1349.67041015625 -14362.88671875
9.0 12.714040999 122.26473236083984 50.63751983642578
10.0 12.714040999 2012.7938232421875 -12775.20703125
11.0 12.714040999 109.8852310180664 -2746.062744140625
12.0 12.714040999 124.93209075927734 53.18185043334961
13.0 12.714040999 935.0101928710938 -14079.1044921875
14.0 12.714040999 -3993.296875 19730.111328125
15.0 12.714040999 205.81492614746094 130.6641082763672
16.0 12.714040999 189.08673095703125 84.22378540039062
17.0 12.714040999 55.01264572143555 105.70732879638672
18.0 12.714040999 194.54779052734375 133.09165954589844
19.0 12.714040999 -779.9686279296875 159.05157470703125
20.0 12.714040999 -2286.36474609375 127.5295181274414
21.0 12.714040999 -2096.114990234375 166.52626037597656
22.0 12.714040999 107.90026092529297 1931.36669921875
0.0 12.760107 82.3509292602539 -2342.968017578125
1.0 12.760107 66.39488220214844 -2455.737060546875
2.0 12.760107 -494.69757080078125 -1944.753173828125
3.0 12.760107 1339.1356201171875 -13618.791015625
4.0 12.760107 8837.83203125 -32512.14453125
5.0 12.760107 114.66679382324219 -2766.382568359375
6.0 12.760107 -15267.05859375 5030.126953125
7.0 12.760107 1405.2916259765625 -13775.56640625
8.0 12.760107 1374.67041015625 -13962.88671875
9.0 12.760107 122.87702941894531 52.87160110473633
10.0 12.760107 2037.7938232421875 -12375.20703125
11.0 12.760107 114.40640258789062 -2777.368408203125
12.0 12.760107 125.5330581665039 55.505470275878906
13.0 12.760107 960.0101928710938 -13679.1044921875
14.0 12.760107 -3843.296875 19880.111328125
15.0 12.760107 200.86143493652344 138.59788513183594
16.0 12.760107 187.25729370117188 91.38483428955078
17.0 12.760107 52.225059509277344 103.15923309326172
18.0 12.760107 189.40284729003906 140.26792907714844
19.0 12.760107 -790.2063598632812 154.9566192626953
20.0 12.760107 -2304.298828125 124.5936508178711
21.0 12.760107 -2196.095458984375 167.3828887939453
22.0 12.760107 112.93070983886719 1932.5250244140625
0.0 12.806172 83.17943572998047 -2374.162841796875
1.0 12.806172 68.9455337524414 -2486.74072265625
2.0 12.806172 -488.44757080078125 -2044.753173828125
3.0 12.806172 1339.1356201171875 -13618.791015625
4.0 12.806172 8837.83203125 -32512.14453125
5.0 12.806172 179.4022674560547 -2795.365234375
6.0 12.806172 -21667.05859375 230.126953125
7.0 12.806172 1405.2916259765625 -13775.56640625
8.0 12.806172 1374.67041015625 -13962.88671875
9.0 12.806172 122.6694564819336 54.10333251953125
10.0 12.806172 2037.7938232421875 -12375.20703125
11.0 12.806172 165.33787536621094 -2806.609130859375
12.0 12.806172 125.31175231933594 56.7755126953125
13.0 12.806172 960.0101928710938 -13679.1044921875
14.0 12.806172 -10243.296875 15080.111328125
15.0 12.806172 195.88197326660156 144.16403198242188
16.0 12.806172 184.927001953125 96.34961700439453
17.0 12.806172 49.60540008544922 100.56211853027344
18.0 12.806172 184.43902587890625 145.17129516601562
19.0 12.806172 -816.3543701171875 151.08087158203125
20.0 12.806172 -2344.47021484375 120.59344482421875
21.0 12.806172 -2204.044677734375 163.35610961914062
22.0 12.806172 119.46917724609375 1930.5867919921875
