0.0 9.120943 58.815352780688066 -1.461521900655211
0.0 9.167008 61.434712475655815 4.1564320522415175
0.0 9.213073 59.052534921638234 16.86810515610941
0.0 9.259139 66.74816784352072 21.07913273768097
0.0 9.305204 74.30686878101868 42.20238619147124
0.0 9.351269 83.98566579887022 59.919457920628126
0.0 9.397335 86.92458566605166 73.1654632429539
0.0 9.4434 90.24207177630264 86.39197564688295
0.0 9.489466 95.58560565616146 107.14386115574302
0.0 9.535531 96.64872991946756 122.44135744443676
0.0 9.581596 99.15439422915779 130.76236723993017
0.0 9.627662 96.00849099278341 132.61434267288723
0.0 9.673727 96.101377275564 133.8867056640487
0.0 9.719792 94.40741487624409 138.96907314439972
0.0 9.765858 90.80104440946062 145.91367705958066
0.0 9.811923 92.41341890024198 151.5120030695343
0.0 9.857988 87.63136133932264 162.1478492401053
0.0 9.904054 77.33169588773897 164.49188431210067
0.0 9.950119 65.2995518054186 168.15980703438817
0.0 9.996185 49.52820230008565 162.34734854816924
0.0 10.04225 37.50837140722197 151.2016304384681
0.0 10.088315 29.826943135852037 143.86360811570108
0.0 10.134381 27.67603140946675 133.29077943663708
0.0 10.180446 21.5108133180217 123.7418232851766
0.0 10.226511 5.9380790703473 121.78568535349001
0.0 10.272577 -2.506093261151408 117.60628202475948
0.0 10.318642 -22.37393634524618 113.05485508787143
0.0 10.364707 -49.65708594804395 110.80165717011153
0.0 10.410773 -71.24775631734235 109.15309290216649
0.0 10.456838 -96.08103789341341 115.30023467944868
0.0 10.502904 -115.58002230821747 109.70507295634522
0.0 10.548969 -186.19897205558738 114.75840641822056
0.0 10.595034 -214.68668874942995 110.5382833578116
0.0 10.6411 -258.67421001845935 108.22833329799518
0.0 10.687165 -285.53565082510147 101.87409816480238
0.0 10.73323 -296.3421813873346 97.44373242305213
0.0 10.779296 -275.2734269895353 98.4927337691078
0.0 10.825361 -227.10474934199794 95.94653586885273
0.0 10.871427 -192.04434721635408 82.86672471719834
0.0 10.917492 -149.90174286584 69.93337950554753
0.0 10.963557 -116.06641190361019 68.423935821061
0.0 11.009623 -86.78908760433761 66.14930989932056
0.0 11.055688 -68.35702738210453 64.6153123308544
0.0 11.101753 -54.53626981994523 57.68365746901544
0.0 11.147819 -42.31062366666338 63.00840092513814
0.0 11.193884 -21.251651548260178 58.275053944985615
0.0 11.239949 3.6948818390850904 61.651806852539835
0.0 11.286015 19.54341129401529 66.99678210431495
0.0 11.33208 30.329695779098973 79.53783639227814
0.0 11.378146 41.2502962237012 87.51298440712411
0.0 11.424211 43.2729485342637 104.021794175483
0.0 11.470276 48.78028581802605 126.42989571084526
0.0 11.516342 50.91429450407482 139.49402612139482
0.0 11.562407 57.64991590729028 157.15176895837453
0.0 11.608472 60.51386624594117 168.65233655311872
0.0 11.654538 58.84645841029662 170.2668795097112
0.0 11.700603 46.59092557007295 167.9322931561651
0.0 11.746668 54.056244670925764 159.77317003969046
0.0 11.792734 64.30155769208574 149.3035617219757
0.0 11.838799 78.97387664164098 133.46025764545234
0.0 11.884865 96.98682156939043 116.0859884709298
0.0 11.93093 94.01880708466987 86.4644824369368
0.0 11.976995 97.55931542638298 68.97098047776142
0.0 12.023061 79.59046308375535 47.7759452761724
0.0 12.069126 54.22019523035253 31.13226047563457
0.0 12.115191 19.56203629171518 27.82617722074615
0.0 12.161257 -8.08854799368365 28.500852009698193
0.0 12.207322 -42.2472313075824 11.658119690024156
0.0 12.253388 -58.62696695575849 16.242329768077568
0.0 12.299453 -79.05587334728621 4.922253001197504
0.0 12.345518 -108.35498436565831 -7.701029466590001
0.0 12.391584 -142.9773091058959 -12.513464063801997
0.0 12.437649 -197.66013282814717 -32.38205656459228
0.0 12.483714 -196.01942549569964 -36.431612554794945
0.0 12.52978 -253.85928189504907 -59.101084043382244
0.0 12.575845 -270.02189604307574 -75.86349655580474
0.0 12.621911 -241.8706195380718 -85.4649861326884
0.0 12.667976 -230.36075361448377 -106.3312988475434
0.0 12.714041 -162.88512636768084 -106.64874002872858
0.0 12.760107 -117.13387869591601 -97.74005723829237
0.0 12.806172 -76.8932696067297 -66.48826785110006
1.0 9.120943 221.58138859643896 58.116145829053366
1.0 9.167008 220.02497231840115 60.77942689539033
1.0 9.213073 221.67621351895647 62.67625992451869
1.0 9.259139 222.22231214434254 69.18431920613374
1.0 9.305204 223.33106040676523 77.82264190809595
1.0 9.351269 224.7947823832979 86.90784375221764
1.0 9.397335 224.93341650331854 93.5888358044562
1.0 9.4434 226.22804560552987 100.68745995940404
1.0 9.489466 225.65869127055927 111.64585579998604
1.0 9.535531 224.85003981221058 123.07359063218146
1.0 9.581596 222.7438257008159 129.1508550428466
1.0 9.627662 222.52804885184855 134.04522487287673
1.0 9.673727 221.8967736146361 138.6421671779821
1.0 9.719792 218.93838782710853 144.8514247257564
1.0 9.765858 216.70923311553798 149.3248996793992
1.0 9.811923 214.3636561032922 153.61779276228498
1.0 9.857988 212.39736879569315 158.37684142681158
1.0 9.904054 211.74774995676466 160.0969649166605
1.0 9.950119 211.29579657491942 158.44593134104215
1.0 9.996185 212.4475629580082 153.8281179324544
1.0 10.04225 216.68324164004048 144.07603897107757
1.0 10.088315 221.38292324742133 132.52776292673627
1.0 10.134381 227.80491596673065 122.56438792072198
1.0 10.180446 231.8060748513373 112.82062666969934
1.0 10.226511 232.79489811238668 105.38107852506198
1.0 10.272577 236.26208686493447 98.04391334355785
1.0 10.318642 233.6415142684088 85.71205383593482
1.0 10.364707 229.70634640644877 71.05514640380945
1.0 10.410773 226.42468508375865 61.59226267692691
1.0 10.456838 224.17860009736287 55.683296446809884
1.0 10.502904 216.7659428640584 46.91270922652405
1.0 10.548969 215.45115598644006 47.38808510317712
1.0 10.595034 209.7562717883347 42.3106129422472
1.0 10.6411 203.9600807874959 37.89064685869099
1.0 10.687165 199.82463883411296 34.39183781859447
1.0 10.73323 198.9128525190543 36.691266964640015
1.0 10.779296 200.97572461737815 40.350068813338204
1.0 10.825361 204.84938031856439 46.89032055585556
1.0 10.871427 210.9042328739976 55.696393851784755
1.0 10.917492 215.32985974858187 64.51500954236435
1.0 10.963557 217.22580651412355 72.82913423127822
1.0 11.009623 220.059663772878 81.49499223393886
1.0 11.055688 218.196883923171 87.48471145232764
1.0 11.101753 216.28170470400076 95.4015853640709
1.0 11.147819 216.84453511745673 101.19791229649267
1.0 11.193884 219.1233599169721 108.04998080249572
1.0 11.239949 222.1401783127085 115.45362722864883
1.0 11.286015 219.84000088167915 122.97784848267145
1.0 11.33208 218.32733317225333 129.69857359138553
1.0 11.378146 216.28470187839696 134.87330058112053
1.0 11.424211 213.0358632996957 140.45669001853008
1.0 11.470276 211.09889894908648 149.63401436637594
1.0 11.516342 210.13247746736812 152.77355807762333
1.0 11.562407 209.7234526736917 159.7667974979581
1.0 11.608472 209.82724651398541 165.4602091257424
1.0 11.654538 207.37087553242924 165.65003118478134
1.0 11.700603 207.71378300649394 166.2594024267575
1.0 11.746668 209.56218808414903 164.1996725855304
1.0 11.792734 213.0862160832647 160.49301925432408
1.0 11.838799 221.6641752222376 153.94825380443075
1.0 11.884865 226.91474678932246 149.6413938729557
1.0 11.93093 226.95035217058356 142.88784262431454
1.0 11.976995 231.52694453864706 136.30473591638696
1.0 12.023061 236.68414726287241 122.59350813322199
1.0 12.069126 239.91172428181554 105.42531126247442
1.0 12.115191 239.8081451596829 92.13244259720487
1.0 12.161257 241.51539754754475 84.04265920554089
1.0 12.207322 239.2285172099347 81.28989962487906
1.0 12.253388 239.1378844597464 78.05565919917544
1.0 12.299453 238.91305509811102 70.7122535092055
1.0 12.345518 233.81223467998197 60.85808833547549
1.0 12.391584 235.97300311415654 55.777938436145206
1.0 12.437649 233.91876789098885 52.473300897844624
1.0 12.483714 232.8957907517284 48.879588773763594
1.0 12.52978 229.3359492820315 50.93477701653836
1.0 12.575845 225.2089267164763 51.19916399945433
1.0 12.621911 227.5165621861544 49.88924354393216
1.0 12.667976 226.66499455949165 55.031456415164314
1.0 12.714041 225.60817317525095 61.62059535201662
1.0 12.760107 225.62166153622445 72.18117380028684
1.0 12.806172 222.67291604607135 80.12688527971721
2.0 9.120943 15.679313349822053 115.96848036842711
2.0 9.167008 15.397331581758511 117.77440382962683
2.0 9.213073 15.046816462424715 120.44410251988657
2.0 9.259139 15.283695754291008 122.60435586506648
2.0 9.305204 16.687249709740808 128.5658869129287
2.0 9.351269 19.17250397280503 133.3277160171764
2.0 9.397335 18.574196392694716 136.39907956359875
2.0 9.4434 19.7052377282401 138.83937834981694
2.0 9.489466 18.804569140711035 146.24155396913974
2.0 9.535531 17.8868680124896 149.67120004367996
2.0 9.581596 17.498498946279714 149.41896086155754
2.0 9.627662 15.510063845880394 146.90190725136983
2.0 9.673727 14.903046878736639 143.34682745108404
2.0 9.719792 10.962155742370157 141.69378974630737
2.0 9.765858 8.185415134735546 141.17788800769716
2.0 9.811923 6.880531679019915 139.9219463379749
2.0 9.857988 2.0951949520117314 142.98014617570732
2.0 9.904054 -2.817128453780044 142.95447175870692
2.0 9.950119 -9.05975266384441 146.12241305983997
2.0 9.996185 -15.99516515893344 147.123911188118
2.0 10.04225 -18.474514527029054 148.00835863897476
2.0 10.088315 -17.721167930942013 151.57325259046692
2.0 10.134381 -12.683171645841709 152.86676342713022
2.0 10.180446 -10.541886594545172 154.24204237780785
2.0 10.226511 -14.889320601350642 161.46712997575327
2.0 10.272577 -12.876135167496432 166.6826045105099
2.0 10.318642 -17.887934355900935 169.66528657571584
2.0 10.364707 -24.979612769116894 173.5833211439991
2.0 10.410773 -31.603876183275922 174.55860322038666
2.0 10.456838 -39.414802775891246 181.6337593595234
2.0 10.502904 -49.12905196558598 177.10550422580232
2.0 10.548969 -76.86593843428199 189.5534262005375
2.0 10.595034 -90.17714675534017 187.33770674766015
2.0 10.6411 -105.37250168397782 190.4174675332296
2.0 10.687165 -116.43103937658296 187.63882492092537
2.0 10.73323 -121.59295147599752 187.7211453392523
2.0 10.779296 -113.7950694874598 188.91410625924635
2.0 10.825361 -96.68658582796382 186.6258976310614
2.0 10.871427 -85.04902670851179 178.79152700434457
2.0 10.917492 -70.78297083056107 169.7064267210355
2.0 10.963557 -60.94331866573333 165.5416031397103
2.0 11.009623 -52.09506501135152 160.78317423453143
2.0 11.055688 -50.03172008241044 155.6504788337164
2.0 11.101753 -51.07819323767722 148.39409569135415
2.0 11.147819 -49.23132934939799 145.92604626610247
2.0 11.193884 -41.81625272446285 139.57518579157303
2.0 11.239949 -31.5495032781805 134.66595380107523
2.0 11.286015 -30.162241961917932 132.21354801141902
2.0 11.33208 -28.001557994586445 131.3753440464225
2.0 11.378146 -26.496396199308563 128.42425434665122
2.0 11.424211 -29.658330639618907 130.2503056288749
2.0 11.470276 -28.534598660078352 134.69961494596535
2.0 11.516342 -26.67229010820211 133.29676135406496
2.0 11.562407 -24.057130300917986 137.19020975632094
2.0 11.608472 -21.6939311407583 139.2179675458447
2.0 11.654538 -22.001911646767116 137.15328367986396
2.0 11.700603 -28.441166312516135 136.81603399625985
2.0 11.746668 -23.26535404147415 136.38052230661418
2.0 11.792734 -18.294352625005402 136.9983327604903
2.0 11.838799 -4.40952676392045 135.62897202916884
2.0 11.884865 6.494900122041015 132.37114632644213
2.0 11.93093 5.123680098328098 120.88127290801827
2.0 11.976995 8.859211903153119 122.28989306150221
2.0 12.023061 7.610240927790452 122.4757820154666
2.0 12.069126 5.20062432035186 122.62061340715344
2.0 12.115191 -3.3341270430730976 133.73668491452207
2.0 12.161257 -8.691751426277238 137.99156277892618
2.0 12.207322 -22.053597418212696 137.16516550152318
2.0 12.253388 -25.860556981963864 141.40217264105965
2.0 12.299453 -28.639033693941627 141.03729985831927
2.0 12.345518 -37.62790039066413 137.11755147140343
2.0 12.391584 -44.197237283427654 140.57685843555709
2.0 12.437649 -60.07909770260166 140.22017227260474
2.0 12.483714 -57.866620634707296 137.94098876252147
2.0 12.52978 -76.89117780166563 138.72420431041903
2.0 12.575845 -84.98212791537023 133.70621373446184
2.0 12.621911 -77.1189587139642 123.01953647495108
2.0 12.667976 -75.61853846095762 117.81216132084714
2.0 12.714041 -61.62904321606575 106.74623906392426
2.0 12.760107 -53.51247244290533 103.82517405245996
2.0 12.806172 -46.05071090622492 108.76508419370734
3.0 9.120943 118.10384144054137 -2.159813708019305
3.0 9.167008 117.60022578316925 -0.1232635425834569
3.0 9.213073 120.17470984828644 0.4613649331464785
3.0 9.259139 123.29423392852327 4.314057940281975
3.0 9.305204 128.15193186957634 9.11539638922375
3.0 9.351269 133.70573977456408 14.03718852516575
3.0 9.397335 137.41551337887432 17.198443732172258
3.0 9.4434 142.42799706754334 20.709890218915877
3.0 9.489466 147.03149890356653 27.45660469132154
3.0 9.535531 151.9062429171402 34.63961347592093
3.0 9.581596 154.71772049843742 37.26086533964611
3.0 9.627662 158.0940152768149 39.57771156127062
3.0 9.673727 161.67395964765143 41.36359768794334
3.0 9.719792 163.92385487100304 44.757241683340915
3.0 9.765858 166.2048370978915 46.98311385863957
3.0 9.811923 168.27975938392504 49.24788091059201
3.0 9.857988 169.31140039224857 52.705937792726004
3.0 9.904054 170.13166983012698 53.802655223787774
3.0 9.950119 168.54111132345264 52.77929679265936
3.0 9.996185 165.67015120053205 50.051310289456225
3.0 10.04225 161.98119054217608 44.087222892237314
3.0 10.088315 157.4112500722897 37.73975894054454
3.0 10.134381 154.85834624869165 33.430476093151675
3.0 10.180446 150.85328285191144 30.063550698870507
3.0 10.226511 144.54363750455974 30.354466038238257
3.0 10.272577 140.946146769207 31.322955287438727
3.0 10.318642 132.47529029565507 28.13751280790564
3.0 10.364707 122.67175610671833 24.366167073162302
3.0 10.410773 116.20805580113738 22.20129132592388
3.0 10.456838 111.48881769409388 23.79830671877685
3.0 10.502904 102.76183126995993 19.930854316224995
3.0 10.548969 100.63331113446893 26.109723538087653
3.0 10.595034 94.38570459635116 23.42838143540605
3.0 10.6411 87.82000281985735 23.193794194284802
3.0 10.687165 83.18050552501748 20.619499834469103
3.0 10.73323 82.76134780672345 22.571163308774842
3.0 10.779296 85.47704403255699 25.565128474939357
3.0 10.825361 90.56200928509647 29.11005658716619
3.0 10.871427 98.38622601319057 30.90166669493978
3.0 10.917492 105.17346692025184 31.91114325076232
3.0 10.963557 109.91480822504451 33.041791489450844
3.0 11.009623 116.09287471551937 34.06695061758415
3.0 11.055688 118.24248284089809 32.753317980979325
3.0 11.101753 121.34857758894397 33.09917332409158
3.0 11.147819 126.07735799847124 32.93528157186171
3.0 11.193884 132.49986999597948 34.35466101776818
3.0 11.239949 140.5987002037119 35.615434485704775
3.0 11.286015 144.41686016572785 37.577372799974036
3.0 11.33208 148.67359464038964 39.65871089837812
3.0 11.378146 152.64836234495786 40.47430984172523
3.0 11.424211 155.14082011953474 42.626182740455036
3.0 11.470276 159.3807687958937 48.39757378977697
3.0 11.516342 164.12834823207766 48.557683679930754
3.0 11.562407 168.0234402697481 53.36723947100494
3.0 11.608472 171.45011271956176 57.372902580183684
3.0 11.654538 171.74852874444736 56.938482247884096
3.0 11.700603 171.39886813834218 57.67062176743345
3.0 11.746668 170.5240074868461 56.57801925363261
3.0 11.792734 168.79477155897632 54.745375904990176
3.0 11.838799 170.4564804163364 50.44351918453125
3.0 11.884865 170.57719567073116 48.200525206455666
3.0 11.93093 167.78240951282325 43.367573259945026
3.0 11.976995 164.39061338338306 41.47145844798027
3.0 12.023061 159.22474087582273 35.15033518380727
3.0 12.069126 152.25631666412653 27.092252988484386
3.0 12.115191 142.88370981739237 25.026457258697278
3.0 12.161257 139.49011743467935 23.824249274533535
3.0 12.207322 135.37590948024618 24.915734578659794
3.0 12.253388 132.87662452470673 26.404672942799404
3.0 12.299453 129.22633315539562 25.76920423716484
3.0 12.345518 121.99967863897436 21.17762345939696
3.0 12.391584 121.394174421623 22.210872915557385
3.0 12.437649 118.19139652215671 23.142778743511414
3.0 12.483714 116.28167214415258 22.683537017081463
3.0 12.52978 113.31519899613579 25.892849909677732
3.0 12.575845 109.98588645599837 25.277932651810833
3.0 12.621911 112.08900945885647 22.898766404945693
3.0 12.667976 112.82996960008713 24.30754250684907
3.0 12.714041 114.93158947554265 23.131838381693452
3.0 12.760107 119.15771640185267 25.37458663372043
3.0 12.806172 119.97227433710158 27.739239865776906
4.0 9.120943 186.2566731606136 80.38916555989144
4.0 9.167008 184.8473684687501 82.5754507646927
4.0 9.213073 186.11782285247094 83.94345563560103
4.0 9.259139 186.25057279072166 89.113407654779
4.0 9.305204 186.73024066616702 95.83216151173714
4.0 9.351269 187.46522878982103 102.83145174254307
4.0 9.397335 187.11335365646195 107.76601691481711
4.0 9.4434 187.7876367090958 113.01288767840641
4.0 9.489466 186.71819063070788 121.52062920273035
4.0 9.535531 185.44662108387945 130.31535827998826
4.0 9.581596 183.18691565584422 134.31442560700899
4.0 9.627662 182.71458651966418 137.59652341099795
4.0 9.673727 181.8972830593854 140.38182042673333
4.0 9.719792 179.0033796538284 144.5160140291504
4.0 9.765858 176.88496455756672 147.22998444181835
4.0 9.811923 174.69230151247606 149.82701983169315
4.0 9.857988 172.8148842782837 153.36124339445846
4.0 9.904054 172.21593457030872 154.49257029901003
4.0 9.950119 171.8340963435464 153.38331970903604
4.0 9.996185 172.93953551247716 150.41062798307945
4.0 10.04225 177.00471140820218 143.79649325884515
4.0 10.088315 181.68638205304904 135.99104980517117
4.0 10.134381 187.9840723893497 129.57941008265777
4.0 10.180446 192.29059657527702 123.30313635121982
4.0 10.226511 194.2134940292461 119.37316436544332
4.0 10.272577 198.53726891319934 115.49968939221192
4.0 10.318642 197.75710894769344 106.72851247658804
4.0 10.364707 196.16308069458722 95.97088073964743
4.0 10.410773 194.5635733565085 88.90750185937027
4.0 10.456838 194.0537405819753 85.13223003392667
4.0 10.502904 188.34946722310067 77.82430655415908
4.0 10.548969 188.49730137953463 79.51699845074846
4.0 10.595034 183.81577140787206 75.1316496583308
4.0 10.6411 179.48374741090203 71.71694538782555
4.0 10.687165 175.86300225748266 68.58296191248431
4.0 10.73323 175.06734773732293 70.5925791595133
4.0 10.779296 176.91934448946668 73.85913949153365
4.0 10.825361 179.94666755222406 79.3919679140486
4.0 10.871427 183.97658785323964 86.34591928268993
4.0 10.917492 186.37482521513456 92.99396273636933
4.0 10.963557 186.6785695968892 99.12343826598129
4.0 11.009623 187.73176803173305 105.38551247685561
4.0 11.055688 184.68478685528999 108.9407346453035
4.0 11.101753 181.6026722090826 114.0965413830007
4.0 11.147819 181.0750225380779 117.62192947682405
4.0 11.193884 182.20959835393143 122.22066632646305
4.0 11.239949 183.95990761146643 126.90231251655415
4.0 11.286015 181.11531191661683 131.65340567556962
4.0 11.33208 179.1855051084974 135.82129231231696
4.0 11.378146 176.89939695561384 138.47282963739585
4.0 11.424211 173.66499535539072 141.78537612431685
4.0 11.470276 171.60906952347105 148.33709014886057
4.0 11.516342 170.70699565181104 149.2339218958961
4.0 11.562407 170.2061203292848 154.29132301216757
4.0 11.608472 170.22257644580287 158.42299028681884
4.0 11.654538 168.14800276592592 157.82006784199777
4.0 11.700603 168.37489538619286 158.5987116207069
4.0 11.746668 170.02130813325888 157.51484334567294
4.0 11.792734 173.139646442627 155.6695756249185
4.0 11.838799 180.9330102627213 151.38451971182226
4.0 11.884865 185.69561439003223 148.83846846679762
4.0 11.93093 185.94456571987143 143.5411881984127
4.0 11.976995 190.34773540583694 140.07436083549
4.0 12.023061 195.74036775692315 130.82703741588833
4.0 12.069126 199.78514517541646 118.51752107589131
4.0 12.115191 201.34452897643132 110.09284941641579
4.0 12.161257 203.9113970374839 104.77335320551997
4.0 12.207322 202.57452048875933 103.3259416215159
4.0 12.253388 203.36171217663687 101.65643112597449
4.0 12.299453 204.3538599925184 96.62473264388666
4.0 12.345518 200.74464333722037 88.61750442206554
4.0 12.391584 203.75456359167876 85.49682169542169
4.0 12.437649 202.78874286251073 83.38070944773196
4.0 12.483714 202.49595853982808 80.69338368069506
4.0 12.52978 199.76483045584968 82.74691008820457
4.0 12.575845 195.9681556279329 82.64293032760212
4.0 12.621911 197.6718659790963 81.25980419508574
4.0 12.667976 196.27496728178537 85.16253640842157
4.0 12.714041 193.87011533222682 89.3696280286917
4.0 12.760107 192.41878669621926 97.08616882456465
4.0 12.806172 188.89522262500515 102.88707519886027
5.0 9.120943 -7.886797211889182 -18.150077440998807
5.0 9.167008 -11.480596654222374 -21.092095081309317
5.0 9.213073 -5.880644171615592 -33.41452170672955
5.0 9.259139 -2.6915269199005945 -34.17265318515925
5.0 9.305204 1.550572429402281 -52.105091622191544
5.0 9.351269 6.684816455581503 -67.77668554870307
5.0 9.397335 13.180173439955878 -82.32199715013067
5.0 9.4434 22.110771986374207 -98.69590391228584
5.0 9.489466 32.89384418771582 -110.86653625506375
5.0 9.535531 47.074408100282106 -125.22629108543529
5.0 9.581596 54.0560666456131 -140.60784689225844
5.0 9.627662 67.81488319468755 -144.65943147872485
5.0 9.673727 79.3658034631872 -148.708414372193
5.0 9.719792 91.39489949189174 -147.11887339267383
5.0 9.765858 104.10149971751304 -155.90356799316248
5.0 9.811923 111.11987360827557 -154.76223038537933
5.0 9.857988 120.232566562384 -150.2964060428191
5.0 9.904054 132.28639215845448 -153.13724105805142
5.0 9.950119 138.713914764245 -160.783370892916
5.0 9.996185 144.80896090471103 -165.71087660901
5.0 10.04225 144.12812595062135 -171.79498252668319
5.0 10.088315 136.3937885526086 -176.4540709403783
5.0 10.134381 126.2065974264374 -160.89969488704565
5.0 10.180446 118.91591706238758 -143.36558997952696
5.0 10.226511 115.95639419285583 -117.42429737443182
5.0 10.272577 113.87452998392688 -90.0125992978243
5.0 10.318642 116.09887126449175 -77.9102982619254
5.0 10.364707 124.51126394728179 -64.99955284133564
5.0 10.410773 140.86859911946448 -59.72340765159344
5.0 10.456838 158.34815677921347 -48.45525321830836
5.0 10.502904 184.57516949692578 -54.48238308596463
5.0 10.548969 204.50829334621685 -14.665223977444073
5.0 10.595034 222.16712800899532 -12.630358904755823
5.0 10.6411 224.21335624644803 1.9162758189046487
5.0 10.687165 232.02291848371368 5.79012179922071
5.0 10.73323 229.9442486779124 13.78841432014624
5.0 10.779296 221.1193572076543 16.154260323626282
5.0 10.825361 203.75559631164248 17.09547758350571
5.0 10.871427 183.71803393155335 21.278877370908912
5.0 10.917492 158.24066274137306 22.224791414468125
5.0 10.963557 139.74045778214082 13.647091348626358
5.0 11.009623 124.10080161734753 5.6667460071810565
5.0 11.055688 110.30613287262075 -7.639151902444633
5.0 11.101753 100.48335762602599 -13.08004652633129
5.0 11.147819 99.84739637601344 -27.203199050510737
5.0 11.193884 94.77389641919387 -27.600973712661276
5.0 11.239949 93.80400982765721 -36.504035415721695
5.0 11.286015 90.47941261986567 -43.6262241878815
5.0 11.33208 95.19882525523543 -57.434567091761316
5.0 11.378146 98.0410198348674 -67.26526845063715
5.0 11.424211 104.4433113645333 -78.3635309046532
5.0 11.470276 114.35645014905839 -87.72958787098091
5.0 11.516342 125.90032703665516 -103.11080723539455
5.0 11.562407 131.4624065613222 -103.10632307367172
5.0 11.608472 138.54604448866425 -103.28289638286402
5.0 11.654538 143.88636587308818 -113.90199243256804
5.0 11.700603 148.61892896786333 -106.39330379626253
5.0 11.746668 142.269911995507 -106.13619822755636
5.0 11.792734 127.89278061416235 -94.75907929996444
5.0 11.838799 117.02383520657571 -90.9359015344123
5.0 11.884865 102.09537307018313 -76.65513434190017
5.0 11.93093 95.88059590134402 -64.3997587509766
5.0 11.976995 83.02258298111435 -44.59444557503396
5.0 12.023061 77.70949358208115 -29.33443913442575
5.0 12.069126 75.07391175780259 -18.151006278241766
5.0 12.115191 75.9760144407306 -1.1886444351240883
5.0 12.161257 87.16337219793104 6.683954032267284
5.0 12.207322 96.14122561432647 22.97136949058631
5.0 12.253388 104.08979695883254 29.034073727099724
5.0 12.299453 109.08851812042874 42.983132050997156
5.0 12.345518 113.9458520987007 50.12029341504794
5.0 12.391584 127.89147784032487 60.13602200733015
5.0 12.437649 139.11990775417306 72.46255442329462
5.0 12.483714 140.13828768714671 78.44002237482587
5.0 12.52978 145.88562051241524 88.26345454055009
5.0 12.575845 144.5281789326592 92.70757523644396
5.0 12.621911 145.94386685754438 97.19474822175522
5.0 12.667976 133.9520148424983 100.40463040876665
5.0 12.714041 116.17245867391443 97.45673931333977
5.0 12.760107 102.66308241587551 88.15569720608082
5.0 12.806172 89.34906996612246 73.07281155336203
6.0 9.120943 193.16304777047466 47.652210129773614
6.0 9.167008 191.8874015794026 50.09132155133862
6.0 9.213073 193.70532639596158 51.51556995381685
6.0 9.259139 194.67041375192431 57.15970791251459
6.0 9.305204 196.472508770071 64.46561677697557
6.0 9.351269 198.66044055472008 72.11214576432141
6.0 9.397335 199.52932966572274 77.61457175703549
6.0 9.4434 201.5485490083021 83.46076834906602
6.0 9.489466 201.99690075602328 92.85604558890006
6.0 9.535531 202.3855752656141 102.68200452266423
6.0 9.581596 201.42936242152686 107.59307365077463
6.0 9.627662 202.03757633305534 111.58868115627499
6.0 9.673727 202.3829687390191 115.23558992199185
6.0 9.719792 200.66167461377825 120.43283671786753
6.0 9.765858 199.55726897496316 124.07515537222464
6.0 9.811923 198.26187488261155 127.60924065092203
6.0 9.857988 197.00641501208702 131.7511654649504
6.0 9.904054 196.78420275587268 133.20098916055872
6.0 9.950119 196.16678011369336 131.7867638523542
6.0 9.996185 196.4927661099793 127.92607555576534
6.0 10.04225 198.97043151506094 119.6485429190556
6.0 10.088315 201.5823962596792 109.94249846874918
6.0 10.134381 205.83533679651654 101.80773513411779
6.0 10.180446 207.9708217786421 94.06334322400906
6.0 10.226511 207.32414486964288 88.89134237791468
6.0 10.272577 209.07304077657687 83.91894433532535
6.0 10.318642 205.48688551816883 74.34725085754198
6.0 10.364707 200.70763809663492 62.88873137337474
6.0 10.410773 197.12038931859095 55.51850238328774
6.0 10.456838 194.59201401181528 51.63851808554038
6.0 10.502904 187.58313388034847 44.31121110418607
6.0 10.548969 186.25374542677653 46.33610038879927
6.0 10.595034 180.9370704628501 41.99133536408329
6.0 10.6411 175.37689532599 38.783005911042515
6.0 10.687165 171.4592086176653 35.62457707653649
6.0 10.73323 170.69658842620015 37.84901630176729
6.0 10.779296 172.6980043804216 41.278295147485835
6.0 10.825361 176.4432395209073 46.95888981845529
6.0 10.871427 182.307422144247 53.90129321626111
6.0 10.917492 186.71780884312224 60.62651433667118
6.0 10.963557 188.90620108623833 66.9376389683357
6.0 11.009623 192.0749560312859 73.44557614946973
6.0 11.055688 191.02133576811335 77.44242750120392
6.0 11.101753 190.09179916553677 83.27969436457391
6.0 11.147819 191.42754066545348 87.3225415124333
6.0 11.193884 194.3085532073898 92.53826322048722
6.0 11.239949 198.1483243430092 98.00608010116231
6.0 11.286015 197.11697568599413 103.80240255871956
6.0 11.33208 196.8770308552667 108.98858946225678
6.0 11.378146 196.18823659175354 112.76588802632686
6.0 11.424211 194.29499547221343 117.14824914596626
6.0 11.470276 193.7316497901005 124.89920564175131
6.0 11.516342 194.17276647524338 126.99397927689577
6.0 11.562407 194.67833094461818 132.96146827188983
6.0 11.608472 195.5147026373034 137.83844790089736
6.0 11.654538 193.83900653514104 137.83975151214747
6.0 11.700603 194.02982801754467 138.4668684968427
6.0 11.746668 195.17336224102098 136.80699515383012
6.0 11.792734 197.28422491416202 133.8389047282759
6.0 11.838799 204.01539891309693 128.19097587023944
6.0 11.884865 207.81605354880014 124.66257003720703
6.0 11.93093 207.2763414913578 118.868776945727
6.0 11.976995 209.79634648480294 113.84799015374377
6.0 12.023061 212.57241319176177 102.65726619767975
6.0 12.069126 213.64183085166871 88.50777004225387
6.0 12.115191 211.600506185956 78.56955434475967
6.0 12.161257 212.25293451639743 72.46682840983313
6.0 12.207322 209.74283452598948 70.90270232935859
6.0 12.253388 209.21487550585235 68.9748162409659
6.0 12.299453 208.33085405135535 63.61915292686818
6.0 12.345518 203.24037038255943 55.445605375217674
6.0 12.391584 204.73804881974 52.074208953639776
6.0 12.437649 202.63763167017794 50.041020097780454
6.0 12.483714 201.51911496622466 47.37271312422015
6.0 12.52978 198.3417251406995 49.788572632311485
6.0 12.575845 194.667836231678 49.892373937412664
6.0 12.621911 196.80980725468453 48.381234803658074
6.0 12.667976 196.2222237346808 52.525942791577414
6.0 12.714041 195.77609120498684 57.013145085540245
6.0 12.760107 196.51279774307642 65.17594207069205
6.0 12.806172 194.41096636902532 71.43563567499018
7.0 9.120943 78.72789322244458 153.25125564513456
7.0 9.167008 77.95328750976637 155.37251027342074
7.0 9.213073 75.62500507370943 158.19639283457883
7.0 9.259139 75.4620688972436 163.0836080774886
7.0 9.305204 73.73863185257805 171.34587728864682
7.0 9.351269 73.02138260558719 178.86666750630528
7.0 9.397335 69.87846440348909 184.07051048650374
7.0 9.4434 67.57552152534234 188.29908131547592
7.0 9.489466 63.50734122397216 199.4114514688236
7.0 9.535531 57.83476690172489 205.45005093411325
7.0 9.581596 54.20196812831078 206.89908123723652
7.0 9.627662 49.46493440881134 205.69306368758782
7.0 9.673727 46.032633380974964 203.61208919491196
7.0 9.719792 39.20335847605222 204.70435094060835
7.0 9.765858 33.53836981745326 205.4401712346497
7.0 9.811923 29.767759693682915 206.36891430781918
7.0 9.857988 22.967347087371856 211.81768458582928
7.0 9.904054 16.777402319192902 211.88515973711506
7.0 9.950119 11.377229902276268 214.37087176636365
7.0 9.996185 6.933171340413427 213.14297382669727
7.0 10.04225 9.160646761335201 209.74154060349719
7.0 10.088315 15.060162280107376 208.56392252040197
7.0 10.134381 24.17204134193081 205.89808465498183
7.0 10.180446 29.987412419545606 203.38903922533163
7.0 10.226511 29.694068088267638 207.4983487282352
7.0 10.272577 34.63087308888262 209.12122293799953
7.0 10.318642 33.045259127733495 206.68391190733428
7.0 10.364707 29.312688928577185 204.2679495343606
7.0 10.410773 23.639094444774283 200.72772031145183
7.0 10.456838 17.00925919321362 204.44077497728668
7.0 10.502904 7.132596760009937 195.58229730110875
7.0 10.548969 -16.357312283872204 207.51910610439592
7.0 10.595034 -28.495159083143573 202.95754675411368
7.0 10.6411 -40.23383439638145 203.5126454413241
7.0 10.687165 -49.58662558307902 199.4177804640578
7.0 10.73323 -53.56984692735208 199.7837303685185
7.0 10.779296 -46.5713819531222 201.8603367042625
7.0 10.825361 -31.45951083636723 201.7325483774598
7.0 10.871427 -21.060077957699846 198.67475477439984
7.0 10.917492 -8.060109373093264 194.44212713001556
7.0 10.963557 0.27311481837406076 194.43967650278233
7.0 11.009623 7.326097339161113 194.5788966620511
7.0 11.055688 8.604850745829603 193.53445878832278
7.0 11.101753 6.6651516654051965 191.62718092581434
7.0 11.147819 6.14903896716352 193.0695363697152
7.0 11.193884 10.99712754088107 191.21143866109136
7.0 11.239949 17.079027926434872 190.45158423294586
7.0 11.286015 16.03335626569246 193.34655782954445
7.0 11.33208 14.081020918779364 195.4785250404843
7.0 11.378146 12.316909444330854 196.19226086779742
7.0 11.424211 5.93284959398147 201.56182075423527
7.0 11.470276 1.5325896927426415 208.94416231484033
7.0 11.516342 -0.637698927722089 208.44664362145681
7.0 11.562407 -2.0304936248928485 215.18225128851975
7.0 11.608472 -3.2264166320572585 218.56925503516933
7.0 11.654538 -5.061185326599175 215.50356638489055
7.0 11.700603 -11.371849424797729 216.07757431733435
7.0 11.746668 -4.4925042563949855 213.71329098311134
7.0 11.792734 4.269952542967477 213.88270666252538
7.0 11.838799 21.968386717649356 208.2638080175581
7.0 11.884865 36.07618805611141 203.60044982155108
7.0 11.93093 37.67674565677459 190.4653399414351
7.0 11.976995 46.74040947161012 189.98552721372403
7.0 12.023061 51.90711544274837 184.49446144720127
7.0 12.069126 55.150148285693795 176.9891281690586
7.0 12.115191 53.307071277729605 182.46730891591417
7.0 12.161257 49.41320795363596 182.11362828385572
7.0 12.207322 38.91005010679367 180.28511721720037
7.0 12.253388 35.403669780584885 181.55062469238754
7.0 12.299453 34.50974194767259 177.31953231854837
7.0 12.345518 27.647052775915903 169.1191832055916
7.0 12.391584 22.037047757875293 170.072803557022
7.0 12.437649 8.732959578325264 168.12625722478998
7.0 12.483714 10.771025067855135 163.47185442354728
7.0 12.52978 -4.9029976155127235 164.5587950641848
7.0 12.575845 -11.266986690690159 159.52240983624827
7.0 12.621911 -5.920553564055595 148.60861570596762
7.0 12.667976 -2.7564487793527452 146.16336949830125
7.0 12.714041 9.074695014641527 138.74580463887636
7.0 12.760107 15.103103888897616 141.21188110441997
7.0 12.806172 20.129008975469347 149.0448259238268
8.0 9.120943 147.2089053101522 119.54255504137616
8.0 9.167008 145.66353656698286 121.29664513782555
8.0 9.213073 146.37767824057966 122.00016090176925
8.0 9.259139 145.36743866117675 125.76522703846271
8.0 9.305204 144.28138156483914 130.32169324722682
8.0 9.351269 143.28850852032434 134.9100847131783
8.0 9.397335 141.63825231080472 137.78280398647766
8.0 9.4434 140.9332556687651 140.77096144299946
8.0 9.489466 138.2305708356322 146.312448773428
8.0 9.535531 135.3939303261313 151.86325346667076
8.0 9.581596 132.11895424859833 153.20193606429962
8.0 9.627662 130.88497738583882 154.40251456005575
8.0 9.673727 129.316621596456 154.81265301758924
8.0 9.719792 125.70174457624557 156.2152351770139
8.0 9.765858 123.13897270019004 156.53993193765908
8.0 9.811923 120.52887737101894 156.82005778057095
8.0 9.857988 118.3464182756462 158.68626075832265
8.0 9.904054 117.72031829905619 159.0090144427438
8.0 9.950119 117.56397901265052 158.60130153127298
8.0 9.996185 119.17393099484893 157.87517957472414
8.0 10.04225 124.27701696503786 155.4783811852432
8.0 10.088315 130.4618883375266 152.55241252611262
8.0 10.134381 138.26279882995544 150.64992987416093
8.0 10.180446 144.42839053637775 148.64565208061072
8.0 10.226511 148.76707017757465 149.00792972858292
8.0 10.272577 155.58433208084054 149.20599685000812
8.0 10.318642 158.3894335032713 144.42507283434517
8.0 10.364707 161.22647243243657 137.78042045510475
8.0 10.410773 162.7247243715486 133.1127927335587
8.0 10.456838 165.24819205600886 131.4577353102062
8.0 10.502904 162.27777759307077 125.47335326561107
8.0 10.548969 164.7564058130533 128.54445910198925
8.0 10.595034 161.64797777047366 124.73978129678363
8.0 10.6411 159.49263212070926 122.26565804337645
8.0 10.687165 156.67571236589347 119.42494213291694
8.0 10.73323 155.87029631928607 121.32240821740254
8.0 10.779296 157.23974810619623 124.35807856577152
8.0 10.825361 158.67924913208412 129.17823634275274
8.0 10.871427 159.3097371702646 134.61941691320644
8.0 10.917492 158.1190663113094 139.32957517998705
8.0 10.963557 155.3719433060478 143.36205823918658
8.0 11.009623 153.10853621900102 147.1496435147532
8.0 11.055688 147.39125994641554 148.08187710487744
8.0 11.101753 141.47484174587487 150.23710156293114
8.0 11.147819 138.67995654461234 151.04164477565993
8.0 11.193884 137.53528493966402 152.9299270477718
8.0 11.239949 136.86441903830308 154.18253237500525
8.0 11.286015 132.10886373939258 155.48244628899275
8.0 11.33208 128.70404304043572 156.347756028921
8.0 11.378146 125.16778070922204 155.65375495830997
8.0 11.424211 121.02287371863541 155.90419522398446
8.0 11.470276 117.95865766152413 158.9111429961006
8.0 11.516342 116.60509561713924 156.6376488811993
8.0 11.562407 115.54143740237593 159.0539791094173
8.0 11.608472 115.20194316925166 161.07502814827637
8.0 11.654538 113.24224434820717 159.27962077903862
8.0 11.700603 113.44954040358411 160.34815341131502
8.0 11.746668 115.16062633492125 160.6576450271719
8.0 11.792734 118.3789961436321 161.45241929856184
8.0 11.838799 126.47022161068783 160.29163521740594
8.0 11.884865 131.41518480402135 160.16617422902115
8.0 11.93093 132.27439413403914 156.81082003030886
8.0 11.976995 137.60055647792336 157.4716254264862
8.0 12.023061 145.09908820492964 153.82986143690766
8.0 12.069126 152.15093373457535 147.31065384576902
8.0 12.115191 157.51923383403246 144.56005990451087
8.0 12.161257 162.40652834895084 142.27103561622144
8.0 12.207322 162.6218430665885 142.41789987825143
8.0 12.253388 165.12127150572778 142.4867053407155
8.0 12.299453 168.54127011266107 139.90897304777457
8.0 12.345518 167.44951224352644 133.7355640326609
8.0 12.391584 172.42598817437786 132.52837324923755
8.0 12.437649 173.25257421997543 131.6787792055345
8.0 12.483714 174.19867386609351 129.8595821131964
8.0 12.52978 172.36816504771818 132.17797824503367
8.0 12.575845 168.72340152097772 131.83665807370525
8.0 12.621911 169.74830904677978 130.30852893816063
8.0 12.667976 167.00949714105784 133.20760453532557
8.0 12.714041 161.80161824070547 135.15108471289253
8.0 12.760107 157.1888569720813 140.07498762454944
8.0 12.806172 151.79549663466435 143.70476737888512
9.0 9.120943 114.32884862406374 33.9759076256288
9.0 9.167008 113.5264440946735 35.69872511351685
9.0 9.213073 115.55914516100698 36.11263771905776
9.0 9.259139 117.50056506060919 39.29223751266823
9.0 9.305204 120.7100216506438 43.17440466376055
9.0 9.351269 124.5027735921439 47.10482319535264
9.0 9.397335 126.79796147021746 49.50708870220896
9.0 9.4434 130.34160356974493 52.17348887720629
9.0 9.489466 133.15978537273458 57.56881252395612
9.0 9.535531 136.23506860434756 63.250729997905815
9.0 9.581596 137.62365490144862 64.8635581727333
9.0 9.627662 139.93690200295643 66.38936810626095
9.0 9.673727 142.33539398846693 67.31037929004724
9.0 9.719792 143.32314633199886 69.50830864782972
9.0 9.765858 144.56578500637917 70.74268707629852
9.0 9.811923 145.66738779129872 72.00412562401392
9.0 9.857988 146.09903533206105 74.63407707658686
9.0 9.904054 146.62567443873803 75.37806126783839
9.0 9.950119 145.31607000116438 74.65727410040463
9.0 9.996185 143.33868825166937 72.90830783177194
9.0 10.04225 141.4316185076753 68.8892375833836
9.0 10.088315 139.19405347949012 64.69296271520795
9.0 10.134381 139.03981454036636 62.1923416843551
9.0 10.180446 137.5240224014413 60.27467377751961
9.0 10.226511 133.9658532751356 61.492762997392276
9.0 10.272577 133.12337434375675 63.13515152967357
9.0 10.318642 127.72800258112503 60.764207537586934
9.0 10.364707 121.52928848861549 57.69262594886302
9.0 10.410773 117.4276306102332 55.78972172332712
9.0 10.456838 114.8713256285201 57.16910287952504
9.0 10.502904 108.0111808789831 53.59527135892468
9.0 10.548969 107.17552963670569 59.05786884493827
9.0 10.595034 101.99409755537157 56.598993718793
9.0 10.6411 96.89223762138172 56.305207050771024
9.0 10.687165 92.90984119065877 54.019634261572264
9.0 10.73323 92.32314544495749 55.819336278871326
9.0 10.779296 94.54401372146047 58.511982691902965
9.0 10.825361 98.38477517018492 61.78718758413033
9.0 10.871427 103.865399445295 63.59868958051775
9.0 10.917492 108.18598594778027 64.63539027353016
9.0 10.963557 110.6927550851654 65.67771949994648
9.0 11.009623 114.42567246121381 66.48478345266398
9.0 11.055688 114.36970624403239 65.05106847472355
9.0 11.101753 114.99102070888671 64.92632207851216
9.0 11.147819 117.7071304484383 64.29293034762404
9.0 11.193884 122.17484582672547 65.02826720394584
9.0 11.239949 128.06114985810638 65.43979052348952
9.0 11.286015 129.78100774034903 66.33499543291704
9.0 11.33208 132.22062350146345 67.32439298367953
9.0 11.378146 134.43282404055066 67.06137951983165
9.0 11.424211 135.44025068156463 68.03618471849366
9.0 11.470276 138.18028187605228 72.23763981760084
9.0 11.516342 141.5560858709277 71.32925285612558
9.0 11.562407 144.49370387075652 74.97210145451503
9.0 11.608472 147.2055406813005 78.06319201753955
9.0 11.654538 147.0387007729684 77.10146318488351
9.0 11.700603 146.81714264186365 77.92688428304446
9.0 11.746668 146.4556788536909 77.44543231375494
9.0 11.792734 145.7244051173463 76.75922602000118
9.0 11.838799 148.59705877730948 74.09990964892233
9.0 11.884865 149.72252203589176 72.93718318700424
9.0 11.93093 147.6693182893482 68.95852223847383
9.0 11.976995 146.27612061134258 68.53357159127881
9.0 12.023061 144.0442073670213 64.3248592046449
9.0 12.069126 140.5101387690285 58.350216860309764
9.0 12.115191 135.02326613098725 57.53075028947748
9.0 12.161257 133.86804972724588 56.86739410424699
9.0 12.207322 130.9454301853731 58.006107011867265
9.0 12.253388 129.8368468381219 59.48656165755879
9.0 12.299453 128.19511291232857 59.02465525502603
9.0 12.345518 122.8165417096867 54.90718057645923
9.0 12.391584 123.8142412782402 55.78508301646268
9.0 12.437649 121.79398374711779 56.5670410317659
9.0 12.483714 120.77070413803885 56.052291023391106
9.0 12.52978 118.10887897015142 58.967393593176794
9.0 12.575845 114.72601971912884 58.465732856769364
9.0 12.621911 116.51547175392277 56.284222971743155
9.0 12.667976 116.19572999277061 57.66204642625032
9.0 12.714041 116.15779357612324 56.65382564894499
9.0 12.760107 117.79706995719317 58.59380367895166
9.0 12.806172 116.85644357647013 60.57219065108553
10.0 9.120943 65.466269977774 46.13821907174109
10.0 9.167008 64.5115376005969 47.25002345672663
10.0 9.213073 66.60864978643089 46.812033385977784
10.0 9.259139 68.30346487025982 48.17321950131628
10.0 9.305204 71.38838443086425 49.31330162784298
10.0 9.351269 75.15722455581516 50.32613090850505
10.0 9.397335 77.48590835815862 50.30318349543281
10.0 9.4434 81.28948861988495 50.47880246946748
10.0 9.489466 84.53409522992057 52.58057848414567
10.0 9.535531 88.3929954902163 54.89867800320049
10.0 9.581596 90.26623708795196 53.82059061769265
10.0 9.627662 93.21368997959812 53.479490542060105
10.0 9.673727 96.27651495150799 52.31433345726414
10.0 9.719792 98.14126813026726 52.0301118902769
10.0 9.765858 100.25156326061814 51.161170204897985
10.0 9.811923 102.17592616620452 50.451975397538305
10.0 9.857988 103.3954726811853 51.722824417076716
10.0 9.904054 104.42404322782207 51.85517003263237
10.0 9.950119 102.94943685668196 51.55290051612194
10.0 9.996185 100.28891260777883 51.56693559225744
10.0 10.04225 97.01224229506904 51.192936073199085
10.0 10.088315 93.44547661072404 51.49648671599881
10.0 10.134381 92.54395011403528 53.65022468705061
10.0 10.180446 90.73042124289556 56.2001679704081
10.0 10.226511 87.41105817338057 61.84695220733477
10.0 10.272577 87.2690408779645 67.93592302545383
10.0 10.318642 82.77748263671934 70.16742732260803
10.0 10.364707 78.1811756423429 72.24846343432753
10.0 10.410773 75.56038512094486 73.56773904490963
10.0 10.456838 74.76487290905139 77.74994178425365
10.0 10.502904 69.16838037592883 76.47662958587848
10.0 10.548969 70.11423911473238 83.69435044329063
10.0 10.595034 65.7106009956808 82.4992571026293
10.0 10.6411 61.70995362260288 83.99383192406273
10.0 10.687165 58.068800098424575 82.47397258050981
10.0 10.73323 57.333767338441994 84.15699210807003
10.0 10.779296 59.2170940182879 86.3277375798294
10.0 10.825361 61.9564575927206 88.20752274921281
10.0 10.871427 65.47421278477469 87.31090793177152
10.0 10.917492 67.68693889560366 85.30975968393588
10.0 10.963557 68.45397246790868 83.31419560223364
10.0 11.009623 70.65408136096136 80.71293656447487
10.0 11.055688 69.11999987996477 75.98428657356834
10.0 11.101753 68.5028731754573 72.1074048073887
10.0 11.147819 70.6762560523945 68.27869748951939
10.0 11.193884 74.8638031611138 66.04592582134565
10.0 11.239949 80.73828087338731 62.9688831449832
10.0 11.286015 82.43248285418498 60.21048141563354
10.0 11.33208 85.29543708378684 57.89617008244342
10.0 11.378146 87.97876248604166 54.41587909212381
10.0 11.424211 89.69149992467892 52.40460631293277
10.0 11.470276 93.71581145447261 53.51501889807587
10.0 11.516342 98.1210125323534 49.96935579537303
10.0 11.562407 102.16291038818801 51.664827387797956
10.0 11.608472 105.8466192161421 53.338882322510266
10.0 11.654538 106.19472916738137 51.26462462181424
10.0 11.700603 106.0045085190402 52.415867480005076
10.0 11.746668 105.00903600272967 53.063622317378
10.0 11.792734 103.08668792910927 54.59244360868966
10.0 11.838799 104.64576378579191 54.95827203891802
10.0 11.884865 104.8107328836659 56.15078264881917
10.0 11.93093 102.06659779041844 53.855524937375016
10.0 11.976995 99.68965325341419 57.30599480132849
10.0 12.023061 96.64059520856472 58.59040453125482
10.0 12.069126 92.87422061211579 58.619874678688454
10.0 12.115191 88.08243869184155 63.789257504366354
10.0 12.161257 87.92264928921699 66.54973744408883
10.0 12.207322 85.62866666589125 69.47393450484533
10.0 12.253388 85.39037713176735 72.89752151887271
10.0 12.299453 84.88372727347144 75.40933764640691
10.0 12.345518 80.42460774402466 73.90374525592351
10.0 12.391584 82.89371593115398 77.0479294173565
10.0 12.437649 81.95086049509891 79.48617442786035
10.0 12.483714 81.59428607107539 80.1861621684758
10.0 12.52978 79.30362074616741 83.51022264557348
10.0 12.575845 75.67074382083969 82.97229694292174
10.0 12.621911 77.25978486707909 80.60470672613015
10.0 12.667976 75.86517298749888 80.66799204734839
10.0 12.714041 73.84612270591947 76.83030717201558
10.0 12.760107 73.69988401082387 75.06291367527828
10.0 12.806172 71.53561791836563 74.16268084864045
11.0 9.120943 146.8606639674841 85.6191991311425
11.0 9.167008 145.56457518709453 87.41796241371433
11.0 9.213073 146.79812123365 88.13605682757155
11.0 9.259139 146.86848017532495 91.94716985854004
11.0 9.305204 147.37360253739462 96.63322379904723
11.0 9.351269 148.14947567901595 101.41365601524767
11.0 9.397335 147.96347756141827 104.5160604653765
11.0 9.4434 148.8283714761434 107.80915333018815
11.0 9.489466 148.1303181308032 113.77564651424775
11.0 9.535531 147.43750260602977 119.90283564890558
11.0 9.581596 145.81721692847333 121.87892071767169
11.0 9.627662 145.84849991688787 123.61663573243911
11.0 9.673727 145.6602425446913 124.71586502244168
11.0 9.719792 143.62888621809321 126.92915473206567
11.0 9.765858 142.35061142839385 128.0440858459856
11.0 9.811923 140.96743996172694 129.12494101547455
11.0 9.857988 139.6805846610331 131.51172780442366
11.0 9.904054 139.45229117841615 132.12855486022588
11.0 9.950119 138.93681187312384 131.4645059936684
11.0 9.996185 139.39213374667645 129.95406291162007
11.0 10.04225 142.15179402264232 126.2125504786776
11.0 10.088315 145.4501659979329 121.88803734357047
11.0 10.134381 150.47365667242138 118.83203896677692
11.0 10.180446 153.8883455217288 115.91574684153872
11.0 10.226511 155.29952799486918 115.48626471027376
11.0 10.272577 159.18460228635402 115.10474817983675
11.0 10.318642 158.76645728247408 110.21506152490906
11.0 10.364707 157.9764245999467 103.80234168978468
11.0 10.410773 157.19234819528248 99.47747758300424
11.0 10.456838 157.5351490515777 98.19667759353084
11.0 10.502904 153.00770292855245 92.77814586672017
11.0 10.548969 153.9525432420437 96.13355002352145
11.0 10.595034 150.05681251720029 92.71320373089908
11.0 10.6411 146.64048869083422 90.74949838094105
11.0 10.687165 143.44211755822656 88.11224640275177
11.0 10.73323 142.69788774900266 89.99727216494982
11.0 10.779296 144.31523091712276 92.90867263949882
11.0 10.825361 146.6530626220427 97.33671937511241
11.0 10.871427 149.33785881093817 101.9837573483124
11.0 10.917492 150.471474284901 106.01243674185702
11.0 10.963557 149.9164009793705 109.59044474674377
11.0 11.009623 150.12093805158338 113.00570083147026
11.0 11.055688 146.7266558616535 113.8839737282444
11.0 11.101753 143.41257040311172 116.06771490813297
11.0 11.147819 142.77738000887376 117.05493342420358
11.0 11.193884 143.76218571126105 119.18541854724715
11.0 11.239949 145.5447263527227 120.9348972778491
11.0 11.286015 143.14893569936172 122.87230377292244
11.0 11.33208 141.8441330361423 124.48590918676967
11.0 11.378146 140.3171026268649 124.69831110751248
11.0 11.424211 137.95418523548432 125.81970444518454
11.0 11.470276 136.89351152457934 129.83929669565097
11.0 11.516342 137.0723079608534 128.74514860511243
11.0 11.562407 137.34270418608787 132.01611354644945
11.0 11.608472 138.01479663783206 134.7543825509808
11.0 11.654538 136.5927930019856 133.5239956049631
11.0 11.700603 136.70616023426373 134.42852992417755
11.0 11.746668 137.74967662925866 134.19267317545038
11.0 11.792734 139.68975845031284 133.94634647257794
11.0 11.838799 146.02655965557088 131.71250307990383
11.0 11.884865 149.68054068584658 130.76749724668565
11.0 11.93093 149.51431854168865 126.9549521197529
11.0 11.976995 152.54151998963883 126.33977958219535
11.0 12.023061 156.61086985863662 121.36471368412784
11.0 12.069126 159.8222221734799 113.85902658834482
11.0 12.115191 161.0802071903578 110.37775251192203
11.0 12.161257 163.65116298970378 107.87124652013729
11.0 12.207322 162.6120986124901 107.95498183020237
11.0 12.253388 163.64433897599406 107.99170594019498
11.0 12.299453 164.98552639840736 105.51568549071352
11.0 12.345518 162.17168082959435 99.71495484621302
11.0 12.391584 165.46775994338614 98.6427733318706
11.0 12.437649 165.0705151025645 98.01098020675998
11.0 12.483714 165.1473110988612 96.41705450949456
11.0 12.52978 162.903407549656 98.83842066374305
11.0 12.575845 159.39635724778626 98.58445095633118
11.0 12.621911 160.80285118129487 96.96081286223793
11.0 12.667976 159.06298421280476 99.64190986903486
11.0 12.714041 156.04957502835683 101.29107636455575
11.0 12.760107 153.9853470763135 105.9040231782137
11.0 12.806172 150.3500945252048 109.46372437503724
12.0 9.120943 73.65829534936066 78.35022380989861
12.0 9.167008 72.4359752978204 79.53817927762695
12.0 9.213073 73.88440312408018 79.3021430258318
12.0 9.259139 74.42359388382009 80.76466686268571
12.0 9.305204 75.78093912636935 82.20946454663438
12.0 9.351269 77.69177168596711 83.414720854313
12.0 9.397335 78.46589543284618 83.56860885779487
12.0 9.4434 80.59348907038158 83.78918771029511
12.0 9.489466 81.6775570112321 85.84297817675427
12.0 9.535531 83.18444420383726 87.84012770854098
12.0 9.581596 83.38002136563715 86.60800303504526
12.0 9.627662 84.92632070985572 85.91767677210456
12.0 9.673727 86.54398945994728 84.3593125980028
12.0 9.719792 86.68848276821743 83.54046498268991
12.0 9.765858 87.35802522590242 82.28131740258719
12.0 9.811923 88.00279008613452 81.07055989967664
12.0 9.857988 88.18847603207965 81.91996428320023
12.0 9.904054 88.5958195294294 81.85818978000165
12.0 9.950119 87.25763994006088 81.89265503459384
12.0 9.996185 85.48982018663723 82.49110843400602
12.0 10.04225 84.4251724677637 83.10611644472199
12.0 10.088315 83.74189029807583 84.36738225929822
12.0 10.134381 85.69643392090488 86.83459915848117
12.0 10.180446 86.55181927998976 89.42951036334348
12.0 10.226511 85.73088983625992 94.86659119127943
12.0 10.272577 88.0625682502534 100.37638871447344
12.0 10.318642 86.27985069866806 102.1406626676827
12.0 10.364707 84.65204199611637 103.42288659238737
12.0 10.410773 83.70390731949357 104.02169297592508
12.0 10.456838 84.21593672701351 107.3741986798873
12.0 10.502904 79.808896648332 105.51304711126922
12.0 10.548969 80.80822892561025 111.85350704403271
12.0 10.595034 76.9236713285697 110.31987709377326
12.0 10.6411 73.83543218063434 111.16139833467273
12.0 10.687165 70.53440348984886 109.45953008776596
12.0 10.73323 69.64549092147172 111.08642747364044
12.0 10.779296 71.33696086584591 113.30495372560844
12.0 10.825361 73.57430603542501 115.5077616719325
12.0 10.871427 75.6481590851689 115.34545226977517
12.0 10.917492 76.43714223679335 114.1087943433888
12.0 10.963557 75.77233558029025 112.92140614530916
12.0 11.009623 76.21202623110172 111.03054897818919
12.0 11.055688 73.10104552688654 107.07407034551431
12.0 11.101753 70.42775217973629 103.72500562893916
12.0 11.147819 70.78599190146252 100.30592038467147
12.0 11.193884 73.25707271303912 98.02284760287115
12.0 11.239949 77.1314966721385 94.87516282944448
12.0 11.286015 76.79305650941396 92.08129794908685
12.0 11.33208 77.69471475298037 89.63211064345343
12.0 11.378146 78.5408597888795 85.92308101585051
12.0 11.424211 78.44313047923264 83.67604374982041
12.0 11.470276 80.44239105133731 84.15812173667322
12.0 11.516342 83.26067358548237 80.23761951962994
12.0 11.562407 86.04203370082377 81.27950750883797
12.0 11.608472 88.74458150505879 82.3661859482646
12.0 11.654538 88.42894900714114 80.11709189286555
12.0 11.700603 88.19122324587396 81.20630842155967
12.0 11.746668 88.00437375010488 82.1599001915417
12.0 11.792734 87.62313363364142 84.18937691013001
12.0 11.838799 91.2742007875897 85.19804705419392
12.0 11.884865 93.09914069463557 86.59975414357079
12.0 11.93093 91.37967984298724 84.4156679278539
12.0 11.976995 91.416319671594 88.16221148118585
12.0 12.023061 91.60611845919759 89.86012257939673
12.0 12.069126 91.37769813441604 90.0821310348329
12.0 12.115191 90.02131525719032 94.98592025052383
12.0 12.161257 91.53284433612255 97.31291624580575
12.0 12.207322 89.90814055756672 99.77287100135749
12.0 12.253388 90.56769505409798 102.7838902546172
12.0 12.299453 91.60225407725744 104.54320023007499
12.0 12.345518 88.59317747025317 102.51813866503525
12.0 12.391584 91.91131675627436 104.89009369690174
12.0 12.437649 91.48243369355659 106.68369313249752
12.0 12.483714 91.81206290291665 106.90270931220691
12.0 12.52978 89.43381689693886 109.95390490758221
12.0 12.575845 85.78158046754609 109.4162326956558
12.0 12.621911 87.17191088463525 106.93284573414917
12.0 12.667976 85.24483019327954 107.31081993543893
12.0 12.714041 82.09887243518892 104.2433520597467
12.0 12.760107 80.14510600848936 103.37206125376025
12.0 12.806172 76.78103057545678 103.28878851865672
13.0 9.120943 189.65151430249034 104.98834168850485
13.0 9.167008 188.08524795568954 107.10815630703551
13.0 9.213073 188.99862822092138 108.52388164069092
13.0 9.259139 188.41830327219517 113.71947596119426
13.0 9.305204 187.8281552456467 120.45381114416175
13.0 9.351269 187.3610292923551 127.46841819491327
13.0 9.397335 185.98708857321304 132.36153627688068
13.0 9.4434 185.55796732773294 137.5612169219833
13.0 9.489466 183.11671191630703 145.96792962699092
13.0 9.535531 180.35956708014567 154.60190523313176
13.0 9.581596 176.87586211366562 158.30261977972327
13.0 9.627662 175.4544210610117 161.36822398383
13.0 9.673727 173.571568091191 163.8298286815123
13.0 9.719792 169.49381900786446 167.5602020671714
13.0 9.765858 166.38208712581246 169.8490850701383
13.0 9.811923 163.23586711095666 172.01270836982573
13.0 9.857988 160.69324139994404 175.31063251821467
13.0 9.904054 159.77959871914774 176.28984979581725
13.0 9.950119 159.69553734041364 175.29383354218447
13.0 9.996185 161.71538700930745 172.72073522763597
13.0 10.04225 167.54954757644182 166.77879031103714
13.0 10.088315 174.37686248859063 159.6548396337741
13.0 10.134381 182.72888538154953 153.86261998136504
13.0 10.180446 189.08745862442552 148.020553390043
13.0 10.226511 193.26614075701102 144.38825162259783
13.0 10.272577 199.8519231927377 140.71461247839525
13.0 10.318642 201.38836767574577 131.66315917394795
13.0 10.364707 202.3509220044784 120.37069182671196
13.0 10.410773 202.3480438443136 112.84508678960468
13.0 10.456838 203.4409267722392 108.58187603171831
13.0 10.502904 198.69421567848826 100.70294319382832
13.0 10.548969 200.06863735991902 101.99150677062741
13.0 10.595034 195.82816633924293 97.25788242656908
13.0 10.6411 192.30606459324906 93.34465450506558
13.0 10.687165 188.86466368248338 90.05428707166564
13.0 10.73323 188.02703783334988 92.0292619442747
13.0 10.779296 189.75969200274608 95.3568177998826
13.0 10.825361 192.23324489162465 101.18885351031457
13.0 10.871427 194.92053835348784 108.89095848290928
13.0 10.917492 195.7344793211595 116.24210881489734
13.0 10.963557 194.50745052217542 122.88025980514684
13.0 11.009623 193.84427022106735 129.65880301788633
13.0 11.055688 189.07079465868665 133.4313442856759
13.0 11.101753 184.107801705064 138.76762587240995
13.0 11.147819 182.00820574189473 142.39051333909714
13.0 11.193884 181.61577517155155 147.09077973062293
13.0 11.239949 181.55349272244027 151.75778002230587
13.0 11.286015 176.96433950925285 156.27675403526771
13.0 11.33208 173.46210882271723 160.13422851047034
13.0 11.378146 169.62638894682365 162.33942444744204
13.0 11.424211 165.04700437505102 165.19852198783477
13.0 11.470276 161.49721360524407 171.3108872027653
13.0 11.516342 159.31575181797615 171.52894480421764
13.0 11.562407 157.76761395511997 176.21095881301275
13.0 11.608472 156.9650451596117 180.02725060950317
13.0 11.654538 154.44802765542838 179.02728855980206
13.0 11.700603 154.76862783442633 179.94285249608805
13.0 11.746668 156.95135092799836 179.1769412536269
13.0 11.792734 161.0947379368593 177.95383463583943
13.0 11.838799 170.16238534993252 174.30302258053777
13.0 11.884865 175.90376690467244 172.26185171562906
13.0 11.93093 176.9098163657956 167.11459861407442
13.0 11.976995 183.11881480443654 164.37803260434262
13.0 12.023061 191.08198124072078 155.75947823779174
13.0 12.069126 197.9301555990367 143.78521178954404
13.0 12.115191 202.5861412505004 135.4829046641688
13.0 12.161257 206.89771882158257 130.14798230215993
13.0 12.207322 206.5236754062901 128.58950320410645
13.0 12.253388 208.44789691654336 126.79684833940908
13.0 12.299453 210.98136908630852 121.50578223822716
13.0 12.345518 208.48372592508633 113.03946561570734
13.0 12.391584 212.8194512106383 109.71722197685092
13.0 12.437649 212.7649498631618 107.30710333500456
13.0 12.483714 213.09050315665527 104.37335320628642
13.0 12.52978 210.66254747726217 106.22284939383415
13.0 12.575845 206.67156885475345 106.01615929884026
13.0 12.621911 208.10505501098388 104.80389875183756
13.0 12.667976 205.97130330103838 108.90467014149559
13.0 12.714041 201.8999228275961 113.48333610760282
13.0 12.760107 198.6220506636778 121.59672020283912
13.0 12.806172 193.8175055215021 127.50142631855951
14.0 9.120943 34.63320608774243 79.16667369028382
14.0 9.167008 33.27857959648685 80.03309081559289
14.0 9.213073 34.881593383293364 79.34158838432245
14.0 9.259139 35.452735012093896 79.55053616973628
14.0 9.305204 37.08289101157962 79.33104270742142
14.0 9.351269 39.45341465633431 78.68376070259862
14.0 9.397335 40.53187125833883 77.29935022670023
14.0 9.4434 43.25366958282333 75.93879131194998
14.0 9.489466 45.05308959566926 75.95799907606468
14.0 9.535531 47.569923074310495 75.80111562202646
14.0 9.581596 48.455506759971485 72.8250650400402
14.0 9.627662 50.68863082136103 70.8324635548469
14.0 9.673727 53.100725557731984 67.81722007703972
14.0 9.719792 54.09692237342087 65.27551345351685
14.0 9.765858 55.56912857946501 62.69624029041994
14.0 9.811923 57.0725750770688 60.16149498105992
14.0 9.857988 57.90738897664333 60.18178258456988
14.0 9.904054 58.567699445858665 59.7701418310413
14.0 9.950119 56.71461323830227 60.19671571654449
14.0 9.996185 53.80286418056951 61.97782738782999
14.0 10.04225 50.99134538527437 65.06559125786428
14.0 10.088315 48.65063415223211 69.49552886912635
14.0 10.134381 49.70641088669308 75.08147008715598
14.0 10.180446 49.836947438987124 80.67188008972532
14.0 10.226511 48.32631499866248 89.21784267195399
14.0 10.272577 50.58759974295621 97.79880139488502
14.0 10.318642 48.410618494387755 102.94371537473826
14.0 10.364707 46.72178439804252 108.1121989614246
14.0 10.410773 45.93554189312537 111.15440582434644
14.0 10.456838 46.797741896465396 116.79541706776712
14.0 10.502904 42.35859952816316 116.69669585167372
14.0 10.548969 43.23531745164409 124.50452077071802
14.0 10.595034 39.1276426151046 123.94647907685199
14.0 10.6411 36.02338932936688 126.2404575285308
14.0 10.687165 32.46154730152675 125.0496310476255
14.0 10.73323 31.300248583414007 126.5736836554652
14.0 10.779296 33.08799774984199 128.42243785670306
14.0 10.825361 35.34786931655218 129.46316508407202
14.0 10.871427 37.02408535225632 126.80698197527215
14.0 10.917492 37.482533905296975 122.85682020235136
14.0 10.963557 36.486709049064125 119.26097756551333
14.0 11.009623 36.828958357541076 114.64056228101806
14.0 11.055688 33.293861392810626 108.19089751902877
14.0 11.101753 30.31820935367702 101.87120655298999
14.0 11.147819 30.91315425511561 96.11896752391584
14.0 11.193884 34.10871990700329 91.44006998835857
14.0 11.239949 39.095313036308546 85.69742966103917
14.0 11.286015 39.412426138342944 80.28042330306444
14.0 11.33208 41.213221420843865 75.62049403048461
14.0 11.378146 42.97737484269817 69.69493941165508
14.0 11.424211 43.71323251943674 65.53457702840876
14.0 11.470276 47.24600956000449 64.15990509408009
14.0 11.516342 51.25683800723118 58.663311474437684
14.0 11.562407 55.41127311457233 58.598014447415224
14.0 11.608472 59.26019195915979 58.91395876728293
14.0 11.654538 59.33213838630975 55.99488569093883
14.0 11.700603 58.911817425653325 57.21296001942082
14.0 11.746668 58.24887565259301 58.87986934408258
14.0 11.792734 56.93051594636299 62.22439296460968
14.0 11.838799 59.765458562485236 65.23562338794916
14.0 11.884865 61.0806446540594 67.98881114360834
14.0 11.93093 58.502881905981674 66.4798560210299
14.0 11.976995 57.489681129465126 72.65625493137883
14.0 12.023061 56.23361905196622 77.97613175540437
14.0 12.069126 54.80948815877203 82.30555835937751
14.0 12.115191 52.6383785451334 91.61529890004059
14.0 12.161257 54.09410643084578 96.44875139734123
14.0 12.207322 52.10799698167298 100.04596791916035
14.0 12.253388 52.831179279901654 104.5602641383326
14.0 12.299453 54.069890007477674 108.38169382327392
14.0 12.345518 50.931067828968814 108.21049227180767
14.0 12.391584 54.70471772328863 112.22007268876398
14.0 12.437649 54.236810087546665 115.1547402988045
14.0 12.483714 54.86356453907186 116.20475703485393
14.0 12.52978 52.04703579557111 119.58528182718929
14.0 12.575845 47.9480368238732 118.93237742128818
14.0 12.621911 49.50922220679305 115.8986728130231
14.0 12.667976 47.155386925868 115.14132247247353
14.0 12.714041 43.49388363982668 109.69548656837958
14.0 12.760107 41.09878252374305 106.05926438424478
14.0 12.806172 37.379107859748466 104.17505508535781
15.0 9.120943 118.06886548724589 119.74835636747214
15.0 9.167008 116.52111607704649 121.28708470406745
15.0 9.213073 117.24071580405531 121.5482259596363
15.0 9.259139 116.22889429522934 124.36654666333351
15.0 9.305204 115.21842963990716 127.54383039444807
15.0 9.351269 114.38369552676423 130.58781262060236
15.0 9.397335 112.92542529048944 132.1984310555654
15.0 9.4434 112.50167191275078 133.81289788830193
15.0 9.489466 110.1978448183745 137.6005854752587
15.0 9.535531 107.92263456342616 141.25138861577238
15.0 9.581596 105.21987347855004 141.18878915610918
15.0 9.627662 104.48097273067785 141.28029422452164
15.0 9.673727 103.53442526465855 140.50070991511652
15.0 9.719792 100.64984793810895 140.55186550802944
15.0 9.765858 98.7828932757537 139.79617738266452
15.0 9.811923 96.88861329765916 139.04146359955806
15.0 9.857988 95.20761745839803 140.13716357717553
15.0 9.904054 94.83608281594275 140.11896189224456
15.0 9.950119 94.40669383673513 140.0477305669893
15.0 9.996185 95.25934527481647 140.3185978538862
15.0 10.04225 99.09586101514181 139.92895962118664
15.0 10.088315 103.9951712683302 139.48005389153764
15.0 10.134381 110.79706458592149 139.8917424606441
15.0 10.180446 116.14958224171401 140.1909485051277
15.0 10.226511 119.75929373297214 142.98849203477914
15.0 10.272577 126.03843421070654 145.55637379180314
15.0 10.318642 128.6476233121563 143.58674406177303
15.0 10.364707 131.58210010709124 140.12264087649388
15.0 10.410773 133.30504855475516 137.45143677833863
15.0 10.456838 136.06010025255893 137.64374070992326
15.0 10.502904 133.5530757751979 133.11627970695608
15.0 10.548969 136.1272842270533 137.42293422757655
15.0 10.595034 133.34135283554954 134.38710592077862
15.0 10.6411 131.61128789165585 133.05355188931847
15.0 10.687165 128.9888608125046 130.59015262410978
15.0 10.73323 128.14482663101163 132.4356087920782
15.0 10.779296 129.39014696964333 135.22636054728702
15.0 10.825361 130.5039446977828 139.21534662158038
15.0 10.871427 130.50179329118856 142.79935895159997
15.0 10.917492 128.8143596875984 145.45139271368313
15.0 10.963557 125.754102911159 147.59808184184348
15.0 11.009623 123.25942380212537 149.23626483512228
15.0 11.055688 117.53914783770655 148.27547313230838
15.0 11.101753 111.67566226406265 148.26162870420666
15.0 11.147819 109.07625758084009 147.23162402786545
15.0 11.193884 108.2307294913932 147.23502734665337
15.0 11.239949 108.09655964870991 146.32510191141202
15.0 11.286015 103.9362117509325 145.64426921090208
15.0 11.33208 101.2190930868243 144.73185593621574
15.0 11.378146 98.48192193580445 142.36033482067515
15.0 11.424211 95.09482771171636 141.13729734904783
15.0 11.470276 93.02054148764573 142.4124607888182
15.0 11.516342 92.67580111467423 138.86600454076515
15.0 11.562407 92.47579276199487 140.1090122622722
15.0 11.608472 92.86536656513206 141.22473425703623
15.0 11.654538 91.34111283920656 139.02117161794374
15.0 11.700603 91.42098173855432 140.14591062553853
15.0 11.746668 92.6652489404099 140.9997025807087
15.0 11.792734 94.99852277621869 142.83698442170245
15.0 11.838799 102.16020829200849 143.09210136197842
15.0 11.884865 106.4209355648094 143.99244809661627
15.0 11.93093 106.7921180126954 141.54438211176475
15.0 11.976995 111.021090487883 144.08012470416605
15.0 12.023061 117.27178467055225 143.34250329676107
15.0 12.069126 123.35489968852507 140.1437339667354
15.0 12.115191 127.99244671749531 140.88699502890938
15.0 12.161257 132.61042712408351 140.52902600817745
15.0 12.207322 132.71086535020405 141.71839366029874
15.0 12.253388 135.1181606450608 142.9817596425881
15.0 12.299453 138.54835187667763 142.14128859774578
15.0 12.345518 137.73988586717005 137.57794965859304
15.0 12.391584 142.7269072189405 137.70784609558186
15.0 12.437649 143.66718646120427 137.8821200511209
15.0 12.483714 144.77868734241534 136.80450868770296
15.0 12.52978 143.00349980571943 139.4693904946023
15.0 12.575845 139.46356613950724 139.0931310989473
15.0 12.621911 140.41680081979007 137.2050659947718
15.0 12.667976 137.5457123137246 139.25514487885386
15.0 12.714041 132.1897087744578 139.38314244177133
15.0 12.760107 127.3813874165656 142.14352862678692
15.0 12.806172 121.96640381062633 144.35066664531013
16.0 9.120943 310.93023208133434 100.42511068100448
16.0 9.167008 306.58741170466845 107.00146484070724
16.0 9.213073 288.439497955299 122.06106885175245
16.0 9.259139 303.2621305241066 138.96460666702984
16.0 9.305204 294.8984083482471 171.80431359987742
16.0 9.351269 293.53117645905087 203.0039690258692
16.0 9.397335 285.6014646302946 226.5831641571651
16.0 9.4434 274.25802473023253 247.58294043953612
16.0 9.489466 274.0296194810393 289.95039764201886
16.0 9.535531 256.7238149445591 315.4696410230257
16.0 9.581596 246.48920795065527 330.08711754317636
16.0 9.627662 232.98109993282793 337.56510097600636
16.0 9.673727 223.95121160936094 346.11612047695553
16.0 9.719792 215.38406965919873 368.10000377094786
16.0 9.765858 200.21512534547873 382.56192016328674
16.0 9.811923 197.00255483024466 405.0625748009198
16.0 9.857988 188.40608975866866 439.27779544076725
16.0 9.904054 168.63186857660259 442.3289398092179
16.0 9.950119 152.864803583234 439.9700864863414
16.0 9.996185 136.12323368957604 413.86856961293125
16.0 10.04225 130.597631994256 372.4604842787014
16.0 10.088315 133.21266160992033 339.3554927588089
16.0 10.134381 142.9812530047555 311.5901639862126
16.0 10.180446 146.14249573923564 284.66706770123193
16.0 10.226511 140.51448372379892 271.5019795123308
16.0 10.272577 140.08702677194768 252.72653072436884
16.0 10.318642 121.49903650837878 224.90542356536943
16.0 10.364707 93.561548244449 198.95530012166978
16.0 10.410773 64.15953587226863 179.71534544138655
16.0 10.456838 33.376187963702776 175.30756096519227
16.0 10.502904 3.322892233998076 152.94888543286947
16.0 10.548969 -74.93525624436802 157.80528855691105
16.0 10.595034 -108.25361867628123 145.10124332597545
16.0 10.6411 -153.95714015099884 133.90076658553932
16.0 10.687165 -181.4056457955546 122.15987961436011
16.0 10.73323 -191.79288153566432 116.27011586354666
16.0 10.779296 -167.691642255 119.00727974510245
16.0 10.825361 -110.56892198032922 120.88015987690243
16.0 10.871427 -66.02774151923306 118.70383403726822
16.0 10.917492 -9.732949345737133 118.19975024984946
16.0 10.963557 32.87065662543437 131.54343831307986
16.0 11.009623 70.04668598278471 147.2898325238527
16.0 11.055688 95.28355707115391 163.21296772880697
16.0 11.101753 116.2678990447068 177.0201159425828
16.0 11.147819 127.27119247818194 202.32744444325897
16.0 11.193884 155.06329944357674 218.9682139878105
16.0 11.239949 180.47119303526787 246.70748090265656
16.0 11.286015 204.03811842981176 287.75736921582205
16.0 11.33208 202.93097625674247 320.00902758555134
16.0 11.378146 210.65223580404347 357.4345471536935
16.0 11.424211 204.84391892016117 407.22202557884077
16.0 11.470276 193.93096669495824 461.5751912916793
16.0 11.516342 176.53205194701698 486.77284553541693
16.0 11.562407 178.51791506174897 553.0370814566127
16.0 11.608472 171.4263156131228 594.8289776875936
16.0 11.654538 154.3093171102369 569.4877244354489
16.0 11.700603 139.27025212882648 584.4399550954539
16.0 11.746668 155.03704178785173 544.5139117441258
16.0 11.792734 192.93550328926193 534.7838707775462
16.0 11.838799 226.4990338971454 476.85566981914195
16.0 11.884865 274.7764666048066 450.3527878572344
16.0 11.93093 278.9236746615393 390.03231092088527
16.0 11.976995 322.37573012104195 363.15779401019614
16.0 12.023061 319.9310288400111 295.86316318700057
16.0 12.069126 291.15528104955933 222.4261479485322
16.0 12.115191 278.986383205364 191.92655138430433
16.0 12.161257 234.62310152911925 164.66224073406067
16.0 12.207322 206.29425516056136 133.63385169336664
16.0 12.253388 170.96136085270618 118.71795007222546
16.0 12.299453 147.0200765409607 75.7209921842214
16.0 12.345518 105.24077245912153 36.237991820862035
16.0 12.391584 55.286855359866976 4.2221259411376035
16.0 12.437649 -22.02235454562186 -55.72955176896149
16.0 12.483714 -25.382476096219204 -76.75627616774035
16.0 12.52978 -110.50647924062507 -144.66447391503937
16.0 12.575845 -122.23881840643142 -170.01015401070813
16.0 12.621911 -87.754855019844 -173.9567579745367
16.0 12.667976 -43.656709873336105 -202.74510843679172
16.0 12.714041 61.35715280247353 -144.1516479790606
16.0 12.760107 124.5817025586323 -89.1137080310045
16.0 12.806172 159.68268654483438 -14.171894807559754
17.0 9.120943 127.04561932110796 71.09856254906342
17.0 9.167008 125.9012386286297 72.76534554822398
17.0 9.213073 127.36569151168031 73.22530295022737
17.0 9.259139 127.98023336307705 76.46484076732821
17.0 9.305204 129.30166724217423 80.35833047000548
17.0 9.351269 131.01227946853814 84.28157064191568
17.0 9.397335 131.6231132139799 86.69077319220696
17.0 9.4434 133.36852811873507 89.27893607329106
17.0 9.489466 133.8579419130975 94.38833040276805
17.0 9.535531 134.48998282448153 99.65494328790696
17.0 9.581596 133.96172966582742 101.00534296374337
17.0 9.627662 134.83796107450112 102.28318527319219
17.0 9.673727 135.621658735785 102.90851617246967
17.0 9.719792 134.75054943199322 104.62200641142687
17.0 9.765858 134.46529515457271 105.37850515822039
17.0 9.811923 134.06793222303452 106.13814887187453
17.0 9.857988 133.48070997286922 108.30656610124935
17.0 9.904054 133.5727907820372 108.83735200922649
17.0 9.950119 132.74608400374856 108.26950115358402
17.0 9.996185 132.23745594243738 107.04658756936267
17.0 10.04225 133.17140434872914 103.9596646599621
17.0 10.088315 134.3750317781997 100.58215947028572
17.0 10.134381 137.49835349273377 98.55492407099682
17.0 10.180446 139.17494636839186 96.78519047188158
17.0 10.226511 138.90643468638143 97.69841241970067
17.0 10.272577 141.23157679063516 98.7564787492178
17.0 10.318642 139.3187476560607 95.62606530476806
17.0 10.364707 137.01984330720026 91.35943931926549
17.0 10.410773 135.38197061618854 88.48162500804195
17.0 10.456838 134.99999681077435 88.62428041935995
17.0 10.502904 130.0046390876161 84.31000715168615
17.0 10.548969 130.5184086035606 88.66256418946098
17.0 10.595034 126.40200580594126 85.83241821758345
17.0 10.6411 122.68227213499075 84.77696058881982
17.0 10.687165 119.35343608450466 82.41457999615608
17.0 10.73323 118.64494923073265 84.23375764020969
17.0 10.779296 120.37331546415591 86.9546565911458
17.0 10.825361 122.9932405186455 90.70042101379259
17.0 10.871427 126.22497136206117 93.83169097013014
17.0 10.917492 128.0677169444142 96.23806140380499
17.0 10.963557 128.26797082938506 98.37985481039497
17.0 11.009623 129.39259471107016 100.253106826421
17.0 11.055688 126.95892846199274 99.77929554211886
17.0 11.101753 124.81070853055056 100.50260313508579
17.0 11.147819 125.21111634479212 100.36292933049423
17.0 11.193884 127.2945556174713 101.42008269021892
17.0 11.239949 130.42844679825419 102.02168419613372
17.0 11.286015 129.44428008137956 102.93404718002198
17.0 11.33208 129.47552945375003 103.72135409688492
17.0 11.378146 129.31499985283332 103.19832954606174
17.0 11.424211 128.21904644909424 103.73529204095735
17.0 11.470276 128.63250376521393 107.16672207597848
17.0 11.516342 130.07791883072326 105.68393661197334
17.0 11.562407 131.425271272757 108.63454493644466
17.0 11.608472 132.94004227632385 111.14849285122081
17.0 11.654538 132.04670310427787 109.85076282344366
17.0 11.700603 132.02831578161206 110.75297464556056
17.0 11.746668 132.48734304488107 110.6418707265839
17.0 11.792734 133.31770476486793 110.6443568806343
17.0 11.838799 138.2408958522868 108.82493667277095
17.0 11.884865 140.8728165277364 108.20766481209688
17.0 11.93093 139.9795378104152 104.70353118452948
17.0 11.976995 141.31799762964806 104.82707722167171
17.0 12.023061 143.091700513417 101.15711204469649
17.0 12.069126 143.98456899538408 95.34681468106423
17.0 12.115191 143.0542324683894 93.89592149380448
17.0 12.161257 144.46348656322544 92.63528461515419
17.0 12.207322 142.872574432602 93.39007693719985
17.0 12.253388 143.27305102037937 94.26036500439177
17.0 12.299453 143.76571271301185 93.00912303909563
17.0 12.345518 140.33082413558049 88.32326953863833
17.0 12.391584 142.98144409872862 88.30210109010467
17.0 12.437649 142.1852840183609 88.44646171120843
17.0 12.483714 142.00743885257728 87.44420164362968
17.0 12.52978 139.69331659373174 90.09562765682374
17.0 12.575845 136.27359399601534 89.76134239347031
17.0 12.621911 137.7529955981564 87.88776894005721
17.0 12.667976 136.36725866879652 89.86559784076336
17.0 12.714041 134.1381176370779 90.09432431475557
17.0 12.760107 133.06418975998946 93.1131177712133
17.0 12.806172 130.20587396394387 95.64781637145717
18.0 9.120943 100.36919019368916 128.82061615739315
18.0 9.167008 100.21661500469617 131.58808957136358
18.0 9.213073 96.52635998832596 136.7707035936985
18.0 9.259139 98.70019589893676 143.1638743730394
18.0 9.305204 98.12428673517442 155.7289822756763
18.0 9.351269 99.13247023882163 167.32661684174306
18.0 9.397335 96.56819954314558 175.84480235803517
18.0 9.4434 94.37537062952258 183.29995537769778
18.0 9.489466 91.86338612243198 199.71031769193632
18.0 9.535531 86.16470429308993 209.44313170518984
18.0 9.581596 83.03708798062094 213.70556421970767
18.0 9.627662 77.333571818587 213.93899000882473
18.0 9.673727 73.59156327389016 213.59598959763528
18.0 9.719792 66.7700405896859 217.7116379034673
18.0 9.765858 60.17508377740474 221.16573765308826
18.0 9.811923 56.75011012285901 225.20801994604352
18.0 9.857988 49.133241591686186 234.42500924508423
18.0 9.904054 40.574197297165604 235.22381821310233
18.0 9.950119 33.03465341146518 237.7316874367163
18.0 9.996185 25.72965588753169 233.2764113046542
18.0 10.04225 25.408945575057807 224.39903478025386
18.0 10.088315 29.29731675869265 218.45976912978756
18.0 10.134381 36.79730507554648 211.1227847792849
18.0 10.180446 40.43354932162055 204.24303416388793
18.0 10.226511 36.71422723958986 205.1701570929409
18.0 10.272577 38.58423777245789 203.17370341203838
18.0 10.318642 32.1729570760907 197.3188745145284
18.0 10.364707 21.791767699366154 192.13278508994705
18.0 10.410773 10.672185174744488 186.78881895013754
18.0 10.456838 -2.093961554991999 190.02652369117263
18.0 10.502904 -16.06617960714885 179.40286592174914
18.0 10.548969 -53.79679614972182 190.93686442105678
18.0 10.595034 -70.98836614862951 185.446040600037
18.0 10.6411 -90.76077126150582 185.0646033018539
18.0 10.687165 -104.4059009387267 179.99046240076402
18.0 10.73323 -110.00538753840212 179.1290844563029
18.0 10.779296 -99.33661777103214 180.8693262885512
18.0 10.825361 -75.05492794466835 179.7678617713918
18.0 10.871427 -56.9675294932507 175.0324596129784
18.0 10.917492 -34.298937810654 169.5686990671463
18.0 10.963557 -17.84758111057777 170.5393573148639
18.0 11.009623 -3.696681431675261 172.11180205449054
18.0 11.055688 3.354451003449038 173.09831452043355
18.0 11.101753 6.450665355817895 172.50710781814516
18.0 11.147819 9.120870082614896 177.50885374146864
18.0 11.193884 18.578597496658837 177.39923820309625
18.0 11.239949 29.32251427014699 180.38262300001367
18.0 11.286015 32.656551843807435 187.9752640021719
18.0 11.33208 32.7676273644451 194.94394319640645
18.0 11.378146 33.32139794772017 200.6570351412143
18.0 11.424211 27.537313346442602 212.34796040200513
18.0 11.470276 23.456726717178444 226.48178640148453
18.0 11.516342 20.41014061789969 230.9047425286876
18.0 11.562407 19.308827020449122 243.8729436000302
18.0 11.608472 17.466045914148598 251.12681902297777
18.0 11.654538 15.160813190265516 248.11795579504587
18.0 11.700603 6.2729288291475385 248.69748826443853
18.0 11.746668 15.053683202727163 242.6097240004139
18.0 11.792734 26.62914666353147 239.49643246822842
18.0 11.838799 46.50976341558827 227.49044472967816
18.0 11.884865 64.29137686473084 218.06423405275302
18.0 11.93093 65.85546153268479 197.9926761094143
18.0 11.976995 76.32613911158207 191.81921492530242
18.0 12.023061 77.5683384283046 178.26170144443444
18.0 12.069126 74.64096407010149 163.2604459024534
18.0 12.115191 65.89447362912968 164.5762042701542
18.0 12.161257 54.78431127339893 161.67778859098138
18.0 12.207322 38.046313719925834 155.67105135661282
18.0 12.253388 29.921614364387107 155.5025403441805
18.0 12.299453 23.892090688814772 147.0511757132429
18.0 12.345518 11.124558893686238 135.48877894932386
18.0 12.391584 -2.973812246978046 134.2076898475707
18.0 12.437649 -26.98921775265619 127.78529531420968
18.0 12.483714 -25.52581613663613 121.0857124802781
18.0 12.52978 -51.114579203096376 117.5977194366007
18.0 12.575845 -58.96322312908197 109.57182036030356
18.0 12.621911 -49.34838102335684 96.41386923456729
18.0 12.667976 -41.570977536653764 90.86539617642923
18.0 12.714041 -15.011724708193801 84.5904552987395
18.0 12.760107 1.6178117810022625 90.50624276120041
18.0 12.806172 15.518506642288074 105.0355561295852
