0.0 15.202934 37.0 55.0
1.0 15.202934 129.0 69.0
2.0 15.202934 132.0 69.0
3.0 15.202934 66.0 45.0
4.0 15.202934 57.0 113.0
5.0 15.202934 129.60000610351562 68.4000015258789
6.0 15.202934 97.20000457763672 50.400001525878906
7.0 15.202934 56.400001525878906 112.80000305175781
8.0 15.202934 67.20000457763672 45.60000228881836
9.0 15.202934 131.04000854492188 70.56000518798828
10.0 15.202934 53.28000259399414 109.44000244140625
11.0 15.202934 97.92000579833984 50.400001525878906
12.0 15.202934 93.60000610351562 128.16000366210938
13.0 15.202934 124.416015625 76.0320053100586
14.0 15.202934 129.60000610351562 69.12001037597656
15.0 15.202934 65.66400909423828 110.59201049804688
16.0 15.202934 126.48961639404297 74.64961242675781
17.0 15.202934 72.57601165771484 82.94401550292969
18.0 15.202934 89.16481018066406 74.64961242675781
19.0 15.202934 144.32260131835938 89.57954406738281
0.0 15.249 35.4532356262207 55.02482986450195
1.0 15.249 127.48870849609375 68.31836700439453
2.0 15.249 130.49310302734375 68.30181884765625
3.0 15.249 64.54063415527344 44.842002868652344
4.0 15.249 55.55695343017578 112.74264526367188
5.0 15.249 128.09381103515625 67.62643432617188
6.0 15.249 95.48873901367188 49.74932861328125
7.0 15.249 54.974327087402344 112.5584945678711
8.0 15.249 65.70709228515625 45.44597625732422
9.0 15.249 129.53277587890625 69.93673706054688
10.0 15.249 51.812747955322266 109.2054443359375
11.0 15.249 96.22183990478516 49.75311279296875
12.0 15.249 92.190185546875 127.59922790527344
13.0 15.249 122.8821029663086 75.44395446777344
14.0 15.249 128.0977020263672 68.42646789550781
15.0 15.249 64.27906799316406 110.35499572753906
16.0 15.249 124.98795318603516 73.94754028320312
17.0 15.249 71.08602905273438 82.54293823242188
18.0 15.249 87.47750854492188 74.21199798583984
19.0 15.249 142.76950073242188 88.72760772705078
0.0 15.295064999 32.92699432373047 53.638858795166016
1.0 15.295064999 125.00230407714844 66.01258850097656
2.0 15.295064999 128.00155639648438 65.99017333984375
3.0 15.295064999 61.90814971923828 43.130069732666016
4.0 15.295064999 53.085594177246094 110.88796997070312
5.0 15.295064999 125.58944702148438 65.28952026367188
6.0 15.295064999 92.71626281738281 47.47785949707031
7.0 15.295064999 52.519195556640625 110.72008514404297
8.0 15.295064999 63.076263427734375 43.70460510253906
9.0 15.295064999 127.0450210571289 67.64404296875
10.0 15.295064999 49.368011474609375 107.4097671508789
11.0 15.295064999 93.44989013671875 47.48521423339844
12.0 15.295064999 89.81787109375 125.47681427001953
13.0 15.295064999 120.44632720947266 73.13555908203125
14.0 15.295064999 125.59776306152344 66.1546859741211
15.0 15.295064999 61.800533294677734 108.50202178955078
16.0 15.295064999 122.49408721923828 71.6043930053711
17.0 15.295064999 68.40743255615234 80.5669174194336
18.0 15.295064999 84.77586364746094 72.18865966796875
19.0 15.295064999 140.30296325683594 86.17037963867188
0.0 15.34113 30.18558692932129 52.56783676147461
1.0 15.34113 122.41860961914062 64.4409408569336
2.0 15.34113 125.42356872558594 64.41717529296875
3.0 15.34113 59.34861373901367 41.844383239746094
4.0 15.34113 50.411800384521484 109.49729919433594
5.0 15.34113 123.00762939453125 63.61423110961914
6.0 15.34113 89.99821472167969 45.76723861694336
7.0 15.34113 49.85976028442383 109.33905029296875
8.0 15.34113 60.493751525878906 42.42930221557617
9.0 15.34113 124.45986938476562 66.12495422363281
10.0 15.34113 46.688602447509766 106.04713439941406
11.0 15.34113 90.71795654296875 45.779518127441406
12.0 15.34113 87.25666046142578 123.8102035522461
13.0 15.34113 117.86734771728516 71.55874633789062
14.0 15.34113 123.02295684814453 64.57452392578125
15.0 15.34113 59.154048919677734 107.16119384765625
16.0 15.34113 119.91136932373047 69.95872497558594
17.0 15.34113 65.68890380859375 79.04666137695312
18.0 15.34113 81.99699401855469 70.6143798828125
19.0 15.34113 137.73776245117188 84.39825439453125
0.0 15.387196 29.106735229492188 51.405696868896484
1.0 15.387196 121.73860931396484 63.179683685302734
2.0 15.387196 124.74886322021484 63.14405822753906
3.0 15.387196 58.33955001831055 40.637962341308594
4.0 15.387196 49.50680160522461 108.1778335571289
5.0 15.387196 122.34552764892578 62.28361511230469
6.0 15.387196 89.37603759765625 44.298789978027344
7.0 15.387196 48.97758102416992 108.01775360107422
8.0 15.387196 59.48381423950195 41.23432159423828
9.0 15.387196 123.7768783569336 64.85060119628906
10.0 15.387196 45.75398254394531 104.74998474121094
11.0 15.387196 90.09955596923828 44.30900573730469
12.0 15.387196 86.60831451416016 122.50697326660156
13.0 15.387196 117.15642547607422 70.27427673339844
14.0 15.387196 122.35574340820312 63.325748443603516
15.0 15.387196 58.333900451660156 105.82460021972656
16.0 15.387196 119.24551391601562 68.61175537109375
17.0 15.387196 64.7686767578125 77.68370819091797
18.0 15.387196 81.14315795898438 69.34880828857422
19.0 15.387196 137.30360412597656 83.06654357910156
0.0 15.433260999 30.338275909423828 49.571163177490234
1.0 15.433260999 123.73184204101562 61.83967590332031
2.0 15.433260999 126.75782012939453 61.773956298828125
3.0 15.433260999 59.64289474487305 38.98356628417969
4.0 15.433260999 50.989768981933594 106.39948272705078
5.0 15.433260999 124.33293151855469 60.846981048583984
6.0 15.433260999 91.48027038574219 42.59379196166992
7.0 15.433260999 50.47890853881836 106.25318145751953
8.0 15.433260999 60.782684326171875 39.58412170410156
9.0 15.433260999 125.7698974609375 63.51811981201172
10.0 15.433260999 47.228614807128906 102.9613265991211
11.0 15.433260999 92.20777130126953 42.62314224243164
12.0 15.433260999 88.64098358154297 120.89435577392578
13.0 15.433260999 119.09870147705078 68.91513061523438
14.0 15.433260999 124.35182189941406 62.01469421386719
15.0 15.433260999 59.9517707824707 104.10221099853516
16.0 15.433260999 121.22257995605469 67.21034240722656
17.0 15.433260999 66.415283203125 75.95402526855469
18.0 15.433260999 82.93807983398438 67.71350860595703
19.0 15.433260999 139.6675567626953 81.80948638916016
0.0 15.479326999 34.8194694519043 47.73843002319336
1.0 15.479326999 116.1903076171875 73.87590026855469
2.0 15.479326999 118.07608795166016 74.59549713134766
3.0 15.479326999 64.28154754638672 37.373779296875
4.0 15.479326999 56.53438186645508 104.59614562988281
5.0 15.479326999 115.52481842041016 73.99874114990234
6.0 15.479326999 97.68643951416016 40.82975387573242
7.0 15.479326999 56.04782485961914 104.45227813720703
8.0 15.479326999 65.45075225830078 37.97502517700195
9.0 15.479326999 119.64141845703125 74.14391326904297
10.0 15.479326999 52.70309066772461 101.11702728271484
11.0 15.479326999 98.41143798828125 40.86827850341797
12.0 15.479326999 95.18563079833984 119.22989654541016
13.0 15.479326999 125.09320831298828 67.47074890136719
14.0 15.479326999 116.59484100341797 74.16104125976562
15.0 15.479326999 65.67474365234375 102.28072357177734
16.0 15.479326999 127.23954772949219 65.72206115722656
17.0 15.479326999 71.9913101196289 74.1839370727539
18.0 15.479326999 88.79959869384766 66.1548843383789
19.0 15.479326999 146.62818908691406 80.48649597167969
0.0 15.525392 41.42776107788086 46.5711669921875
1.0 15.525392 124.47615814208984 73.92385864257812
2.0 15.525392 126.40010070800781 74.65644073486328
3.0 15.525392 71.1266098022461 36.7415885925293
4.0 15.525392 50.4886474609375 105.43985748291016
5.0 15.525392 123.83417510986328 74.02688598632812
6.0 15.525392 106.49996948242188 40.43000411987305
7.0 15.525392 50.10810470581055 105.30213165283203
8.0 15.525392 72.29619598388672 37.38486862182617
9.0 15.525392 127.9708480834961 74.24299621582031
10.0 15.525392 52.746620178222656 100.98644256591797
11.0 15.525392 107.219970703125 40.478172302246094
12.0 15.525392 79.35584259033203 90.89981079101562
13.0 15.525392 133.35748291015625 67.66610717773438
14.0 15.525392 124.8993148803711 74.2121810913086
15.0 15.525392 73.57752990722656 101.3360824584961
16.0 15.525392 124.05381774902344 75.80400848388672
17.0 15.525392 79.91378784179688 73.33435821533203
18.0 15.525392 97.03844451904297 65.69410705566406
19.0 15.525392 155.96360778808594 80.95095825195312
0.0 15.571457 50.063472747802734 44.73336410522461
1.0 15.571457 135.14588928222656 73.72565460205078
2.0 15.571457 137.0622100830078 74.51242065429688
3.0 15.571457 80.00981903076172 35.513511657714844
4.0 15.571457 60.579200744628906 103.67900848388672
5.0 15.571457 134.53074645996094 73.79864501953125
6.0 15.571457 117.72895812988281 39.813323974609375
7.0 15.571457 60.09195327758789 103.55419921875
8.0 15.571457 81.17693328857422 36.18696975708008
9.0 15.571457 138.5952911376953 74.14183044433594
10.0 15.571457 62.68912124633789 99.26339721679688
11.0 15.571457 118.44722747802734 39.86705780029297
12.0 15.571457 78.50189208984375 101.55193328857422
13.0 15.571457 143.96640014648438 67.65438079833984
14.0 15.571457 135.52593994140625 74.03898620605469
15.0 15.571457 83.76002502441406 99.93620300292969
16.0 15.571457 134.7548065185547 75.58074188232422
17.0 15.571457 90.00676727294922 72.16157531738281
18.0 15.571457 107.58153533935547 64.9470443725586
19.0 15.571457 161.355224609375 81.05779266357422
0.0 15.617522999 59.406131744384766 41.66120529174805
1.0 15.617522999 146.43392944335938 72.80632019042969
2.0 15.617522999 148.40298461914062 73.6041488647461
3.0 15.617522999 89.62983703613281 33.10798645019531
4.0 15.617522999 71.33223724365234 100.60221862792969
5.0 15.617522999 145.85055541992188 72.86245727539062
6.0 15.617522999 129.9002227783203 38.306148529052734
7.0 15.617522999 70.8412094116211 100.47303009033203
8.0 15.617522999 90.79780578613281 33.79736328125
9.0 15.617522999 149.95762634277344 73.28136444091797
10.0 15.617522999 73.35238647460938 96.22640228271484
11.0 15.617522999 130.60826110839844 38.373043060302734
12.0 15.617522999 89.27320861816406 99.01043701171875
13.0 15.617522999 155.26258850097656 66.92530059814453
14.0 15.617522999 146.838623046875 73.11490631103516
15.0 15.617522999 94.58402252197266 97.39308166503906
16.0 15.617522999 146.17970275878906 74.57994079589844
17.0 15.617522999 100.74341583251953 69.92670440673828
18.0 15.617522999 100.18302154541016 82.97899627685547
19.0 15.617522999 173.76144409179688 80.8414077758789
0.0 15.663587999 67.86295318603516 40.2619743347168
1.0 15.663587999 156.9091796875 73.4715805053711
2.0 15.663587999 158.90542602539062 74.3077163696289
3.0 15.663587999 98.32362365722656 32.45206832885742
4.0 15.663587999 81.26361846923828 99.41911315917969
5.0 15.663587999 156.3628692626953 73.5025405883789
6.0 15.663587999 141.04129028320312 38.387733459472656
7.0 15.663587999 80.8464584350586 99.2740249633789
8.0 15.663587999 99.47640991210938 33.19106674194336
9.0 15.663587999 160.4474334716797 74.01691436767578
10.0 15.663587999 83.16670989990234 95.07038116455078
11.0 15.663587999 141.7307891845703 38.46516418457031
12.0 15.663587999 99.21168518066406 98.32208251953125
13.0 15.663587999 165.55569458007812 67.78992462158203
14.0 15.663587999 157.3301544189453 73.77027893066406
15.0 15.663587999 104.50279998779297 96.71626281738281
16.0 15.663587999 156.69638061523438 75.21047973632812
17.0 15.663587999 110.80863189697266 69.45610809326172
18.0 15.663587999 110.12203979492188 82.51213073730469
19.0 15.663587999 184.98406982421875 82.17577362060547
0.0 15.709653 77.83358001708984 39.42218017578125
1.0 15.709653 168.58523559570312 74.45401000976562
2.0 15.709653 170.60768127441406 75.29815673828125
3.0 15.709653 108.47709655761719 32.136409759521484
4.0 15.709653 92.76300811767578 98.70987701416016
5.0 15.709653 168.06219482421875 74.47791290283203
6.0 15.709653 153.32485961914062 38.854915618896484
7.0 15.709653 92.39246368408203 98.5609130859375
8.0 15.709653 109.6195068359375 32.868099212646484
9.0 15.709653 172.17431640625 75.0301513671875
10.0 15.709653 94.64472198486328 94.38859558105469
11.0 15.709653 154.01255798339844 38.930564880371094
12.0 15.709653 110.77008819580078 98.11476135253906
13.0 15.709653 177.11660766601562 68.90483093261719
14.0 15.709653 169.01287841796875 74.74881744384766
15.0 15.709653 116.04886627197266 96.56918334960938
16.0 15.709653 168.43580627441406 76.14466094970703
17.0 15.709653 122.18053436279297 69.35406494140625
18.0 15.709653 121.53553771972656 82.36322021484375
19.0 15.709653 199.70816040039062 78.68535614013672
0.0 15.755719 87.63053894042969 37.48736572265625
1.0 15.755719 180.40530395507812 73.00147247314453
2.0 15.755719 182.47613525390625 73.79444122314453
3.0 15.755719 118.51891326904297 30.29144287109375
4.0 15.755719 104.62734985351562 96.68574523925781
5.0 15.755719 179.90765380859375 73.02162170410156
6.0 15.755719 165.19166564941406 37.03444290161133
7.0 15.755719 104.32376098632812 96.5341567993164
8.0 15.755719 119.65140533447266 31.033437728881836
9.0 15.755719 184.0808868408203 73.52395629882812
10.0 15.755719 106.44717407226562 92.35140991210938
11.0 15.755719 165.8773651123047 37.11562728881836
12.0 15.755719 122.71257781982422 96.21662139892578
13.0 15.755719 188.75489807128906 67.45368194580078
14.0 15.755719 180.871337890625 73.28429412841797
15.0 15.755719 127.94786071777344 94.6738052368164
16.0 15.755719 180.40011596679688 74.61590576171875
17.0 15.755719 133.5226593017578 67.33531951904297
18.0 15.755719 133.21994018554688 80.33385467529297
19.0 15.755719 201.91114807128906 79.63931274414062
0.0 15.801783999 95.58240509033203 36.836551666259766
1.0 15.801783999 190.47488403320312 71.00234985351562
2.0 15.801783999 192.57369995117188 71.73322296142578
3.0 15.801783999 126.790283203125 29.163677215576172
4.0 15.801783999 115.1129379272461 95.5728530883789
5.0 15.801783999 190.0122528076172 71.02913665771484
6.0 15.801783999 174.60667419433594 34.77244567871094
7.0 15.801783999 114.82849884033203 95.42465209960938
8.0 15.801783999 127.93484497070312 29.878427505493164
9.0 15.801783999 194.23118591308594 71.44854736328125
10.0 15.801783999 116.90103912353516 91.17588806152344
11.0 15.801783999 175.31396484375 34.848812103271484
12.0 15.801783999 133.2911834716797 94.8830337524414
13.0 15.801783999 198.61590576171875 65.2839584350586
14.0 15.801783999 190.94947814941406 71.26567840576172
15.0 15.801783999 138.42800903320312 93.2728042602539
16.0 15.801783999 190.56517028808594 72.54338073730469
17.0 15.801783999 143.0142364501953 65.79533386230469
18.0 15.801783999 143.3053436279297 78.76348114013672
19.0 15.801783999 212.34661865234375 77.28870391845703
0.0 15.847849 98.92266845703125 36.609657287597656
1.0 15.847849 194.01376342773438 70.90875244140625
2.0 15.847849 196.1635284423828 71.61942291259766
3.0 15.847849 130.16712951660156 28.878496170043945
4.0 15.847849 118.47055053710938 95.096923828125
5.0 15.847849 193.54637145996094 70.94099426269531
6.0 15.847849 178.17262268066406 34.34775161743164
7.0 15.847849 118.24899291992188 94.93673706054688
8.0 15.847849 131.30078125 29.60576820373535
9.0 15.847849 197.92982482910156 71.35513305664062
10.0 15.847849 120.29434204101562 90.64808654785156
11.0 15.847849 178.87522888183594 34.41609191894531
12.0 15.847849 136.94705200195312 94.53514862060547
13.0 15.847849 202.20970153808594 65.14222717285156
14.0 15.847849 194.48110961914062 71.17347717285156
15.0 15.847849 141.99705505371094 92.96204376220703
16.0 15.847849 194.15829467773438 72.41960144042969
17.0 15.847849 146.4735565185547 65.33319091796875
18.0 15.847849 146.7047119140625 78.14836120605469
19.0 15.847849 215.96884155273438 77.11839294433594
0.0 15.893915 97.96168518066406 34.3969841003418
1.0 15.893915 192.47840881347656 68.62026977539062
2.0 15.893915 194.66033935546875 69.34244537353516
3.0 15.893915 129.27865600585938 26.687149047851562
4.0 15.893915 116.93900299072266 92.48370361328125
5.0 15.893915 192.02674865722656 68.65306854248047
6.0 15.893915 176.57400512695312 31.886735916137695
7.0 15.893915 116.7146987915039 92.33585357666016
8.0 15.893915 130.3946075439453 27.423995971679688
9.0 15.893915 196.6004638671875 69.05657958984375
10.0 15.893915 118.6871566772461 88.05442810058594
11.0 15.893915 177.29150390625 31.952167510986328
12.0 15.893915 135.34556579589844 92.06485748291016
13.0 15.893915 200.83547973632812 62.81309509277344
14.0 15.893915 192.93826293945312 68.87620544433594
15.0 15.893915 140.44534301757812 90.49141693115234
16.0 15.893915 192.6134796142578 70.12525939941406
17.0 15.893915 144.94705200195312 62.883907318115234
18.0 15.893915 145.1175079345703 75.57032775878906
19.0 15.893915 214.54029846191406 74.89823913574219
0.0 15.939979999 92.938720703125 33.94413757324219
1.0 15.939979999 185.6034393310547 67.80467224121094
2.0 15.939979999 187.86141967773438 68.50626373291016
3.0 15.939979999 124.17688751220703 26.072834014892578
4.0 15.939979999 126.64187622070312 91.4815902709961
5.0 15.939979999 185.1652069091797 67.83617401123047
6.0 15.939979999 169.74798583984375 31.08275032043457
7.0 15.939979999 126.32046508789062 91.31257629394531
8.0 15.939979999 125.29335021972656 26.795551300048828
9.0 15.939979999 190.01853942871094 68.22904968261719
10.0 15.939979999 130.13995361328125 86.37704467773438
11.0 15.939979999 170.47727966308594 31.14328956604004
12.0 15.939979999 128.503173828125 91.34016418457031
13.0 15.939979999 215.866943359375 48.17930603027344
14.0 15.939979999 186.09361267089844 68.06551361083984
15.0 15.939979999 133.71128845214844 89.7208480834961
16.0 15.939979999 185.7701416015625 69.29596710205078
17.0 15.939979999 138.65809631347656 62.18144607543945
18.0 15.939979999 138.5133056640625 74.79843139648438
19.0 15.939979999 207.98619079589844 74.00836181640625
0.0 15.986045999 85.47943878173828 34.84672164916992
1.0 15.986045999 175.96449279785156 67.00032043457031
2.0 15.986045999 178.29933166503906 67.65999603271484
3.0 15.986045999 116.53937530517578 26.529930114746094
4.0 15.986045999 117.27249908447266 91.70917510986328
5.0 15.986045999 175.51724243164062 67.03624725341797
6.0 15.986045999 159.68487548828125 30.633676528930664
7.0 15.986045999 116.9236831665039 91.54135131835938
8.0 15.986045999 117.62638092041016 27.248498916625977
9.0 15.986045999 190.85951232910156 59.29386520385742
10.0 15.986045999 120.88021850585938 86.54947662353516
11.0 15.986045999 160.41758728027344 30.690425872802734
12.0 15.986045999 119.21864318847656 91.55535888671875
13.0 15.986045999 205.67820739746094 47.242820739746094
14.0 15.986045999 176.49017333984375 67.2392807006836
15.0 15.986045999 124.47834014892578 89.81336975097656
16.0 15.986045999 176.1619110107422 68.47367858886719
17.0 15.986045999 129.5364227294922 62.3250732421875
18.0 15.986045999 129.3607635498047 74.74762725830078
19.0 15.986045999 208.27874755859375 76.51996612548828
0.0 16.032111 74.7982406616211 36.05228042602539
1.0 16.032111 171.448486328125 60.93133544921875
2.0 16.032111 174.47415161132812 59.57718276977539
3.0 16.032111 105.53140258789062 27.054414749145508
4.0 16.032111 104.05445861816406 92.4726791381836
5.0 16.032111 161.51145935058594 66.48043823242188
6.0 16.032111 145.47259521484375 30.507854461669922
7.0 16.032111 103.72059631347656 92.29415893554688
8.0 16.032111 106.60865783691406 27.731342315673828
9.0 16.032111 188.7863311767578 52.26596450805664
10.0 16.032111 107.61051940917969 87.30390930175781
11.0 16.032111 146.20591735839844 30.563812255859375
12.0 16.032111 105.93024444580078 92.33199310302734
13.0 16.032111 191.15298461914062 45.94650650024414
14.0 16.032111 172.26385498046875 60.41532516479492
15.0 16.032111 112.28700256347656 80.08753204345703
16.0 16.032111 162.09848022460938 67.9278335571289
17.0 16.032111 116.32068634033203 62.79039001464844
18.0 16.032111 116.26416778564453 74.9957046508789
19.0 16.032111 204.69544982910156 87.22965240478516
0.0 16.078176 61.624637603759766 38.627193450927734
1.0 16.078176 202.03306579589844 44.9592170715332
2.0 16.078176 171.20176696777344 57.16538619995117
3.0 16.078176 91.95272064208984 28.907760620117188
4.0 16.078176 110.73834991455078 64.48855590820312
5.0 16.078176 144.49070739746094 67.3971939086914
6.0 16.078176 128.12403869628906 31.997955322265625
7.0 16.078176 110.20138549804688 63.76328659057617
8.0 16.078176 93.03050994873047 29.57159423828125
9.0 16.078176 168.8791046142578 38.98731994628906
10.0 16.078176 91.4101333618164 89.3526840209961
11.0 16.078176 128.85548400878906 32.05143737792969
12.0 16.078176 91.99307250976562 77.07508850097656
13.0 16.078176 192.0750732421875 21.31298828125
14.0 16.078176 185.8594207763672 50.002323150634766
15.0 16.078176 73.17162322998047 92.97657012939453
16.0 16.078176 145.11212158203125 68.80403900146484
17.0 16.078176 122.4689712524414 42.568572998046875
18.0 16.078176 100.34957122802734 76.73728942871094
19.0 16.078176 201.30892944335938 98.92501831054688
0.0 16.124242 98.72110748291016 33.43952178955078
1.0 16.124242 180.75193786621094 45.894500732421875
2.0 16.124242 153.25904846191406 63.19816207885742
3.0 16.124242 77.01758575439453 32.39425277709961
4.0 16.124242 96.91764068603516 58.428646087646484
5.0 16.124242 125.51634216308594 70.33248901367188
6.0 16.124242 109.04832458496094 35.336875915527344
7.0 16.124242 96.30119323730469 58.12550354003906
8.0 16.124242 78.10760498046875 33.04704284667969
9.0 16.124242 164.96002197265625 20.703649520874023
10.0 16.124242 73.62520599365234 93.25373840332031
11.0 16.124242 109.77722930908203 35.39169692993164
12.0 16.124242 74.53754425048828 80.61474609375
13.0 16.124242 192.77523803710938 25.819175720214844
14.0 16.124242 186.4602508544922 52.791690826416016
15.0 16.124242 70.67943572998047 95.5655288696289
16.0 16.124242 126.16832733154297 71.69735717773438
17.0 16.124242 134.7914276123047 25.680147171020508
18.0 16.124242 82.86163330078125 80.30274200439453
19.0 16.124242 181.64218139648438 100.76547241210938
0.0 16.170306999 81.25138854980469 38.524993896484375
1.0 16.170306999 165.65866088867188 46.954734802246094
2.0 16.170306999 149.13882446289062 67.92040252685547
3.0 16.170306999 62.829864501953125 37.3065299987793
4.0 16.170306999 79.7034683227539 63.70161437988281
5.0 16.170306999 107.75823974609375 74.94982147216797
6.0 16.170306999 90.99718475341797 40.34375
7.0 16.170306999 79.11073303222656 63.37852478027344
8.0 16.170306999 63.87287521362305 37.945377349853516
9.0 16.170306999 165.61720275878906 26.17571449279785
10.0 16.170306999 57.11705017089844 98.88748168945312
11.0 16.170306999 91.71258544921875 40.40848159790039
12.0 16.170306999 58.2720947265625 85.97989654541016
13.0 16.170306999 200.10414123535156 32.32091522216797
14.0 16.170306999 186.33702087402344 50.93703079223633
15.0 16.170306999 54.537620544433594 101.06493377685547
16.0 16.170306999 108.42366027832031 76.29275512695312
17.0 16.170306999 134.55018615722656 25.767248153686523
18.0 16.170306999 65.20193481445312 70.9911117553711
19.0 16.170306999 163.0011749267578 104.02674865722656
0.0 16.216372 64.8450927734375 41.77820587158203
1.0 16.216372 157.9086151123047 46.37565231323242
2.0 16.216372 153.52882385253906 68.29574584960938
3.0 16.216372 49.468528747558594 40.68151092529297
4.0 16.216372 63.93750762939453 67.11844635009766
5.0 16.216372 91.59173583984375 77.50508880615234
6.0 16.216372 74.14746856689453 43.38335418701172
7.0 16.216372 63.360538482666016 66.78488159179688
8.0 16.216372 50.470970153808594 41.33450698852539
9.0 16.216372 175.5486297607422 29.080890655517578
10.0 16.216372 42.52078628540039 103.09607696533203
11.0 16.216372 74.84930419921875 43.434932708740234
12.0 16.216372 43.70172882080078 89.95438385009766
13.0 16.216372 198.95677185058594 33.90135192871094
14.0 16.216372 183.93618774414062 52.39433288574219
15.0 16.216372 40.23615646362305 105.13048553466797
16.0 16.216372 92.24347686767578 78.79244995117188
17.0 16.216372 113.94481658935547 27.938796997070312
18.0 16.216372 68.21488952636719 60.72733688354492
19.0 16.216372 146.3031005859375 104.74256134033203
0.0 16.262438 50.7733268737793 44.7133674621582
1.0 16.262438 157.54888916015625 50.015098571777344
2.0 16.262438 160.860107421875 64.57484436035156
3.0 16.262438 37.196258544921875 43.155426025390625
4.0 16.262438 50.10829544067383 69.96681213378906
5.0 16.262438 77.2218246459961 80.2343521118164
6.0 16.262438 59.7105598449707 46.287593841552734
7.0 16.262438 49.5282096862793 69.63469696044922
8.0 16.262438 38.14762878417969 43.799251556396484
9.0 16.262438 176.0255126953125 32.59563064575195
10.0 16.262438 29.019145965576172 106.13204193115234
11.0 16.262438 60.41731262207031 46.34758377075195
12.0 16.262438 30.418777465820312 92.69206237792969
13.0 16.262438 201.6725311279297 37.98320770263672
14.0 16.262438 180.32138061523438 52.80990982055664
15.0 16.262438 27.03785514831543 108.01139068603516
16.0 16.262438 77.8517074584961 81.48722076416016
17.0 16.262438 99.26834869384766 30.685659408569336
18.0 16.262438 61.98226547241211 51.073944091796875
19.0 16.262438 130.65615844726562 106.93978881835938
0.0 16.308502999 38.27400588989258 47.97321701049805
1.0 16.308502999 156.8502655029297 52.24628829956055
2.0 16.308502999 146.63365173339844 65.52936553955078
3.0 16.308502999 25.15201759338379 46.656124114990234
4.0 16.308502999 37.92535400390625 73.62322235107422
5.0 16.308502999 64.8251953125 83.26111602783203
6.0 16.308502999 46.8978271484375 49.535648345947266
7.0 16.308502999 37.35908889770508 73.34320068359375
8.0 16.308502999 26.095890045166016 47.325252532958984
9.0 16.308502999 181.50929260253906 35.54875946044922
10.0 16.308502999 17.799259185791016 110.22203063964844
11.0 16.308502999 47.57159423828125 49.60366439819336
12.0 16.308502999 19.187583923339844 96.65482330322266
13.0 16.308502999 216.69570922851562 -42.09049606323242
14.0 16.308502999 183.88035583496094 52.07456970214844
15.0 16.308502999 16.054630279541016 112.00711059570312
16.0 16.308502999 65.44829559326172 84.46772003173828
17.0 16.308502999 85.87664794921875 33.06937789916992
18.0 16.308502999 49.162742614746094 54.36147689819336
19.0 16.308502999 117.79234313964844 108.74114990234375
0.0 16.354568999 29.6664981842041 50.54990005493164
1.0 16.354568999 161.3005828857422 50.78798294067383
2.0 16.354568999 136.98599243164062 65.95333099365234
3.0 16.354568999 16.90412712097168 49.29585647583008
4.0 16.354568999 29.726669311523438 76.20721435546875
5.0 16.354568999 56.49767303466797 85.35533142089844
6.0 16.354568999 38.063594818115234 51.938053131103516
7.0 16.354568999 29.17032241821289 75.92878723144531
8.0 16.354568999 17.821611404418945 49.93940734863281
9.0 16.354568999 185.41148376464844 36.098812103271484
10.0 16.354568999 10.36035442352295 113.23818969726562
11.0 16.354568999 38.7053108215332 52.00703811645508
12.0 16.354568999 11.545550346374512 99.56752014160156
13.0 16.354568999 209.52207946777344 -78.2380599975586
14.0 16.354568999 174.20169067382812 51.58946228027344
15.0 16.354568999 8.74701976776123 114.95875549316406
16.0 16.354568999 57.138057708740234 86.53385162353516
17.0 16.354568999 75.70452880859375 34.72145080566406
18.0 16.354568999 40.32205581665039 56.72174072265625
19.0 16.354568999 109.22308349609375 109.79439544677734
0.0 16.400634 25.0092716217041 51.601661682128906
1.0 16.400634 156.0626678466797 52.618309020996094
2.0 16.400634 131.71038818359375 67.6897201538086
3.0 16.400634 12.354330062866211 50.21174240112305
4.0 16.400634 24.71686553955078 77.39232635498047
5.0 16.400634 51.33420181274414 86.76170349121094
6.0 16.400634 33.18880844116211 53.015865325927734
7.0 16.400634 24.16092872619629 77.12281799316406
8.0 16.400634 13.257427215576172 50.847782135009766
9.0 16.400634 180.52076721191406 38.0129280090332
10.0 16.400634 4.710869789123535 114.76832580566406
11.0 16.400634 33.83002471923828 53.11360168457031
12.0 16.400634 6.472468852996826 100.61668395996094
13.0 16.400634 204.80340576171875 -113.55142211914062
14.0 16.400634 168.94615173339844 53.356449127197266
15.0 16.400634 2.4702155590057373 116.77168273925781
16.0 16.400634 51.928688049316406 87.94021606445312
17.0 16.400634 70.86876678466797 36.026405334472656
18.0 16.400634 35.45051193237305 57.83943176269531
19.0 16.400634 103.7642593383789 111.34314727783203
0.0 16.446699 26.561702728271484 50.62418746948242
1.0 16.446699 158.22030639648438 52.7577018737793
2.0 16.446699 133.83306884765625 67.6101303100586
3.0 16.446699 13.521995544433594 49.370765686035156
4.0 16.446699 25.820417404174805 76.56403350830078
5.0 16.446699 52.48012161254883 86.2461166381836
6.0 16.446699 34.621944427490234 52.10723876953125
7.0 16.446699 25.259855270385742 76.28254699707031
8.0 16.446699 14.437281608581543 50.0001335144043
9.0 16.446699 182.35328674316406 38.228763580322266
10.0 16.446699 3.6353845596313477 114.7344741821289
11.0 16.446699 35.29170227050781 52.2227668762207
12.0 16.446699 6.492744445800781 100.3984603881836
13.0 16.446699 207.10508728027344 -142.68807983398438
14.0 16.446699 170.92901611328125 53.558536529541016
15.0 16.446699 -3.300682306289673 117.13040924072266
16.0 16.446699 53.10938262939453 87.39554595947266
17.0 16.446699 73.091552734375 35.32878875732422
18.0 16.446699 36.88139343261719 56.9827880859375
19.0 16.446699 105.4771728515625 111.06459045410156
0.0 16.492764999 34.81521987915039 48.416290283203125
1.0 16.492764999 153.74343872070312 53.936580657958984
2.0 16.492764999 121.37002563476562 72.26289367675781
3.0 16.492764999 21.05283546447754 47.23004913330078
4.0 16.492764999 33.330238342285156 74.38484954833984
5.0 16.492764999 60.2817497253418 84.53101348876953
6.0 16.492764999 42.83673858642578 49.873924255371094
7.0 16.492764999 32.73931884765625 74.08121490478516
8.0 16.492764999 21.945350646972656 47.827308654785156
9.0 16.492764999 179.6881103515625 37.779212951660156
10.0 16.492764999 -10.382261276245117 114.17619323730469
11.0 16.492764999 43.49003982543945 50.00672149658203
12.0 16.492764999 11.380104064941406 105.6600341796875
13.0 16.492764999 205.716796875 -76.8733901977539
14.0 16.492764999 180.39796447753906 53.936214447021484
15.0 16.492764999 -30.11056137084961 115.4201431274414
16.0 16.492764999 60.92734909057617 85.67506408691406
17.0 16.492764999 81.90477752685547 33.795047760009766
18.0 16.492764999 45.10444259643555 54.77281188964844
19.0 16.492764999 114.20008087158203 110.21466064453125
0.0 16.538829999 46.77801513671875 46.50234603881836
1.0 16.538829999 154.35525512695312 54.15678787231445
2.0 16.538829999 111.9543228149414 73.39778137207031
3.0 16.538829999 31.3866024017334 45.240623474121094
4.0 16.538829999 44.24135971069336 72.5091552734375
5.0 16.538829999 71.50537872314453 83.40670013427734
6.0 16.538829999 54.72178649902344 48.0489387512207
7.0 16.538829999 43.64707946777344 72.17829895019531
8.0 16.538829999 32.298362731933594 45.82990646362305
9.0 16.538829999 192.87838745117188 39.96074676513672
10.0 16.538829999 -49.39208221435547 111.83231353759766
11.0 16.538829999 55.391292572021484 48.192928314208984
12.0 16.538829999 21.18696403503418 103.58929443359375
13.0 16.538829999 216.13262939453125 -96.60749053955078
14.0 16.538829999 176.38926696777344 56.569156646728516
15.0 16.538829999 -70.7013931274414 113.0387954711914
16.0 16.538829999 72.17716217041016 84.56266021728516
17.0 16.538829999 94.0084457397461 33.19343566894531
18.0 16.538829999 56.97574996948242 52.988521575927734
19.0 16.538829999 126.53529357910156 110.61128997802734
0.0 16.584895 63.69641876220703 45.38225173950195
1.0 16.584895 157.87095642089844 53.60458755493164
2.0 16.584895 116.04006958007812 73.45993041992188
3.0 16.584895 44.65663146972656 43.80398178100586
4.0 16.584895 39.879295349121094 105.45380401611328
5.0 16.584895 36.14391326904297 70.49115753173828
6.0 16.584895 71.62014770507812 46.91738510131836
7.0 16.584895 41.35261154174805 93.74529266357422
8.0 16.584895 45.570098876953125 44.42241287231445
9.0 16.584895 194.46725463867188 40.04994201660156
10.0 16.584895 -27.98518943786621 138.92556762695312
11.0 16.584895 72.29132843017578 47.074527740478516
12.0 16.584895 20.978504180908203 106.71404266357422
13.0 16.584895 230.51736450195312 -103.43193817138672
14.0 16.584895 182.49156188964844 60.08283996582031
15.0 16.584895 -50.18662643432617 141.08441162109375
16.0 16.584895 46.04586410522461 72.86186981201172
17.0 16.584895 111.37419891357422 33.31049346923828
18.0 16.584895 73.86392974853516 51.8719482421875
19.0 16.584895 143.7085418701172 112.02861785888672
0.0 16.630961 82.03074645996094 44.42247772216797
1.0 16.630961 167.85511779785156 55.55118179321289
2.0 16.630961 92.53604888916016 84.76797485351562
3.0 16.630961 59.061058044433594 42.563541412353516
4.0 16.630961 56.1967887878418 103.70808410644531
5.0 16.630961 29.329330444335938 68.5816879272461
6.0 16.630961 89.84903717041016 45.96035385131836
7.0 16.630961 57.449920654296875 92.17472839355469
8.0 16.630961 59.97564697265625 43.21942901611328
9.0 16.630961 197.1581268310547 39.49269104003906
10.0 16.630961 -22.341493606567383 141.88865661621094
11.0 16.630961 90.52812957763672 46.12455368041992
12.0 16.630961 36.64368438720703 104.4291000366211
13.0 16.630961 375.5350646972656 -63.98391342163086
14.0 16.630961 189.37367248535156 59.96589660644531
15.0 16.630961 -50.328147888183594 144.1169891357422
16.0 16.630961 24.885822296142578 93.00797271728516
17.0 16.630961 128.483154296875 33.37934494018555
18.0 16.630961 92.0967025756836 50.92451858520508
19.0 16.630961 162.40023803710938 113.23226928710938
0.0 16.677025999 102.46987915039062 43.848663330078125
1.0 16.677025999 178.45303344726562 60.36637496948242
2.0 16.677025999 79.59395599365234 83.1829605102539
3.0 16.677025999 75.52629089355469 41.73434066772461
4.0 16.677025999 75.15923309326172 102.5606918334961
5.0 16.677025999 45.66835403442383 66.7957534790039
6.0 16.677025999 110.2210922241211 45.370262145996094
7.0 16.677025999 76.22288513183594 91.12543487548828
8.0 16.677025999 76.48384094238281 42.398033142089844
9.0 16.677025999 191.02967834472656 35.971439361572266
10.0 16.677025999 -31.663055419921875 147.0458526611328
11.0 16.677025999 110.89685821533203 45.523963928222656
12.0 16.677025999 55.21980667114258 102.7790756225586
13.0 16.677025999 275.5350646972656 -163.98391723632812
14.0 16.677025999 184.10443115234375 57.23358154296875
15.0 16.677025999 -79.71028900146484 161.38650512695312
16.0 16.677025999 42.08259201049805 91.07009887695312
17.0 16.677025999 127.25215911865234 31.091211318969727
18.0 16.677025999 112.44486236572266 50.34132385253906
19.0 16.677025999 183.1872100830078 114.23670196533203
0.0 16.723091 118.9394760131836 42.389404296875
1.0 16.723091 181.31927490234375 60.11775588989258
2.0 16.723091 94.66192626953125 81.21829223632812
3.0 16.723091 88.40665435791016 39.9653434753418
4.0 16.723091 90.4897689819336 100.64768981933594
5.0 16.723091 58.77287292480469 64.51348114013672
6.0 16.723091 126.52229309082031 43.948143005371094
7.0 16.723091 91.28584289550781 89.24356079101562
8.0 16.723091 89.36482238769531 40.62700271606445
9.0 16.723091 187.85243225097656 32.118282318115234
10.0 16.723091 -79.43278503417969 142.19851684570312
11.0 16.723091 127.21292114257812 44.112266540527344
12.0 16.723091 70.37434387207031 100.76883697509766
13.0 16.723091 177.53506469726562 -263.9839172363281
14.0 16.723091 197.42648315429688 67.03553771972656
15.0 16.723091 -131.06492614746094 161.35476684570312
16.0 16.723091 42.740081787109375 93.25542449951172
17.0 16.723091 141.00198364257812 29.69906997680664
18.0 16.723091 128.7161865234375 48.898536682128906
19.0 16.723091 199.97897338867188 113.79242706298828
0.0 16.769157 133.61257934570312 41.875919342041016
1.0 16.769157 196.54632568359375 60.99869918823242
2.0 16.769157 108.5302963256836 80.46646118164062
3.0 16.769157 100.32814025878906 39.298213958740234
4.0 16.769157 104.46286010742188 100.16958618164062
5.0 16.769157 70.91677856445312 63.410152435302734
6.0 16.769157 141.06915283203125 43.47389221191406
7.0 16.769157 105.20206451416016 88.61628723144531
8.0 16.769157 101.27509307861328 39.96101760864258
9.0 16.769157 203.28729248046875 32.292362213134766
10.0 16.769157 -91.49964904785156 135.56849670410156
11.0 16.769157 141.74844360351562 43.63035583496094
12.0 16.769157 84.28530883789062 99.96924591064453
13.0 16.769157 173.9515380859375 -295.03546142578125
14.0 16.769157 66.03401947021484 -210.71762084960938
15.0 16.769157 -161.29638671875 157.76089477539062
16.0 16.769157 54.570228576660156 92.15520477294922
17.0 16.769157 153.33375549316406 29.214622497558594
18.0 16.769157 143.24212646484375 48.4342155456543
19.0 16.769157 215.22105407714844 114.21268463134766
0.0 16.815221999 144.27996826171875 37.47108459472656
1.0 16.815221999 207.74002075195312 57.22959518432617
2.0 16.815221999 119.04864501953125 75.96688079833984
3.0 16.815221999 109.16586303710938 35.22065353393555
4.0 16.815221999 115.4118423461914 96.06629180908203
5.0 16.815221999 79.98126220703125 59.58404541015625
6.0 16.815221999 151.68751525878906 38.86968994140625
7.0 16.815221999 115.910400390625 84.32565307617188
8.0 16.815221999 110.09059143066406 35.85702133178711
9.0 16.815221999 214.4254608154297 27.375394821166992
10.0 16.815221999 -131.1759490966797 112.5787582397461
11.0 16.815221999 152.38345336914062 39.0198974609375
12.0 16.815221999 95.10223388671875 96.07414245605469
13.0 16.815221999 175.0250701904297 -325.7967834472656
14.0 16.815221999 74.2348403930664 -239.6485137939453
15.0 16.815221999 -159.19688415527344 147.10617065429688
16.0 16.815221999 64.09527587890625 88.44938659667969
17.0 16.815221999 143.97605895996094 67.34163665771484
18.0 16.815221999 153.8824462890625 43.772884368896484
19.0 16.815221999 227.4935760498047 109.5863037109375
0.0 16.861287999 148.44322204589844 33.724491119384766
1.0 16.861287999 212.45314025878906 53.04827117919922
2.0 16.861287999 123.69950103759766 72.50884246826172
3.0 16.861287999 112.76048278808594 32.024940490722656
4.0 16.861287999 120.43916320800781 92.99310302734375
5.0 16.861287999 84.04049682617188 56.78068161010742
6.0 16.861287999 155.8677520751953 34.8521614074707
7.0 16.861287999 120.69414520263672 80.91921997070312
8.0 16.861287999 113.69268035888672 32.667179107666016
9.0 16.861287999 218.5208740234375 22.484067916870117
10.0 16.861287999 -137.64231872558594 108.46907043457031
11.0 16.861287999 156.5642547607422 34.998565673828125
12.0 16.861287999 100.25758361816406 93.12788391113281
13.0 16.861287999 171.7794189453125 -356.37451171875
14.0 16.861287999 76.01319122314453 -270.66510009765625
15.0 16.861287999 -190.1549072265625 137.3063201904297
16.0 16.861287999 68.45915985107422 86.13470458984375
17.0 16.861287999 148.46095275878906 63.61444854736328
18.0 16.861287999 158.11941528320312 39.73031997680664
19.0 16.861287999 233.4188690185547 104.89038848876953
0.0 16.907353 147.04574584960938 33.62792205810547
1.0 16.907353 211.27642822265625 51.77540588378906
2.0 16.907353 122.90420532226562 72.41146850585938
3.0 16.907353 111.92306518554688 32.201171875
4.0 16.907353 119.7983169555664 93.35810852050781
5.0 16.907353 83.45704650878906 57.33810043334961
6.0 16.907353 154.4193115234375 34.48738479614258
7.0 16.907353 120.02864074707031 80.80912017822266
8.0 16.907353 112.85680389404297 32.82307815551758
9.0 16.907353 216.7009735107422 21.250587463378906
10.0 16.907353 -156.37252807617188 113.27964782714844
11.0 16.907353 155.13046264648438 34.61282730102539
12.0 16.907353 99.58531951904297 93.62393951416016
13.0 16.907353 174.4326934814453 -387.53472900390625
14.0 16.907353 73.88331604003906 -302.8354797363281
15.0 16.907353 -203.7845458984375 141.54347229003906
16.0 16.907353 67.94214630126953 86.91726684570312
17.0 16.907353 147.38465881347656 63.46076202392578
18.0 16.907353 156.705810546875 39.35454177856445
19.0 16.907353 233.01426696777344 103.59027862548828
0.0 16.953418 139.9259490966797 33.86248016357422
1.0 16.953418 204.0167999267578 50.871604919433594
2.0 16.953418 116.39360809326172 72.8857650756836
3.0 16.953418 106.57787322998047 32.6540412902832
4.0 16.953418 113.32035064697266 93.88450622558594
5.0 16.953418 78.13459014892578 58.27727508544922
6.0 16.953418 147.2572021484375 34.65089416503906
7.0 16.953418 113.54195404052734 81.43714141845703
8.0 16.953418 107.49343872070312 33.2811164855957
9.0 16.953418 209.00051879882812 20.805927276611328
10.0 16.953418 -180.98695373535156 80.52392578125
11.0 16.953418 147.95632934570312 34.77548599243164
12.0 16.953418 112.7301254272461 90.02911376953125
13.0 16.953418 152.16004943847656 -417.9750671386719
14.0 16.953418 68.56570434570312 -333.03125
15.0 16.953418 -232.51881408691406 139.1266632080078
16.0 16.953418 62.45840072631836 88.05165100097656
17.0 16.953418 140.60450744628906 63.7249755859375
18.0 16.953418 149.59718322753906 39.49793243408203
19.0 16.953418 226.72508239746094 102.84709930419922
0.0 16.999484 130.08120727539062 32.26011276245117
1.0 16.999484 204.1216583251953 50.99329376220703
2.0 16.999484 107.96415710449219 71.57456970214844
3.0 16.999484 99.24930572509766 31.756996154785156
4.0 16.999484 105.12625885009766 92.85077667236328
5.0 16.999484 71.15673065185547 58.062530517578125
6.0 16.999484 137.4298858642578 32.68320083618164
7.0 16.999484 105.3152084350586 80.09075164794922
8.0 16.999484 100.15131378173828 32.350337982177734
9.0 16.999484 197.68435668945312 17.12430191040039
10.0 16.999484 -191.8949737548828 79.74395751953125
11.0 16.999484 138.14537048339844 32.80156707763672
12.0 16.999484 104.51612091064453 88.99623107910156
13.0 16.999484 150.38125610351562 -448.73199462890625
14.0 16.999484 60.74346160888672 -363.77459716796875
15.0 16.999484 -252.34103393554688 137.99188232421875
16.0 16.999484 55.84785079956055 88.3791732788086
17.0 16.999484 131.64263916015625 61.889461517333984
18.0 16.999484 139.83273315429688 37.50712203979492
19.0 16.999484 218.17904663085938 98.517333984375
0.0 17.045548999 117.94393920898438 35.35007095336914
1.0 17.045548999 197.3592987060547 51.7083740234375
2.0 17.045548999 97.55943298339844 74.78730010986328
3.0 17.045548999 90.38533020019531 34.91354751586914
4.0 17.045548999 94.65215301513672 96.20757293701172
5.0 17.045548999 62.59421157836914 61.936683654785156
6.0 17.045548999 125.30156707763672 35.36671447753906
7.0 17.045548999 95.05292510986328 83.10382080078125
8.0 17.045548999 91.28768920898438 35.49003982543945
9.0 17.045548999 183.27389526367188 17.933185577392578
10.0 17.045548999 -217.2314453125 83.69368743896484
11.0 17.045548999 126.02519989013672 35.46754455566406
12.0 17.045548999 101.60013580322266 68.38467407226562
13.0 17.045548999 152.1932373046875 -478.5985412597656
14.0 17.045548999 51.50303268432617 -392.56640625
15.0 17.045548999 -274.3017578125 146.69454956054688
16.0 17.045548999 61.24161911010742 87.0054702758789
17.0 17.045548999 120.51641845703125 64.63858795166016
18.0 17.045548999 127.77699279785156 40.17705154418945
19.0 17.045548999 206.7364044189453 98.56668853759766
0.0 17.091614 102.2479248046875 40.858314514160156
1.0 17.091614 199.43807983398438 47.056034088134766
2.0 17.091614 82.94429016113281 80.34526824951172
3.0 17.091614 78.3375015258789 40.191158294677734
4.0 17.091614 79.70890045166016 101.88070678710938
5.0 17.091614 50.44975280761719 67.51799774169922
6.0 17.091614 109.52535247802734 40.761409759521484
7.0 17.091614 80.41973876953125 88.63587188720703
8.0 17.091614 79.23014068603516 40.75095748901367
9.0 17.091614 176.12261962890625 23.35545539855957
10.0 17.091614 -241.8601531982422 90.10249328613281
11.0 17.091614 110.24127960205078 40.878746032714844
12.0 17.091614 107.9829330444336 51.606449127197266
13.0 17.091614 127.14055633544922 -507.98663330078125
14.0 17.091614 40.10676574707031 -419.2796630859375
15.0 17.091614 -337.6503601074219 144.57460021972656
16.0 17.091614 47.75935745239258 92.77578735351562
17.0 17.091614 105.18467712402344 70.25086975097656
18.0 17.091614 112.03553771972656 45.60161209106445
19.0 17.091614 190.06314086914062 102.96965026855469
0.0 17.13768 86.57938385009766 42.607120513916016
1.0 17.13768 198.01406860351562 47.71241760253906
2.0 17.13768 68.82505798339844 82.09390258789062
3.0 17.13768 66.37631225585938 41.79277801513672
4.0 17.13768 65.43148040771484 104.03177642822266
5.0 17.13768 38.64655685424805 69.84227752685547
6.0 17.13768 93.78986358642578 42.42780685424805
7.0 17.13768 66.41746520996094 90.42166137695312
8.0 17.13768 67.23670196533203 42.375999450683594
9.0 17.13768 181.3687744140625 24.875520706176758
10.0 17.13768 -334.9803466796875 93.61634826660156
11.0 17.13768 94.50642395019531 42.545448303222656
12.0 17.13768 92.53092956542969 53.337032318115234
13.0 17.13768 132.56240844726562 -538.7167358398438
14.0 17.13768 28.72064781188965 -447.75677490234375
15.0 17.13768 -356.97918701171875 149.41818237304688
16.0 17.13768 35.06686782836914 95.42655181884766
17.0 17.13768 90.32389831542969 71.86964416503906
18.0 17.13768 96.3548812866211 47.28105926513672
19.0 17.13768 173.74671936035156 102.91307067871094
0.0 17.183744999 72.57816314697266 46.67367935180664
1.0 17.183744999 195.71728515625 50.572200775146484
2.0 17.183744999 56.277984619140625 86.07056427001953
3.0 17.183744999 55.75960159301758 45.39719772338867
4.0 17.183744999 52.57119369506836 108.09756469726562
5.0 17.183744999 28.247669219970703 73.95722198486328
6.0 17.183744999 79.69342803955078 46.365177154541016
7.0 17.183744999 53.93460464477539 94.17346954345703
8.0 17.183744999 56.596649169921875 45.98638153076172
9.0 17.183744999 192.8914031982422 29.06414222717285
10.0 17.183744999 -366.4972839355469 93.53643798828125
11.0 17.183744999 80.40635681152344 46.4810791015625
12.0 17.183744999 78.69981384277344 57.26157760620117
13.0 17.183744999 103.8207778930664 -569.7254028320312
14.0 17.183744999 18.533138275146484 -469.86236572265625
15.0 17.183744999 -369.7942199707031 148.20318603515625
16.0 17.183744999 23.943626403808594 99.80619049072266
17.0 17.183744999 77.03717803955078 75.775146484375
18.0 17.183744999 82.28277587890625 51.19965362548828
19.0 17.183744999 158.7826385498047 105.2894515991211
0.0 17.22981 56.6267204284668 49.871864318847656
1.0 17.22981 192.07408142089844 49.81676483154297
2.0 17.22981 41.74032974243164 89.74349975585938
3.0 17.22981 41.86114501953125 48.72175216674805
4.0 17.22981 37.801780700683594 111.99214935302734
5.0 17.22981 24.416234970092773 77.1200180053711
6.0 17.22981 63.59510040283203 49.6388053894043
7.0 17.22981 39.473026275634766 97.83843994140625
8.0 17.22981 42.64419937133789 49.32163619995117
9.0 17.22981 192.400146484375 31.516096115112305
10.0 17.22981 -376.5108337402344 89.3593978881836
11.0 17.22981 64.2779312133789 49.7744140625
12.0 17.22981 62.77035903930664 60.737892150878906
13.0 17.22981 104.2073974609375 -600.9015502929688
14.0 17.22981 5.290661334991455 -489.4208984375
15.0 17.22981 -404.038330078125 135.7451629638672
16.0 17.22981 10.828425407409668 104.18981170654297
17.0 17.22981 61.63209915161133 79.2886734008789
18.0 17.22981 66.1530990600586 54.5140495300293
19.0 17.22981 141.8616943359375 107.16896057128906
0.0 17.275876 44.77651596069336 51.46495819091797
1.0 17.275876 197.57762145996094 50.03422927856445
2.0 17.275876 30.386253356933594 91.34982299804688
3.0 17.275876 30.755311965942383 50.06468963623047
4.0 17.275876 26.160459518432617 113.49101257324219
5.0 17.275876 28.663223266601562 79.24799346923828
6.0 17.275876 51.60580062866211 51.25872802734375
7.0 17.275876 28.116003036499023 99.31375885009766
8.0 17.275876 31.51050567626953 50.652679443359375
9.0 17.275876 199.31710815429688 34.760101318359375
10.0 17.275876 -422.10540771484375 87.9760971069336
11.0 17.275876 52.28813552856445 51.40061569213867
12.0 17.275876 50.91621017456055 62.351749420166016
13.0 17.275876 125.44661712646484 -630.9322509765625
14.0 17.275876 -68.83003997802734 -511.9784851074219
15.0 17.275876 -416.1983337402344 141.12815856933594
16.0 17.275876 0.3765994608402252 105.16373443603516
17.0 17.275876 49.902217864990234 80.85284423828125
18.0 17.275876 54.16840362548828 56.142112731933594
19.0 17.275876 128.48434448242188 108.59931945800781
0.0 17.321941 36.55818557739258 51.00922393798828
1.0 17.321941 188.82789611816406 49.27692413330078
2.0 17.321941 22.496484756469727 90.91284942626953
3.0 17.321941 23.052993774414062 49.61489486694336
4.0 17.321941 18.21170997619629 113.24190521240234
5.0 17.321941 20.937753677368164 78.89604949951172
6.0 17.321941 43.332916259765625 50.722408294677734
7.0 17.321941 20.266815185546875 99.06168365478516
8.0 17.321941 23.798337936401367 50.20592498779297
9.0 17.321941 202.790283203125 18.443431854248047
10.0 17.321941 -497.3996887207031 91.24798583984375
11.0 17.321941 43.97886276245117 50.88505935668945
12.0 17.321941 42.66935348510742 62.053531646728516
13.0 17.321941 -127.3530502319336 -645.9415283203125
14.0 17.321941 -193.83004760742188 -486.9784851074219
15.0 17.321941 -345.6831970214844 136.93386840820312
16.0 17.321941 -62.455345153808594 99.07144165039062
17.0 17.321941 41.786102294921875 80.4705810546875
18.0 17.321941 45.82788848876953 55.64440155029297
19.0 17.321941 119.45513153076172 107.74126434326172
0.0 17.368006999 35.41081619262695 53.989837646484375
1.0 17.368006999 186.80384826660156 50.34076690673828
2.0 17.368006999 21.690107345581055 93.62432098388672
3.0 17.368006999 21.776214599609375 52.445796966552734
4.0 17.368006999 17.604400634765625 116.15130615234375
5.0 17.368006999 19.969755172729492 81.74596405029297
6.0 17.368006999 42.202392578125 53.45183563232422
7.0 17.368006999 19.54974365234375 101.8268051147461
8.0 17.368006999 22.536895751953125 53.02254104614258
9.0 17.368006999 200.81539916992188 17.433746337890625
10.0 17.368006999 -531.7219848632812 94.28832244873047
11.0 17.368006999 42.849185943603516 53.611732482910156
12.0 17.368006999 41.61491012573242 64.76526641845703
13.0 17.368006999 -127.3530502319336 -695.9415283203125
14.0 17.368006999 -193.83004760742188 -536.978515625
15.0 17.368006999 -373.1042785644531 139.29579162597656
16.0 17.368006999 -96.36756896972656 102.20113372802734
17.0 17.368006999 40.8370246887207 83.20846557617188
18.0 17.368006999 44.71685028076172 58.38352584838867
19.0 17.368006999 118.59776306152344 109.47553253173828
0.0 17.414071999 40.619972229003906 55.01838684082031
1.0 17.414071999 192.0543670654297 50.905311584472656
2.0 17.414071999 26.6101016998291 94.45343017578125
3.0 17.414071999 26.556732177734375 53.51982879638672
4.0 17.414071999 22.759780883789062 117.21009063720703
5.0 17.414071999 24.677549362182617 82.67867279052734
6.0 17.414071999 47.39911651611328 54.41622543334961
7.0 17.414071999 24.51384925842285 102.78570556640625
8.0 17.414071999 27.323097229003906 54.08428192138672
9.0 17.414071999 204.06777954101562 17.808483123779297
10.0 17.414071999 -503.23583984375 74.96671295166016
11.0 17.414071999 48.07073211669922 54.569149017333984
12.0 17.414071999 46.84632110595703 65.77546691894531
13.0 17.414071999 -139.85305786132812 -733.4415283203125
14.0 17.414071999 -206.33004760742188 -574.478515625
15.0 17.414071999 -388.1014404296875 218.7585906982422
16.0 17.414071999 -111.98632049560547 120.25569152832031
17.0 17.414071999 46.022544860839844 84.16951751708984
18.0 17.414071999 49.97169876098633 59.324562072753906
19.0 17.414071999 124.62506103515625 110.1998062133789
0.0 17.460137 50.12925720214844 53.85654830932617
1.0 17.460137 187.5241241455078 42.94963455200195
2.0 17.460137 34.292701721191406 92.63219451904297
3.0 17.460137 35.350074768066406 51.7353515625
4.0 17.460137 30.15520477294922 115.27789306640625
5.0 17.460137 32.42096710205078 80.89706420898438
6.0 17.460137 56.785213470458984 53.3789176940918
7.0 17.460137 32.045196533203125 100.6446533203125
8.0 17.460137 36.09395980834961 52.301692962646484
9.0 17.460137 211.84671020507812 21.382282257080078
10.0 17.460137 -552.8825073242188 73.82198333740234
11.0 17.460137 57.459373474121094 53.555667877197266
12.0 17.460137 144.85304260253906 -50.379844665527344
13.0 17.460137 -164.85305786132812 -783.4415283203125
14.0 17.460137 -231.33004760742188 -624.478515625
15.0 17.460137 -413.1014404296875 268.75860595703125
16.0 17.460137 -99.41854095458984 124.57096099853516
17.0 17.460137 54.43983840942383 83.07341003417969
18.0 17.460137 59.378257751464844 58.35679244995117
19.0 17.460137 133.56016540527344 111.56649780273438
0.0 17.506203 62.11819076538086 51.858619689941406
1.0 17.506203 185.43548583984375 45.635860443115234
2.0 17.506203 43.47320556640625 89.64791107177734
3.0 17.506203 44.43856430053711 48.95304489135742
4.0 17.506203 38.9077262878418 111.98524475097656
5.0 17.506203 29.3407039642334 82.72551727294922
6.0 17.506203 68.6541976928711 51.649227142333984
7.0 17.506203 40.89349365234375 97.46548461914062
8.0 17.506203 45.18217468261719 49.517662048339844
9.0 17.506203 221.37193298339844 28.8520565032959
10.0 17.506203 -559.2168579101562 68.84970092773438
11.0 17.506203 69.31066131591797 51.8546028137207
12.0 17.506203 151.0401153564453 -80.9790267944336
13.0 17.506203 -102.35305786132812 -745.9415283203125
14.0 17.506203 -168.83004760742188 -586.978515625
15.0 17.506203 -665.1014404296875 23.75860595703125
16.0 17.506203 -102.68839263916016 147.71791076660156
17.0 17.506203 64.66644287109375 81.31693267822266
18.0 17.506203 71.14083099365234 56.713836669921875
19.0 17.506203 144.03985595703125 113.93492126464844
0.0 17.552267999 76.52033233642578 50.801483154296875
1.0 17.552267999 177.65138244628906 46.23064041137695
2.0 17.552267999 55.380462646484375 87.72891235351562
3.0 17.552267999 55.587520599365234 47.25187301635742
4.0 17.552267999 50.616722106933594 109.6987075805664
5.0 17.552267999 19.470035552978516 90.75321960449219
6.0 17.552267999 82.97545623779297 50.86948776245117
7.0 17.552267999 52.58961868286133 95.3853988647461
8.0 17.552267999 56.30891799926758 47.82661819458008
9.0 17.552267999 231.02273559570312 41.69399642944336
10.0 17.552267999 -533.0770874023438 56.249324798583984
11.0 17.552267999 83.6176528930664 51.10133361816406
12.0 17.552267999 148.47610473632812 -111.50975036621094
13.0 17.552267999 -6.353057861328125 -1041.9415283203125
14.0 17.552267999 -0.830047607421875 -938.978515625
15.0 17.552267999 -613.796630859375 20.210771560668945
16.0 17.552267999 -129.0453643798828 157.0214385986328
17.0 17.552267999 77.57135772705078 80.39672088623047
18.0 17.552267999 85.41043090820312 55.9724235534668
19.0 17.552267999 157.33758544921875 116.56330871582031
0.0 17.598333 96.74939727783203 49.36895751953125
1.0 17.598333 175.70286560058594 43.87457275390625
2.0 17.598333 73.49456024169922 85.2181625366211
3.0 17.598333 72.1379165649414 45.0766487121582
4.0 17.598333 68.65892791748047 106.89634704589844
5.0 17.598333 12.697626113891602 134.80191040039062
6.0 17.598333 103.18720245361328 49.406646728515625
7.0 17.598333 70.49117279052734 92.77409362792969
8.0 17.598333 72.84442901611328 45.680580139160156
9.0 17.598333 335.1007385253906 43.05848693847656
10.0 17.598333 -544.0128173828125 53.26189041137695
11.0 17.598333 103.83324432373047 49.625736236572266
12.0 17.598333 142.4065704345703 -142.98155212402344
13.0 17.598333 -5827.6650390625 -4813.767578125
14.0 17.598333 -2177.128662109375 -1553.1558837890625
15.0 17.598333 -2133.489990234375 1687.325439453125
16.0 17.598333 -133.5133056640625 158.24923706054688
17.0 17.598333 79.06026458740234 86.84273529052734
18.0 17.598333 105.5626220703125 54.5075798034668
19.0 17.598333 176.94154357910156 117.55950164794922
0.0 17.644399 116.27107238769531 47.247215270996094
1.0 17.644399 89.8440170288086 69.59391784667969
2.0 17.644399 90.78016662597656 82.02428436279297
3.0 17.644399 87.8475341796875 42.20358657836914
4.0 17.644399 85.832275390625 103.3797378540039
5.0 17.644399 15.94039249420166 139.89675903320312
6.0 17.644399 122.57306671142578 47.47869873046875
7.0 17.644399 87.6057357788086 89.57941436767578
8.0 17.644399 88.59204864501953 42.83244705200195
9.0 17.644399 380.2827453613281 39.6243782043457
10.0 17.644399 -565.3082275390625 53.84806823730469
11.0 17.644399 123.22747802734375 47.70115661621094
12.0 17.644399 149.9354248046875 -172.94960021972656
13.0 17.644399 -5727.6650390625 -4913.767578125
14.0 17.644399 -2077.128662109375 -1653.1558837890625
15.0 17.644399 -2145.989990234375 1737.325439453125
16.0 17.644399 -155.20498657226562 149.1680450439453
17.0 17.644399 96.3498306274414 83.73638916015625
18.0 17.644399 124.8863525390625 52.56492233276367
19.0 17.644399 195.03208923339844 118.27009582519531
0.0 17.690463999 134.60919189453125 46.00708770751953
1.0 17.690463999 107.16800689697266 68.24138641357422
2.0 17.690463999 108.57271575927734 80.45235443115234
3.0 17.690463999 103.1401138305664 40.84972381591797
4.0 17.690463999 103.9653091430664 101.98369598388672
5.0 17.690463999 11.660833358764648 142.6516571044922
6.0 17.690463999 140.9418182373047 46.07109832763672
7.0 17.690463999 105.45547485351562 88.05718994140625
8.0 17.690463999 103.8722152709961 41.48832702636719
9.0 17.690463999 415.9899597167969 35.34591293334961
10.0 17.690463999 -639.6844482421875 59.97785568237305
11.0 17.690463999 141.5946502685547 46.31060028076172
12.0 17.690463999 149.60284423828125 -203.59637451171875
13.0 17.690463999 -5827.6650390625 -4813.767578125
14.0 17.690463999 -2177.128662109375 -1553.1558837890625
15.0 17.690463999 -2195.989990234375 2037.325439453125
16.0 17.690463999 -203.3228759765625 125.02249145507812
17.0 17.690463999 114.1347427368164 82.10196685791016
18.0 17.690463999 143.28643798828125 51.129947662353516
19.0 17.690463999 214.257568359375 117.50745391845703
0.0 17.736529999 149.91171264648438 42.91441345214844
1.0 17.736529999 121.80937957763672 65.28963470458984
2.0 17.736529999 123.663818359375 77.29159545898438
3.0 17.736529999 116.1562271118164 38.000205993652344
4.0 17.736529999 119.36956024169922 98.86409759521484
5.0 17.736529999 2.1546812057495117 149.0005645751953
6.0 17.736529999 156.17208862304688 42.908870697021484
7.0 17.736529999 120.69395446777344 84.83950805664062
8.0 17.736529999 116.87703704833984 38.618263244628906
9.0 17.736529999 443.40936279296875 28.616561889648438
10.0 17.736529999 -896.3989868164062 185.9672088623047
11.0 17.736529999 156.8080291748047 43.15449905395508
12.0 17.736529999 149.09347534179688 -234.2833251953125
13.0 17.736529999 -5815.1650390625 -4826.267578125
14.0 17.736529999 -2164.628662109375 -1565.6558837890625
15.0 17.736529999 -2189.739990234375 2074.825439453125
16.0 17.736529999 -247.4263458251953 132.55734252929688
17.0 17.736529999 129.27479553222656 78.81759643554688
18.0 17.736529999 158.48165893554688 47.96413040161133
19.0 17.736529999 230.8833465576172 114.70877075195312
0.0 17.782594999 158.71505737304688 41.19969177246094
1.0 17.782594999 130.65789794921875 64.12467956542969
2.0 17.782594999 132.88987731933594 75.91331481933594
3.0 17.782594999 123.84528350830078 36.686153411865234
4.0 17.782594999 129.13861083984375 97.59767150878906
5.0 17.782594999 -10.245019912719727 148.90016174316406
6.0 17.782594999 165.0142059326172 40.82704162597656
7.0 17.782594999 130.2265625 83.35598754882812
8.0 17.782594999 124.58439636230469 37.299407958984375
9.0 17.782594999 451.8448181152344 25.045133590698242
10.0 17.782594999 -923.5708618164062 265.24066162109375
11.0 17.782594999 165.6386260986328 41.08931350708008
12.0 17.782594999 151.92074584960938 -264.5943603515625
13.0 17.782594999 -6015.1650390625 -4426.267578125
14.0 17.782594999 -2364.628662109375 -1165.6558837890625
15.0 17.782594999 -2289.739990234375 1974.825439453125
16.0 17.782594999 -262.3372802734375 124.46727752685547
17.0 17.782594999 138.50839233398438 77.32230377197266
18.0 17.782594999 167.36297607421875 45.89676284790039
19.0 17.782594999 264.54400634765625 128.7606658935547
0.0 17.82866 162.44711303710938 41.91169738769531
1.0 17.82866 135.04434204101562 65.06708526611328
2.0 17.82866 137.41763305664062 76.7889404296875
3.0 17.82866 127.55528259277344 37.56407928466797
4.0 17.82866 133.9617156982422 98.8330307006836
5.0 17.82866 -30.799705505371094 145.97332763671875
6.0 17.82866 168.7236785888672 41.39592742919922
7.0 17.82866 134.85328674316406 84.18085479736328
8.0 17.82866 128.29364013671875 38.15617752075195
9.0 17.82866 482.1567687988281 24.465349197387695
10.0 17.82866 -123.57086181640625 265.24066162109375
11.0 17.82866 169.37806701660156 41.6212158203125
12.0 17.82866 150.82945251464844 -295.9073181152344
13.0 17.82866 -6415.1650390625 -4426.267578125
14.0 17.82866 -2764.628662109375 -1165.6558837890625
15.0 17.82866 -1489.739990234375 1974.825439453125
16.0 17.82866 -278.199951171875 126.01783752441406
17.0 17.82866 142.9388427734375 78.1107406616211
18.0 17.82866 171.1533660888672 46.395572662353516
19.0 17.82866 237.81060791015625 141.6112518310547
0.0 17.874726 161.91961669921875 42.90462112426758
1.0 17.874726 135.09945678710938 65.77334594726562
2.0 17.874726 137.4725799560547 77.57959747314453
3.0 17.874726 127.90151977539062 38.19061279296875
4.0 17.874726 134.03863525390625 99.82493591308594
5.0 17.874726 -43.339141845703125 148.08865356445312
6.0 17.874726 168.1547088623047 42.202388763427734
7.0 17.874726 134.99534606933594 84.72579193115234
8.0 17.874726 128.6215057373047 38.747188568115234
9.0 17.874726 514.5066528320312 25.167949676513672
10.0 17.874726 -98.57086181640625 415.24066162109375
11.0 17.874726 168.80715942382812 42.41895294189453
12.0 17.874726 149.6404571533203 -326.9447937011719
13.0 17.874726 -6414.7744140625 -4425.095703125
14.0 17.874726 -2764.238037109375 -1164.4840087890625
15.0 17.874726 -1464.739990234375 2124.825439453125
16.0 17.874726 -303.3719482421875 128.9822540283203
17.0 17.874726 142.8881072998047 78.87909698486328
18.0 17.874726 170.63510131835938 47.176055908203125
19.0 17.874726 237.37158203125 140.8740692138672
0.0 17.920790999 157.46615600585938 44.829402923583984
1.0 17.920790999 131.4246063232422 67.47555541992188
2.0 17.920790999 133.66151428222656 79.3725814819336
3.0 17.920790999 125.2529525756836 39.6109619140625
4.0 17.920790999 130.1165008544922 101.71354675292969
5.0 17.920790999 -77.62840270996094 151.3357696533203
6.0 17.920790999 163.6483917236328 44.01511001586914
7.0 17.920790999 131.2077178955078 86.50656127929688
8.0 17.920790999 125.95914459228516 40.177852630615234
9.0 17.920790999 541.341064453125 27.787614822387695
10.0 17.920790999 21.42913818359375 639.2406616210938
11.0 17.920790999 164.31813049316406 44.24367904663086
12.0 17.920790999 148.6505126953125 -357.07659912109375
13.0 17.920790999 -6814.7744140625 -4025.095703125
14.0 17.920790999 -3164.238037109375 -764.4840087890625
15.0 17.920790999 -1064.739990234375 2924.825439453125
16.0 17.920790999 -334.4063415527344 130.62210083007812
17.0 17.920790999 138.96755981445312 80.67219543457031
18.0 17.920790999 166.18359375 48.974552154541016
19.0 17.920790999 233.1854248046875 141.89700317382812
0.0 17.966856 144.6697235107422 46.83384323120117
1.0 17.966856 119.4133529663086 68.8591079711914
2.0 17.966856 121.00362396240234 80.74363708496094
3.0 17.966856 115.1954345703125 40.601661682128906
4.0 17.966856 117.37826538085938 101.16329193115234
5.0 17.966856 -96.54853820800781 154.67568969726562
6.0 17.966856 150.7744903564453 45.994022369384766
7.0 17.966856 118.4714126586914 87.79148864746094
8.0 17.966856 115.8873062133789 41.160484313964844
9.0 17.966856 577.2827758789062 32.743064880371094
10.0 17.966856 28.103229522705078 671.0897827148438
11.0 17.966856 151.4397430419922 46.24143981933594
12.0 17.966856 145.648681640625 -387.595458984375
13.0 17.966856 -5614.7744140625 -4125.095703125
14.0 17.966856 -1964.238037109375 -864.4840087890625
15.0 17.966856 -1089.739990234375 2949.825439453125
16.0 17.966856 -352.4851989746094 114.91280364990234
17.0 17.966856 126.20350646972656 82.1699447631836
18.0 17.966856 153.2970733642578 50.97720718383789
19.0 17.966856 219.71209716796875 143.74148559570312
0.0 18.012922 133.6211700439453 51.86656951904297
1.0 18.012922 109.45252227783203 73.580078125
2.0 18.012922 110.61775970458984 85.5813980102539
3.0 18.012922 107.130859375 45.01191329956055
4.0 18.012922 106.46554565429688 105.98548126220703
5.0 18.012922 -137.3020477294922 161.80935668945312
6.0 18.012922 139.62014770507812 51.09116744995117
7.0 18.012922 108.09111022949219 92.24681854248047
8.0 18.012922 107.80039978027344 45.556480407714844
9.0 18.012922 607.858642578125 40.1048583984375
10.0 18.012922 18.947738647460938 693.0545654296875
11.0 18.012922 140.29006958007812 51.32970428466797
12.0 18.012922 165.80072021484375 -418.39776611328125
13.0 18.012922 -5702.2744140625 -4112.595703125
14.0 18.012922 -2051.738037109375 -851.9840087890625
15.0 18.012922 -1127.239990234375 2974.825439453125
16.0 18.012922 -393.37774658203125 106.06156158447266
17.0 18.012922 134.51824951171875 75.10687255859375
18.0 18.012922 142.12266540527344 56.084999084472656
19.0 18.012922 207.82470703125 148.14913940429688
0.0 18.058986999 121.27218627929688 55.88772201538086
1.0 18.058986999 98.7737045288086 77.76596069335938
2.0 18.058986999 100.02809143066406 89.81282806396484
3.0 18.058986999 98.07866668701172 49.03324890136719
4.0 18.058986999 117.16847229003906 79.32267761230469
5.0 18.058986999 -164.46983337402344 157.5944366455078
6.0 18.058986999 127.33074188232422 54.70885467529297
7.0 18.058986999 97.70584106445312 96.41297912597656
8.0 18.058986999 98.73738098144531 49.558834075927734
9.0 18.058986999 630.47412109375 42.920257568359375
10.0 18.058986999 17.82537269592285 712.9867553710938
11.0 18.058986999 127.9972915649414 54.92995071411133
12.0 18.058986999 152.79306030273438 -448.9892883300781
13.0 18.058986999 -5702.2744140625 -4312.595703125
14.0 18.058986999 -2051.738037109375 -1051.9840087890625
15.0 18.058986999 -1127.239990234375 2974.825439453125
16.0 18.058986999 -408.1871643066406 101.56416320800781
17.0 18.058986999 123.07536315917969 78.93458557128906
18.0 18.058986999 129.90232849121094 59.699951171875
19.0 18.058986999 197.3765411376953 149.8852996826172
0.0 18.105051999 106.9831771850586 57.675296783447266
1.0 18.105051999 140.40957641601562 89.16970825195312
2.0 18.105051999 86.48193359375 91.27783203125
3.0 18.105051999 87.22481536865234 50.3547477722168
4.0 18.105051999 103.16053771972656 80.98188018798828
5.0 18.105051999 -202.56890869140625 165.6041259765625
6.0 18.105051999 112.933349609375 56.47104263305664
7.0 18.105051999 84.19883728027344 97.6641845703125
8.0 18.105051999 87.87557983398438 50.870269775390625
9.0 18.105051999 651.1651611328125 47.13510513305664
10.0 18.105051999 5.797688007354736 742.7615356445312
11.0 18.105051999 113.59635162353516 56.70357131958008
12.0 18.105051999 149.8831787109375 -480.40081787109375
13.0 18.105051999 -5677.2744140625 -4312.595703125
14.0 18.105051999 -2026.738037109375 -1051.9840087890625
15.0 18.105051999 -1127.825927734375 2975.606689453125
16.0 18.105051999 -447.7105712890625 136.535888671875
17.0 18.105051999 108.96359252929688 80.65277099609375
18.0 18.105051999 115.51036834716797 61.49944305419922
19.0 18.105051999 181.99473571777344 151.71316528320312
0.0 18.151118 89.73748779296875 57.48711395263672
1.0 18.151118 159.63941955566406 75.6036605834961
2.0 18.151118 70.58675384521484 91.42649841308594
3.0 18.151118 73.44674682617188 50.448848724365234
4.0 18.151118 86.53816986083984 80.9433364868164
5.0 18.151118 -204.63442993164062 167.85121154785156
6.0 18.151118 95.5875244140625 56.39951705932617
7.0 18.151118 68.40373992919922 97.85054016113281
8.0 18.151118 74.08513641357422 50.93583297729492
9.0 18.151118 657.0990600585938 49.26287841796875
10.0 18.151118 30.25496482849121 856.5518188476562
11.0 18.151118 96.2479019165039 56.6194953918457
12.0 18.151118 151.27146911621094 -510.5990295410156
13.0 18.151118 -5683.5244140625 -4337.595703125
14.0 18.151118 -2032.988037109375 -1076.9840087890625
15.0 18.151118 -927.825927734375 3175.606689453125
16.0 18.151118 -449.5406494140625 130.87442016601562
17.0 18.151118 92.26409149169922 80.66669464111328
18.0 18.151118 98.1747817993164 61.416404724121094
19.0 18.151118 165.09181213378906 150.8260955810547
0.0 18.197183 70.72346496582031 57.888267517089844
1.0 18.197183 163.78660583496094 77.30889892578125
2.0 18.197183 70.3624038696289 74.09825134277344
3.0 18.197183 56.57444381713867 51.42449951171875
4.0 18.197183 68.28196716308594 81.6534652709961
5.0 18.197183 -261.5440673828125 171.78883361816406
6.0 18.197183 76.4697036743164 56.79071044921875
7.0 18.197183 51.177734375 98.71188354492188
8.0 18.197183 57.18082809448242 51.88569259643555
9.0 18.197183 598.5281982421875 32.814762115478516
10.0 18.197183 23.03917694091797 823.4165649414062
11.0 18.197183 77.0994873046875 57.02122116088867
12.0 18.197183 149.45811462402344 -541.0261840820312
13.0 18.197183 -5658.5244140625 -4275.095703125
14.0 18.197183 -2007.988037109375 -1014.4840087890625
15.0 18.197183 -727.825927734375 3375.606689453125
16.0 18.197183 -510.7997741699219 151.44207763671875
17.0 18.197183 73.85836791992188 81.39997863769531
18.0 18.197183 79.02333068847656 61.828033447265625
19.0 18.197183 147.09133911132812 149.62547302246094
0.0 18.243248999 55.32683563232422 58.86027145385742
1.0 18.243248999 162.50668334960938 78.07877349853516
2.0 18.243248999 59.662960052490234 64.00493621826172
3.0 18.243248999 42.09346389770508 52.69227600097656
4.0 18.243248999 53.72975158691406 82.67102813720703
5.0 18.243248999 -249.5123291015625 177.62594604492188
6.0 18.243248999 61.07774353027344 57.50205993652344
7.0 18.243248999 -19.14236068725586 175.86135864257812
8.0 18.243248999 42.692325592041016 53.16988754272461
9.0 18.243248999 1693.58642578125 -62707.88671875
10.0 18.243248999 12.928946495056152 854.4736938476562
11.0 18.243248999 61.697818756103516 57.724708557128906
12.0 18.243248999 148.92210388183594 -571.0569458007812
13.0 18.243248999 -5758.5244140625 -4275.095703125
14.0 18.243248999 -2107.988037109375 -1014.4840087890625
15.0 18.243248999 -740.325927734375 3375.606689453125
16.0 18.243248999 -514.9378051757812 155.30198669433594
17.0 18.243248999 59.22830581665039 82.4222412109375
18.0 18.243248999 63.648101806640625 62.534828186035156
19.0 18.243248999 133.0714874267578 148.46685791015625
0.0 18.289313999 43.45592498779297 60.17168426513672
1.0 18.289313999 149.6774444580078 76.94649505615234
2.0 18.289313999 47.912025451660156 64.97327423095703
3.0 18.289313999 30.870813369750977 54.330020904541016
4.0 18.289313999 42.45256805419922 84.10032653808594
5.0 18.289313999 -276.81903076171875 200.271728515625
6.0 18.289313999 49.1651611328125 58.59842300415039
7.0 18.289313999 -47.68918991088867 196.52162170410156
8.0 18.289313999 31.46108055114746 54.779422760009766
9.0 18.289313999 1093.58642578125 -62907.88671875
10.0 18.289313999 5.673397541046143 858.55859375
11.0 18.289313999 49.77212905883789 58.81816101074219
12.0 18.289313999 143.17984008789062 -602.6334838867188
13.0 18.289313999 -2558.5244140625 -10675.095703125
14.0 18.289313999 580.011962890625 -6134.48388671875
15.0 18.289313999 -690.325927734375 3475.606689453125
16.0 18.289313999 -479.0093688964844 134.2484130859375
17.0 18.289313999 47.86081314086914 83.82215881347656
18.0 18.289313999 51.806297302246094 63.64369583129883
19.0 18.289313999 121.93877410888672 148.22010803222656
0.0 18.335379 37.26323318481445 60.75760269165039
1.0 18.335379 143.34640502929688 76.00263214111328
2.0 18.335379 41.76221466064453 65.2894287109375
3.0 18.335379 24.935731887817383 55.25654602050781
4.0 18.335379 36.491939544677734 84.6979751586914
5.0 18.335379 -276.81903076171875 350.271728515625
6.0 18.335379 42.9387092590332 58.98439025878906
7.0 18.335379 -47.68918991088867 346.5216064453125
8.0 18.335379 25.524824142456055 55.70121765136719
9.0 18.335379 1193.58642578125 -62932.88671875
10.0 18.335379 -7.669492244720459 929.7723388671875
11.0 18.335379 43.557037353515625 59.21569061279297
12.0 18.335379 144.92906188964844 -634.0084228515625
13.0 18.335379 -2583.5244140625 -10775.095703125
14.0 18.335379 680.011962890625 -6159.48388671875
15.0 18.335379 -690.325927734375 3625.606689453125
16.0 18.335379 -573.4676513671875 135.6941375732422
17.0 18.335379 41.82435989379883 84.4722900390625
18.0 18.335379 45.585384368896484 64.01417541503906
19.0 18.335379 116.56268310546875 147.47584533691406
0.0 18.381445 37.687469482421875 61.313053131103516
1.0 18.381445 144.2865753173828 75.84235382080078
2.0 18.381445 42.29047393798828 65.51455688476562
3.0 18.381445 25.138427734375 56.00862503051758
4.0 18.381445 36.91685104370117 85.19752502441406
5.0 18.381445 -326.81903076171875 375.271728515625
6.0 18.381445 43.40863800048828 59.31452178955078
7.0 18.381445 -97.68919372558594 371.5216064453125
8.0 18.381445 25.711761474609375 56.458187103271484
9.0 18.381445 1218.58642578125 -62964.13671875
10.0 18.381445 -57.66949462890625 954.7723388671875
11.0 18.381445 44.0244026184082 59.51974868774414
12.0 18.381445 150.0873565673828 -664.448974609375
13.0 18.381445 -2658.5244140625 -10850.095703125
14.0 18.381445 705.011962890625 -6190.73388671875
15.0 18.381445 -740.325927734375 3650.606689453125
16.0 18.381445 -582.9215698242188 136.46023559570312
17.0 18.381445 42.24132537841797 85.0727310180664
18.0 18.381445 46.08720779418945 64.39996337890625
19.0 18.381445 117.66989135742188 147.6392059326172
0.0 18.427509999 43.34306716918945 58.6773681640625
1.0 18.427509999 151.08067321777344 74.4633560180664
2.0 18.427509999 47.899925231933594 62.74964141845703
3.0 18.427509999 30.23759651184082 53.41785430908203
4.0 18.427509999 41.95488357543945 82.54852294921875
5.0 18.427509999 39.71221923828125 1095.052978515625
6.0 18.427509999 49.060081481933594 56.6201171875
7.0 18.427509999 18.560806274414062 623.6466064453125
8.0 18.427509999 30.80668067932129 53.849853515625
9.0 18.427509999 1243.58642578125 -62989.13671875
10.0 18.427509999 19.36175537109375 1104.1785888671875
11.0 18.427509999 49.651851654052734 56.85054016113281
12.0 18.427509999 155.5985107421875 -694.5678100585938
13.0 18.427509999 -2608.5244140625 -10900.095703125
14.0 18.427509999 730.011962890625 -6215.73388671875
15.0 18.427509999 -140.325927734375 4850.6064453125
16.0 18.427509999 -548.0121459960938 134.51869201660156
17.0 18.427509999 47.26606369018555 82.57886505126953
18.0 18.427509999 51.6867561340332 61.7346305847168
19.0 18.427509999 123.07586669921875 145.8043212890625
0.0 18.473575 54.80335235595703 56.069740295410156
1.0 18.473575 142.1206817626953 79.2348403930664
2.0 18.473575 59.29364013671875 60.06147384643555
3.0 18.473575 40.54690170288086 50.42457962036133
4.0 18.473575 52.330108642578125 79.84452056884766
5.0 18.473575 43.77595138549805 1104.623291015625
6.0 18.473575 60.479156494140625 53.99567794799805
7.0 18.473575 24.994672775268555 686.6054077148438
8.0 18.473575 41.1328239440918 50.849002838134766
9.0 18.473575 1268.58642578125 -62998.51171875
10.0 18.473575 26.18751335144043 1167.7169189453125
11.0 18.473575 61.0911865234375 54.22148895263672
12.0 18.473575 162.70147705078125 -725.3495483398438
13.0 18.473575 -2577.2744140625 -10906.345703125
14.0 18.473575 755.011962890625 -6225.10888671875
15.0 18.473575 51.674072265625 5154.6064453125
16.0 18.473575 -649.1478881835938 138.76649475097656
17.0 18.473575 41.75834274291992 99.81494140625
18.0 18.473575 63.105873107910156 59.13602828979492
19.0 18.473575 133.07835388183594 145.42506408691406
0.0 18.519641 70.33140563964844 54.57968521118164
1.0 18.519641 136.09512329101562 80.86927032470703
2.0 18.519641 74.71183776855469 58.62313461303711
3.0 18.519641 52.757205963134766 48.3910026550293
4.0 18.519641 46.05244445800781 112.88179779052734
5.0 18.519641 39.35612869262695 1255.8167724609375
6.0 18.519641 75.97156524658203 52.58064651489258
7.0 18.519641 26.56289291381836 840.0025024414062
8.0 18.519641 53.361873626708984 48.82022476196289
9.0 18.519641 1268.58642578125 -62923.51171875
10.0 18.519641 23.848800659179688 1346.8775634765625
11.0 18.519641 76.57280731201172 52.8112678527832
12.0 18.519641 162.0865478515625 -755.7588500976562
13.0 18.519641 -2539.7744140625 -10956.345703125
14.0 18.519641 755.011962890625 -6150.10888671875
15.0 18.519641 52.50788879394531 5168.76416015625
16.0 18.519641 -711.6305541992188 138.826416015625
17.0 18.519641 54.67656707763672 97.46098327636719
18.0 18.519641 78.57974243164062 57.75019836425781
19.0 18.519641 146.65345764160156 146.57476806640625
0.0 18.565705999 88.92688751220703 54.000370025634766
1.0 18.565705999 138.8901824951172 81.85177612304688
2.0 18.565705999 93.19773864746094 58.0162353515625
3.0 18.565705999 67.65035247802734 47.24562072753906
4.0 18.565705999 62.59177780151367 111.31626892089844
5.0 18.565705999 58.31963348388672 1364.6380615234375
6.0 18.565705999 94.50627136230469 52.074920654296875
7.0 18.565705999 -51.23746871948242 959.0514526367188
8.0 18.565705999 68.2441177368164 47.68022155761719
9.0 18.565705999 1268.58642578125 -62923.51171875
10.0 18.565705999 16.600162506103516 1466.1690673828125
11.0 18.565705999 95.11722564697266 52.31045150756836
12.0 18.565705999 147.97935485839844 -787.156982421875
13.0 18.565705999 -2539.7744140625 -12156.345703125
14.0 18.565705999 755.011962890625 -6150.10888671875
15.0 18.565705999 85.93961334228516 5167.27734375
16.0 18.565705999 -738.7633056640625 145.29351806640625
17.0 18.565705999 70.90168762207031 96.13330841064453
18.0 18.565705999 97.07249450683594 57.253089904785156
19.0 18.565705999 137.34417724609375 274.7608947753906
0.0 18.611770999 108.32710266113281 56.923763275146484
1.0 18.611770999 116.75132751464844 66.79467010498047
2.0 18.611770999 112.58768463134766 60.872291564941406
3.0 18.611770999 83.3275375366211 49.48863220214844
4.0 18.611770999 80.4792709350586 113.48243713378906
5.0 18.611770999 72.41399383544922 1397.900146484375
6.0 18.611770999 113.8515853881836 54.99430847167969
7.0 18.611770999 -76.23747253417969 971.5514526367188
8.0 18.611770999 83.9363021850586 49.945701599121094
9.0 18.611770999 1356.08642578125 -62936.01171875
10.0 18.611770999 17.462175369262695 1481.96142578125
11.0 18.611770999 114.46774291992188 55.24307632446289
12.0 18.611770999 149.2299041748047 -817.2493286132812
13.0 18.611770999 -2639.7744140625 -12181.345703125
14.0 18.611770999 842.511962890625 -6162.60888671875
15.0 18.611770999 96.59986114501953 5056.39697265625
16.0 18.611770999 -732.2588500976562 151.8447723388672
17.0 18.611770999 88.52519989013672 98.44155883789062
18.0 18.611770999 116.4559326171875 60.18095016479492
19.0 18.611770999 139.2960662841797 294.2622985839844
0.0 18.657836999 124.57683563232422 58.72237777709961
1.0 18.657836999 234.8434600830078 -66.50635528564453
2.0 18.657836999 128.73228454589844 62.60305404663086
3.0 18.657836999 96.2833023071289 50.23238754272461
4.0 18.657836999 95.25446319580078 114.25563049316406
5.0 18.657836999 85.5391616821289 1469.5706787109375
6.0 18.657836999 130.0675811767578 56.777183532714844
7.0 18.657836999 -126.23747253417969 1171.551513671875
8.0 18.657836999 96.87970733642578 50.690494537353516
9.0 18.657836999 1406.08642578125 -62948.51171875
10.0 18.657836999 19.530811309814453 1494.7598876953125
11.0 18.657836999 130.6615447998047 57.0423698425293
12.0 18.657836999 142.7666473388672 -848.2986450195312
13.0 18.657836999 -2689.7744140625 -12206.345703125
14.0 18.657836999 892.511962890625 -6175.10888671875
15.0 18.657836999 95.38968658447266 5108.09326171875
16.0 18.657836999 -808.4683837890625 144.7183380126953
17.0 18.657836999 103.02323150634766 99.35437774658203
18.0 18.657836999 132.63059997558594 61.92462921142578
19.0 18.657836999 111.64862060546875 244.3168487548828
0.0 18.703902 138.1461181640625 60.758907318115234
1.0 18.703902 289.8904724121094 -83.82881927490234
2.0 18.703902 142.30079650878906 64.47461700439453
3.0 18.703902 107.07080078125 51.558536529541016
4.0 18.703902 108.35755920410156 115.9023208618164
5.0 18.703902 80.67436981201172 1659.5487060546875
6.0 18.703902 143.61669921875 58.695045471191406
7.0 18.703902 -126.23747253417969 1271.551513671875
8.0 18.703902 107.68465423583984 52.04960632324219
9.0 18.703902 1556.08642578125 -62873.51171875
10.0 18.703902 29.680221557617188 1525.299072265625
11.0 18.703902 144.22100830078125 58.94855880737305
12.0 18.703902 148.55430603027344 -879.323486328125
13.0 18.703902 -2714.7744140625 -12256.345703125
14.0 18.703902 1042.511962890625 -6100.10888671875
15.0 18.703902 106.69916534423828 5132.5439453125
16.0 18.703902 -817.6192016601562 124.7287368774414
17.0 18.703902 115.88597106933594 101.05368041992188
18.0 18.703902 146.18458557128906 63.81671142578125
19.0 18.703902 -1723.68896484375 1235.800048828125
0.0 18.749968 152.18096923828125 60.439903259277344
1.0 18.749968 289.8904724121094 -133.82882690429688
2.0 18.749968 156.33676147460938 63.94892501831055
3.0 18.749968 118.96745300292969 51.497859954833984
4.0 18.749968 123.0625 116.1457748413086
5.0 18.749968 90.670166015625 1749.77685546875
6.0 18.749968 157.60284423828125 58.226318359375
7.0 18.749968 -138.7374725341797 1302.801513671875
8.0 18.749968 119.58509826660156 51.95170974731445
9.0 18.749968 1556.08642578125 -62923.51171875
10.0 18.749968 42.5959587097168 1558.192138671875
11.0 18.749968 158.2272186279297 58.459510803222656
12.0 18.749968 157.69357299804688 -909.8820190429688
13.0 18.749968 -2727.2744140625 -12293.845703125
14.0 18.749968 1042.511962890625 -6150.10888671875
15.0 18.749968 105.34246826171875 5189.88330078125
16.0 18.749968 -815.07177734375 128.6669464111328
17.0 18.749968 130.27557373046875 100.83409881591797
18.0 18.749968 160.21217346191406 63.29836654663086
19.0 18.749968 -1736.18896484375 1267.050048828125
0.0 18.796032999 154.49745178222656 58.4088020324707
1.0 18.796032999 339.8904724121094 -133.82882690429688
2.0 18.796032999 158.6576385498047 61.79178237915039
3.0 18.796032999 120.41252136230469 49.338905334472656
4.0 18.796032999 125.18138885498047 114.29325866699219
5.0 18.796032999 95.26908111572266 1777.603515625
6.0 18.796032999 159.874755859375 56.093894958496094
7.0 18.796032999 -163.7374725341797 1315.301513671875
8.0 18.796032999 121.01432037353516 49.7783317565918
9.0 18.796032999 1606.08642578125 -62923.51171875
10.0 18.796032999 45.630882263183594 1600.6329345703125
11.0 18.796032999 160.49282836914062 56.33882522583008
12.0 18.796032999 160.00489807128906 -940.92333984375
13.0 18.796032999 -2702.2744140625 -12493.845703125
14.0 18.796032999 1092.511962890625 -6150.10888671875
15.0 18.796032999 97.80892181396484 5328.75439453125
16.0 18.796032999 -845.78369140625 126.26435089111328
17.0 18.796032999 132.25991821289062 98.73390197753906
18.0 18.796032999 162.50892639160156 61.17522048950195
19.0 18.796032999 -1761.18896484375 1279.550048828125
0.0 18.842098 153.21498107910156 56.97021484375
1.0 18.842098 243.89047241210938 -206.82882690429688
2.0 18.842098 157.33026123046875 60.23190689086914
3.0 18.842098 118.92659759521484 47.802162170410156
4.0 18.842098 123.8319091796875 112.86540222167969
5.0 18.842098 94.08506774902344 1816.0677490234375
6.0 18.842098 158.5438232421875 54.52857971191406
7.0 18.842098 -1539.737548828125 131.301513671875
8.0 18.842098 119.53714752197266 48.27071762084961
9.0 18.842098 1506.08642578125 -62998.51171875
10.0 18.842098 42.003936767578125 1655.921875
11.0 18.842098 159.16192626953125 54.76234436035156
12.0 18.842098 164.74508666992188 -971.8505249023438
13.0 18.842098 -2652.2744140625 -12493.845703125
14.0 18.842098 992.511962890625 -6225.10888671875
15.0 18.842098 96.89519500732422 5370.75
16.0 18.842098 -873.688720703125 123.83112335205078
17.0 18.842098 130.84060668945312 97.11434173583984
18.0 18.842098 161.17510986328125 59.61431884765625
19.0 18.842098 -2561.18896484375 -32.449951171875
0.0 18.888164 150.81918334960938 54.46049880981445
1.0 18.888164 291.42462158203125 -222.897216796875
2.0 18.888164 155.00942993164062 57.46622848510742
3.0 18.888164 117.00293731689453 46.13538360595703
4.0 18.888164 122.61882781982422 111.012939453125
5.0 18.888164 94.1416015625 1842.285888671875
6.0 18.888164 156.15835571289062 51.75547409057617
7.0 18.888164 -1568.2279052734375 132.43458557128906
8.0 18.888164 117.60041046142578 46.555450439453125
9.0 18.888164 1306.08642578125 -63098.51171875
10.0 18.888164 40.168540954589844 1708.162109375
11.0 18.888164 156.73989868164062 52.02073287963867
12.0 18.888164 169.18017578125 -1002.7064819335938
13.0 18.888164 -2652.2744140625 -12493.845703125
14.0 18.888164 792.511962890625 -6325.10888671875
15.0 18.888164 97.09526062011719 5403.87109375
16.0 18.888164 -901.2621459960938 125.36943054199219
17.0 18.888164 129.39788818359375 94.9830093383789
18.0 18.888164 158.82371520996094 56.844356536865234
19.0 18.888164 -2561.18896484375 -32.449951171875
