0.0 9.120943 45.0 77.0
1.0 9.120943 195.0 93.0
2.0 9.120943 188.0 99.0
3.0 9.120943 184.0 75.0
4.0 9.120943 189.0 97.0
5.0 9.120943 157.20001220703125 117.60000610351562
6.0 9.120943 45.60000228881836 76.80000305175781
7.0 9.120943 194.40000915527344 93.60000610351562
8.0 9.120943 81.60000610351562 85.20000457763672
9.0 9.120943 156.9600067138672 118.08000183105469
10.0 9.120943 108.00000762939453 115.20000457763672
11.0 9.120943 86.4000015258789 83.52000427246094
12.0 9.120943 82.08000183105469 84.96000671386719
13.0 9.120943 155.52001953125 117.50401306152344
14.0 9.120943 107.1360092163086 114.04801177978516
15.0 9.120943 86.40000915527344 84.67200469970703
16.0 9.120943 85.01760864257812 85.01760864257812
17.0 9.120943 78.79681396484375 85.01760864257812
18.0 9.120943 91.23841094970703 74.64961242675781
0.0 9.167007999 45.47669982910156 77.36404418945312
1.0 9.167007999 195.307373046875 94.44367980957031
2.0 9.167007999 188.2508544921875 100.41397094726562
3.0 9.167007999 184.37588500976562 76.3895492553711
4.0 9.167007999 189.27706909179688 98.43362426757812
5.0 9.167007999 157.3700408935547 118.8040771484375
6.0 9.167007999 46.083412170410156 77.16292572021484
7.0 9.167007999 194.70123291015625 95.05777740478516
8.0 9.167007999 82.05970001220703 85.8200454711914
9.0 9.167007999 157.1352081298828 119.28414154052734
10.0 9.167007999 108.14131164550781 116.0898208618164
11.0 9.167007999 86.7633285522461 84.1906509399414
12.0 9.167007999 82.4901123046875 85.57976531982422
13.0 9.167007999 155.69053649902344 118.6700210571289
14.0 9.167007999 107.2664566040039 114.90786743164062
15.0 9.167007999 86.74012756347656 85.3241958618164
16.0 9.167007999 85.35874938964844 85.61920166015625
17.0 9.167007999 79.18038940429688 85.64458465576172
18.0 9.167007999 91.57817840576172 75.3039321899414
0.0 9.213073 46.28195571899414 76.41548156738281
1.0 9.213073 195.5341796875 96.40930938720703
2.0 9.213073 188.4591522216797 102.29048919677734
3.0 9.213073 184.9957275390625 78.29940032958984
4.0 9.213073 189.49925231933594 100.3524398803711
5.0 9.213073 157.20867919921875 120.15645599365234
6.0 9.213073 46.840763092041016 76.21878051757812
7.0 9.213073 194.96414184570312 97.0065689086914
8.0 9.213073 82.63569641113281 85.67012786865234
9.0 9.213073 156.95242309570312 120.61888122558594
10.0 9.213073 108.09490203857422 116.49795532226562
11.0 9.213073 87.3259506225586 84.18757629394531
12.0 9.213073 83.08607482910156 85.4316177368164
13.0 9.213073 155.54495239257812 119.95734405517578
14.0 9.213073 107.21721649169922 115.29061889648438
15.0 9.213073 87.2766342163086 85.30371856689453
16.0 9.213073 85.8539047241211 85.51226043701172
17.0 9.213073 79.73084259033203 85.4618148803711
18.0 9.213073 92.27552032470703 75.33518981933594
0.0 9.259139 48.08088302612305 76.15369415283203
1.0 9.259139 196.24594116210938 101.50951385498047
2.0 9.259139 189.0297088623047 107.2704849243164
3.0 9.259139 186.39157104492188 83.22174835205078
4.0 9.259139 190.14132690429688 105.35772705078125
5.0 9.259139 157.31329345703125 124.01591491699219
6.0 9.259139 48.62388229370117 75.9632797241211
7.0 9.259139 195.6494598388672 102.12104797363281
8.0 9.259139 84.08243560791016 86.8763656616211
9.0 9.259139 157.0435333251953 124.48444366455078
10.0 9.259139 108.28942108154297 118.75572967529297
11.0 9.259139 88.61808013916016 85.59663391113281
12.0 9.259139 84.47071075439453 86.63262939453125
13.0 9.259139 155.65609741210938 123.76399993896484
14.0 9.259139 107.41211700439453 117.49200439453125
15.0 9.259139 88.53784942626953 86.69517517089844
16.0 9.259139 87.13571166992188 86.7994613647461
17.0 9.259139 81.19401550292969 86.59149932861328
18.0 9.259139 93.86849975585938 76.86109924316406
0.0 9.305203999 50.0452995300293 75.63111114501953
1.0 9.305203999 196.3872833251953 108.55111694335938
2.0 9.305203999 189.0381622314453 114.12592315673828
3.0 9.305203999 187.6221466064453 90.09722900390625
4.0 9.305203999 190.20657348632812 112.28124237060547
5.0 9.305203999 156.61328125 129.20310974121094
6.0 9.305203999 50.58748245239258 75.47474670410156
7.0 9.305203999 195.7788543701172 109.16398620605469
8.0 9.305203999 85.35853576660156 88.36048126220703
9.0 9.305203999 156.3487548828125 129.63888549804688
10.0 9.305203999 107.89433288574219 121.82023620605469
11.0 9.305203999 89.73697662353516 87.39047241210938
12.0 9.305203999 85.71359252929688 88.1185073852539
13.0 9.305203999 154.9888458251953 128.8997344970703
14.0 9.305203999 107.0454330444336 120.49518585205078
15.0 9.305203999 89.61723327636719 88.48345947265625
16.0 9.305203999 88.22795104980469 88.42533111572266
17.0 9.305203999 82.51896667480469 87.9712905883789
18.0 9.305203999 95.50737762451172 78.90309143066406
0.0 9.351268999 51.51829528808594 74.77333068847656
1.0 9.351268999 195.7489013671875 115.0707778930664
2.0 9.351268999 188.220703125 120.42384338378906
3.0 9.351268999 188.02818298339844 96.48915100097656
4.0 9.351268999 189.45748901367188 118.624267578125
5.0 9.351268999 155.13816833496094 133.82322692871094
6.0 9.351268999 52.089256286621094 74.63034057617188
7.0 9.351268999 195.12881469726562 115.67033386230469
8.0 9.351268999 86.11189270019531 89.41577911376953
9.0 9.351268999 154.8302764892578 134.27713012695312
10.0 9.351268999 106.82917785644531 124.28177642822266
11.0 9.351268999 90.31489562988281 88.74952697753906
12.0 9.351268999 86.43323516845703 89.18025207519531
13.0 9.351268999 153.5350341796875 133.4419403076172
14.0 9.351268999 106.01261901855469 122.93140411376953
15.0 9.351268999 90.16578674316406 89.83472442626953
16.0 9.351268999 88.77298736572266 89.60295867919922
17.0 9.351268999 83.3442153930664 88.94140625
18.0 9.351268999 96.51861572265625 80.53202056884766
0.0 9.397334999 52.549312591552734 73.66877746582031
1.0 9.397334999 194.68435668945312 120.06426239013672
2.0 9.397334999 186.98451232910156 125.24417877197266
3.0 9.397334999 187.74237060546875 101.49009704589844
4.0 9.397334999 188.30618286132812 123.48375701904297
5.0 9.397334999 153.43801879882812 137.3393096923828
6.0 9.397334999 53.14560317993164 73.54064178466797
7.0 9.397334999 194.0118865966797 120.68179321289062
8.0 9.397334999 86.38844299316406 89.8978042602539
9.0 9.397334999 153.1386260986328 137.78175354003906
10.0 9.397334999 105.52399444580078 125.88211059570312
11.0 9.397334999 90.40687561035156 89.4615249633789
12.0 9.397334999 86.6764907836914 89.66169738769531
13.0 9.397334999 151.86383056640625 136.909912109375
14.0 9.397334999 104.7396011352539 124.52790832519531
15.0 9.397334999 90.24119567871094 90.55189514160156
16.0 9.397334999 88.8853759765625 90.18191528320312
17.0 9.397334999 83.68477630615234 89.35978698730469
18.0 9.397334999 97.033447265625 81.49063110351562
0.0 9.4434 54.4948616027832 72.67574310302734
1.0 9.4434 193.9882354736328 125.72683715820312
2.0 9.4434 186.174560546875 130.7213134765625
3.0 9.4434 188.05072021484375 107.10079193115234
4.0 9.4434 187.52748107910156 129.04855346679688
5.0 9.4434 152.1888427734375 141.13153076171875
6.0 9.4434 55.11312484741211 72.55794525146484
7.0 9.4434 193.28726196289062 126.38522338867188
8.0 9.4434 87.45612335205078 90.6126937866211
9.0 9.4434 151.854248046875 141.57708740234375
10.0 9.4434 104.78092193603516 127.72901916503906
11.0 9.4434 91.26288604736328 90.3794937133789
12.0 9.4434 87.70964050292969 90.38776397705078
13.0 9.4434 150.6327667236328 140.6644744873047
14.0 9.4434 104.0697250366211 126.4100570678711
15.0 9.4434 91.07587432861328 91.47638702392578
16.0 9.4434 89.75471496582031 90.98767852783203
17.0 9.4434 84.82476806640625 90.00119018554688
18.0 9.4434 98.32283020019531 82.7140121459961
0.0 9.489466 57.339576721191406 72.04521942138672
1.0 9.489466 192.60536193847656 134.2032928466797
2.0 9.489466 184.57998657226562 138.82249450683594
3.0 9.489466 188.04364013671875 115.58161926269531
4.0 9.489466 186.0461883544922 137.2560272216797
5.0 9.489466 150.16241455078125 146.96128845214844
6.0 9.489466 57.96848678588867 71.94532012939453
7.0 9.489466 191.8518829345703 134.7966766357422
8.0 9.489466 88.9259262084961 92.36046600341797
9.0 9.489466 149.8026885986328 147.40806579589844
10.0 9.489466 103.63481140136719 130.74839782714844
11.0 9.489466 92.48934936523438 92.39466094970703
12.0 9.489466 89.1630630493164 92.14492797851562
13.0 9.489466 148.6514129638672 146.45896911621094
14.0 9.489466 102.9804458618164 129.42254638671875
15.0 9.489466 92.27970886230469 93.51571655273438
16.0 9.489466 91.01264190673828 92.87165832519531
17.0 9.489466 86.47254180908203 91.64604187011719
18.0 9.489466 100.08912658691406 85.28104400634766
0.0 9.535530999 59.30043029785156 71.98748016357422
1.0 9.535530999 190.15174865722656 142.4798126220703
2.0 9.535530999 181.9973602294922 146.67547607421875
3.0 9.535530999 186.75096130371094 123.8001937866211
4.0 9.535530999 183.5357208251953 145.2119598388672
5.0 9.535530999 147.28099060058594 152.53704833984375
6.0 9.535530999 59.94837188720703 71.91545104980469
7.0 9.535530999 189.40074157714844 143.0220947265625
8.0 9.535530999 89.38816833496094 94.33261108398438
9.0 9.535530999 146.9031219482422 152.99305725097656
10.0 9.535530999 101.64041137695312 133.94781494140625
11.0 9.535530999 92.74464416503906 94.54811096191406
12.0 9.535530999 89.5703125 94.1170883178711
13.0 9.535530999 145.7752227783203 152.050048828125
14.0 9.535530999 101.05725860595703 132.64151000976562
15.0 9.535530999 92.49859619140625 95.68697357177734
16.0 9.535530999 91.2907943725586 94.9413833618164
17.0 9.535530999 87.12446594238281 93.54631805419922
18.0 9.535530999 100.88046264648438 88.05793762207031
0.0 9.581596 61.087677001953125 69.39208984375
1.0 9.581596 187.97247314453125 146.33584594726562
2.0 9.581596 179.7135467529297 150.1176300048828
3.0 9.581596 185.60955810546875 127.73368835449219
4.0 9.581596 181.33750915527344 148.73687744140625
5.0 9.581596 144.83595275878906 154.2257080078125
6.0 9.581596 61.73396682739258 69.34703063964844
7.0 9.581596 187.20040893554688 146.8061065673828
8.0 9.581596 89.78243255615234 93.28245544433594
9.0 9.581596 144.4689483642578 154.65158081054688
10.0 9.581596 100.03084564208984 133.68475341796875
11.0 9.581596 93.03032684326172 93.64726257324219
12.0 9.581596 89.95421600341797 93.08090209960938
13.0 9.581596 143.39044189453125 153.68243408203125
14.0 9.581596 99.49789428710938 132.42425537109375
15.0 9.581596 92.73835754394531 94.7903060913086
16.0 9.581596 91.55915069580078 93.95729064941406
17.0 9.581596 87.72071075439453 92.44464874267578
18.0 9.581596 101.5713119506836 87.7114028930664
0.0 9.627662 62.708683013916016 67.7978744506836
1.0 9.627662 186.57913208007812 149.2357635498047
2.0 9.627662 178.27886962890625 152.7855224609375
3.0 9.627662 184.86231994628906 130.7553253173828
4.0 9.627662 179.9080047607422 151.49285888671875
5.0 9.627662 143.29811096191406 155.65634155273438
6.0 9.627662 63.382171630859375 67.77446746826172
7.0 9.627662 185.78475952148438 149.6822052001953
8.0 9.627662 90.45348358154297 92.70262145996094
9.0 9.627662 142.89572143554688 156.10484313964844
10.0 9.627662 99.10527801513672 133.58250427246094
11.0 9.627662 93.59772491455078 93.17684936523438
12.0 9.627662 90.59204864501953 92.50147247314453
13.0 9.627662 141.84124755859375 155.1251220703125
14.0 9.627662 98.61307525634766 132.33779907226562
15.0 9.627662 93.30770874023438 94.32609558105469
16.0 9.627662 92.14354705810547 93.43488311767578
17.0 9.627662 88.54447174072266 91.8416976928711
18.0 9.627662 102.3639907836914 87.58045959472656
0.0 9.673726999 65.27786254882812 64.9486312866211
1.0 9.673726999 184.86053466796875 152.1479949951172
2.0 9.673726999 176.54344177246094 155.34844970703125
3.0 9.673726999 184.12281799316406 133.8128204345703
4.0 9.673726999 178.21170043945312 154.15362548828125
5.0 9.673726999 141.51573181152344 156.50143432617188
6.0 9.673726999 65.93218994140625 64.9445571899414
7.0 9.673726999 184.08021545410156 152.5594024658203
8.0 9.673726999 91.65756225585938 91.16136932373047
9.0 9.673726999 141.11097717285156 156.9356231689453
10.0 9.673726999 98.33555603027344 132.6006622314453
11.0 9.673726999 94.72161865234375 91.72073364257812
12.0 9.673726999 91.78699493408203 90.957763671875
13.0 9.673726999 140.08120727539062 155.9665069580078
14.0 9.673726999 97.89032745361328 131.36009216308594
15.0 9.673726999 94.39959716796875 92.88236236572266
16.0 9.673726999 93.27159118652344 91.92829132080078
17.0 9.673726999 89.93701171875 90.28104400634766
18.0 9.673726999 103.70812225341797 86.59912109375
0.0 9.719791999 66.80101013183594 62.666038513183594
1.0 9.719791999 181.5369415283203 155.85948181152344
2.0 9.719791999 173.14088439941406 158.72036743164062
3.0 9.719791999 181.7497100830078 137.74832153320312
4.0 9.719791999 174.85342407226562 157.622314453125
5.0 9.719791999 138.20619201660156 157.9784393310547
6.0 9.719791999 67.46529388427734 62.6888427734375
7.0 9.719791999 180.7435760498047 156.26165771484375
8.0 9.719791999 91.60517120361328 90.17192840576172
9.0 9.719791999 137.7782745361328 158.40737915039062
10.0 9.719791999 96.06218719482422 132.15272521972656
11.0 9.719791999 94.57252502441406 90.8333969116211
12.0 9.719791999 91.7236557006836 89.97521209716797
13.0 9.719791999 136.77926635742188 157.4471893310547
14.0 9.719791999 95.69071960449219 130.9112548828125
15.0 9.719791999 94.2229995727539 91.99468231201172
16.0 9.719791999 93.11933135986328 90.98988342285156
17.0 9.719791999 90.12065124511719 89.285400390625
18.0 9.719791999 103.8057861328125 86.31342315673828
0.0 9.765858 68.16789245605469 61.11701202392578
1.0 9.765858 178.58108520507812 159.13287353515625
2.0 9.765858 170.21031188964844 161.68804931640625
3.0 9.765858 179.59291076660156 141.27455139160156
4.0 9.765858 171.942626953125 160.6807098388672
5.0 9.765858 135.38848876953125 159.40794372558594
6.0 9.765858 68.82369995117188 61.165992736816406
7.0 9.765858 177.7818603515625 159.4886016845703
8.0 9.765858 91.5818862915039 89.6291275024414
9.0 9.765858 134.931640625 159.84559631347656
10.0 9.765858 94.15982818603516 131.90220642089844
11.0 9.765858 94.46222686767578 90.38760375976562
12.0 9.765858 91.69564056396484 89.44410705566406
13.0 9.765858 133.94862365722656 158.912841796875
14.0 9.765858 93.84938049316406 130.69937133789062
15.0 9.765858 94.07223510742188 91.54464721679688
16.0 9.765858 92.99867248535156 90.49636840820312
17.0 9.765858 90.26567840576172 88.7297134399414
18.0 9.765858 103.90580749511719 86.3619384765625
0.0 9.811923 70.10345458984375 59.48215866088867
1.0 9.811923 176.6501007080078 161.44586181640625
2.0 9.811923 168.34170532226562 163.7769775390625
3.0 9.811923 178.3486328125 143.87124633789062
4.0 9.811923 170.0841827392578 162.84815979003906
5.0 9.811923 133.6181640625 160.17906188964844
6.0 9.811923 70.7586441040039 59.54518508911133
7.0 9.811923 175.86495971679688 161.76708984375
8.0 9.811923 92.37281799316406 88.79948425292969
9.0 9.811923 133.1668243408203 160.6075897216797
10.0 9.811923 93.28531646728516 131.37721252441406
11.0 9.811923 95.17879486083984 89.621337890625
12.0 9.811923 92.48197174072266 88.61189270019531
13.0 9.811923 132.20321655273438 159.68019104003906
14.0 9.811923 93.01084899902344 130.1824188232422
15.0 9.811923 94.75345611572266 90.76935577392578
16.0 9.811923 93.71012878417969 89.6928482055664
17.0 9.811923 91.17876434326172 87.90863037109375
18.0 9.811923 104.71074676513672 86.0978775024414
0.0 9.857987999 71.53961944580078 58.99226379394531
1.0 9.857987999 174.96229553222656 163.97569274902344
2.0 9.857987999 166.68092346191406 166.11219787597656
3.0 9.857987999 177.18380737304688 146.64122009277344
4.0 9.857987999 168.42543029785156 165.24957275390625
5.0 9.857987999 132.091796875 161.56607055664062
6.0 9.857987999 72.21397399902344 59.07902145385742
7.0 9.857987999 174.1914520263672 164.29415893554688
8.0 9.857987999 92.84819030761719 88.98562622070312
9.0 9.857987999 131.61390686035156 161.98287963867188
10.0 9.857987999 92.4147720336914 131.64369201660156
11.0 9.857987999 95.5766372680664 89.85420227050781
12.0 9.857987999 92.96324920654297 88.79999542236328
13.0 9.857987999 130.67926025390625 161.0745391845703
14.0 9.857987999 92.1828384399414 130.46482849121094
15.0 9.857987999 95.15725708007812 91.01679992675781
16.0 9.857987999 94.12671661376953 89.91505432128906
17.0 9.857987999 91.74188232421875 88.09174346923828
18.0 9.857987999 105.21019744873047 86.57079315185547
0.0 9.904053999 71.86205291748047 58.473838806152344
1.0 9.904053999 173.88894653320312 164.68231201171875
2.0 9.904053999 165.65090942382812 166.71119689941406
3.0 9.904053999 176.29067993164062 147.41555786132812
4.0 9.904053999 167.42486572265625 165.89120483398438
5.0 9.904053999 131.01026916503906 161.79327392578125
6.0 9.904053999 72.52162170410156 58.55386734008789
7.0 9.904053999 173.1397705078125 164.97564697265625
8.0 9.904053999 92.67863464355469 88.6912612915039
9.0 9.904053999 130.5224609375 162.22499084472656
10.0 9.904053999 91.68541717529297 131.3382568359375
11.0 9.904053999 95.38849639892578 89.57957458496094
12.0 9.904053999 92.78739929199219 88.50936126708984
13.0 9.904053999 129.61624145507812 161.31800842285156
14.0 9.904053999 91.48029327392578 130.1708221435547
15.0 9.904053999 94.94290161132812 90.72725677490234
16.0 9.904053999 93.90100860595703 89.63603973388672
17.0 9.904053999 91.62003326416016 87.7997055053711
18.0 9.904053999 105.05690002441406 86.39122009277344
0.0 9.950119 70.37635040283203 59.20940399169922
1.0 9.950119 174.17959594726562 163.70639038085938
2.0 9.950119 165.97222900390625 165.8433837890625
3.0 9.950119 176.27981567382812 146.3397674560547
4.0 9.950119 167.7579803466797 165.03399658203125
5.0 9.950119 131.07504272460938 161.6304931640625
6.0 9.950119 71.02233123779297 59.28085708618164
7.0 9.950119 173.4441375732422 164.01219177246094
8.0 9.950119 91.67765045166016 89.11844635009766
9.0 9.950119 130.5674591064453 162.07522583007812
10.0 9.950119 91.3844985961914 131.62025451660156
11.0 9.950119 94.43951416015625 89.94440460205078
12.0 9.950119 91.7784423828125 88.92695617675781
13.0 9.950119 129.68203735351562 161.1801300048828
14.0 9.950119 91.18387603759766 130.46408081054688
15.0 9.950119 93.99662780761719 91.10843658447266
16.0 9.950119 92.91033172607422 90.04068756103516
17.0 9.950119 90.640380859375 88.24440002441406
18.0 9.950119 104.06494903564453 86.52781677246094
0.0 9.996185 67.4475326538086 61.13178634643555
1.0 9.996185 176.761474609375 160.10903930664062
2.0 9.996185 168.57777404785156 162.5820770263672
3.0 9.996185 177.74159240722656 142.4049072265625
4.0 9.996185 170.3757781982422 161.6838836669922
5.0 9.996185 133.1241912841797 160.41244506835938
6.0 9.996185 68.08247375488281 61.17827224731445
7.0 9.996185 176.03086853027344 160.4500732421875
8.0 9.996185 90.3379898071289 90.02212524414062
9.0 9.996185 132.6311492919922 160.85369873046875
10.0 9.996185 92.2057113647461 132.05084228515625
11.0 9.996185 93.23686218261719 90.69200897216797
12.0 9.996185 90.42851257324219 89.82837677001953
13.0 9.996185 131.76329040527344 159.94918823242188
14.0 9.996185 91.98516845703125 130.88502502441406
15.0 9.996185 92.81290435791016 91.85529327392578
16.0 9.996185 91.63223266601562 90.87808990478516
17.0 9.996185 89.28228759765625 89.19557189941406
18.0 9.996185 102.70301818847656 86.61174011230469
0.0 10.042249999 64.21086883544922 63.613311767578125
1.0 10.042249999 181.53553771972656 153.14578247070312
2.0 10.042249999 173.3936309814453 156.18157958984375
3.0 10.042249999 180.9010772705078 135.04566955566406
4.0 10.042249999 175.19564819335938 155.16905212402344
5.0 10.042249999 137.52066040039062 157.24961853027344
6.0 10.042249999 64.80179595947266 63.599143981933594
7.0 10.042249999 180.8245086669922 153.5780792236328
8.0 10.042249999 89.45388793945312 90.57482147216797
9.0 10.042249999 137.05421447753906 157.72239685058594
10.0 10.042249999 94.84445190429688 131.6459197998047
11.0 10.042249999 92.53781127929688 90.98836517333984
12.0 10.042249999 89.53473663330078 90.38578796386719
13.0 10.042249999 136.20114135742188 156.76904296875
14.0 10.042249999 94.57620239257812 130.50775146484375
15.0 10.042249999 92.18295288085938 92.1717758178711
16.0 10.042249999 90.87117004394531 91.33354949951172
17.0 10.042249999 88.30348205566406 89.7918701171875
18.0 10.042249999 101.6661148071289 85.82557678222656
0.0 10.088315 62.46739959716797 67.55728149414062
1.0 10.088315 187.90260314941406 145.7938995361328
2.0 10.088315 179.76492309570312 149.45350646972656
3.0 10.088315 185.38558959960938 127.27118682861328
4.0 10.088315 181.57284545898438 148.29539489746094
5.0 10.088315 143.873046875 154.00221252441406
6.0 10.088315 63.05308151245117 67.49346160888672
7.0 10.088315 187.241943359375 146.35205078125
8.0 10.088315 90.39018249511719 92.06422424316406
9.0 10.088315 143.4369659423828 154.47457885742188
10.0 10.088315 99.51078033447266 131.74417114257812
11.0 10.088315 93.60587310791016 92.16734313964844
12.0 10.088315 90.4640884399414 91.86308288574219
13.0 10.088315 142.53411865234375 153.5298614501953
14.0 10.088315 99.17749786376953 130.64462280273438
15.0 10.088315 93.31891632080078 93.3447494506836
16.0 10.088315 91.92333221435547 92.64541625976562
17.0 10.088315 89.06312561035156 91.35586547851562
18.0 10.088315 102.19856262207031 85.8561782836914
0.0 10.134381 62.41149139404297 72.08209991455078
1.0 10.134381 194.69775390625 139.04611206054688
2.0 10.134381 186.4781036376953 143.29673767089844
3.0 10.134381 190.20843505859375 120.3155288696289
4.0 10.134381 188.35113525390625 141.98475646972656
5.0 10.134381 150.9403839111328 151.19427490234375
6.0 10.134381 62.95814895629883 71.9685287475586
7.0 10.134381 194.03517150878906 139.669677734375
8.0 10.134381 92.69384002685547 93.99258422851562
9.0 10.134381 150.5183868408203 151.6581573486328
10.0 10.134381 105.16841125488281 132.18585205078125
11.0 10.134381 96.00337982177734 93.75048828125
12.0 10.134381 92.77294921875 93.7897720336914
13.0 10.134381 149.59608459472656 150.70030212402344
14.0 10.134381 104.78276824951172 131.11070251464844
15.0 10.134381 95.7645492553711 94.91617584228516
16.0 10.134381 94.34317016601562 94.3895263671875
17.0 10.134381 91.1113052368164 93.36383056640625
18.0 10.134381 103.92498016357422 86.4875259399414
0.0 10.180445999 61.3345947265625 77.826416015625
1.0 10.180445999 199.33544921875 133.22048950195312
2.0 10.180445999 191.1983184814453 138.15386962890625
3.0 10.180445999 192.82778930664062 114.5600814819336
4.0 10.180445999 192.9685516357422 136.6715087890625
5.0 10.180445999 156.04299926757812 149.4576873779297
6.0 10.180445999 61.825531005859375 77.67948913574219
7.0 10.180445999 198.70632934570312 133.93983459472656
8.0 10.180445999 93.67084503173828 97.17796325683594
9.0 10.180445999 155.63719177246094 149.9097137451172
10.0 10.180445999 109.07099151611328 133.62535095214844
11.0 10.180445999 97.00971984863281 96.57255554199219
12.0 10.180445999 93.7503433227539 96.96180725097656
13.0 10.180445999 154.6957244873047 148.92147827148438
14.0 10.180445999 108.6352767944336 132.55445861816406
15.0 10.180445999 96.82788848876953 97.72383117675781
16.0 10.180445999 95.38790893554688 97.35982513427734
17.0 10.180445999 91.7882308959961 96.65055084228516
18.0 10.180445999 104.1649398803711 88.42426300048828
0.0 10.226510999 60.80497360229492 85.26449584960938
1.0 10.226510999 203.3044891357422 128.74607849121094
2.0 10.226510999 195.31600952148438 134.24607849121094
3.0 10.226510999 194.82125854492188 110.32464599609375
4.0 10.226510999 196.97250366210938 132.64724731445312
5.0 10.226510999 161.01181030273438 148.81112670898438
6.0 10.226510999 61.29644012451172 85.0827407836914
7.0 10.226510999 202.71939086914062 129.58010864257812
8.0 10.226510999 94.939453125 101.79934692382812
9.0 10.226510999 160.61924743652344 149.26869201660156
10.0 10.226510999 113.10133361816406 136.36009216308594
11.0 10.226510999 98.33135986328125 100.88896942138672
12.0 10.226510999 95.02576446533203 101.58086395263672
13.0 10.226510999 159.62844848632812 148.30458068847656
14.0 10.226510999 112.626708984375 135.28993225097656
15.0 10.226510999 98.20304870605469 102.0111312866211
16.0 10.226510999 96.7236557006836 101.76504516601562
17.0 10.226510999 92.74690246582031 101.42359161376953
18.0 10.226510999 104.56450653076172 92.01519775390625
0.0 10.272576999 62.20899963378906 92.33338165283203
1.0 10.272576999 208.28199768066406 123.72394561767578
2.0 10.272576999 200.46209716796875 129.69183349609375
3.0 10.272576999 197.72618103027344 105.57025146484375
4.0 10.272576999 202.01284790039062 128.02001953125
5.0 10.272576999 167.2238006591797 147.34756469726562
6.0 10.272576999 62.61354064941406 92.12181854248047
7.0 10.272576999 207.7353973388672 124.6320571899414
8.0 10.272576999 97.7825927734375 105.94274139404297
9.0 10.272576999 166.84461975097656 147.796875
10.0 10.272576999 118.59943389892578 138.41383361816406
11.0 10.272576999 101.24710083007812 104.67900848388672
12.0 10.272576999 97.86577606201172 105.7069320678711
13.0 10.272576999 165.7978515625 146.8656005859375
14.0 10.272576999 118.10084533691406 137.3425750732422
15.0 10.272576999 101.14495086669922 105.76202392578125
16.0 10.272576999 99.6600112915039 105.68951416015625
17.0 10.272576999 95.31103515625 105.72979736328125
18.0 10.272576999 106.53700256347656 95.18450164794922
0.0 10.318642 58.89773941040039 97.55284881591797
1.0 10.318642 207.93536376953125 114.55355834960938
2.0 10.318642 194.61770629882812 139.7076416015625
3.0 10.318642 195.1040496826172 97.17465209960938
4.0 10.318642 199.65704345703125 134.18844604492188
5.0 10.318642 168.72723388671875 142.36573791503906
6.0 10.318642 59.28126907348633 97.30380249023438
7.0 10.318642 207.46560668945312 115.54277801513672
8.0 10.318642 95.89761352539062 107.44690704345703
9.0 10.318642 168.41012573242188 142.79098510742188
10.0 10.318642 119.49923706054688 137.24468994140625
11.0 10.318642 99.40185546875 105.75144958496094
12.0 10.318642 95.97993469238281 107.19596862792969
13.0 10.318642 167.28909301757812 141.89027404785156
14.0 10.318642 118.936767578125 136.18125915527344
15.0 10.318642 99.33855438232422 106.79566955566406
16.0 10.318642 97.85433197021484 106.9269790649414
17.0 10.318642 93.14244079589844 107.45524597167969
18.0 10.318642 103.49300384521484 95.74352264404297
0.0 10.364706999 57.2386360168457 102.52178192138672
1.0 10.364706999 204.16278076171875 123.97461700439453
2.0 10.364706999 195.90707397460938 139.61712646484375
3.0 10.364706999 192.43209838867188 87.57535552978516
4.0 10.364706999 207.88821411132812 130.4938507080078
5.0 10.364706999 170.71107482910156 135.83197021484375
6.0 10.364706999 57.549503326416016 102.24363708496094
7.0 10.364706999 203.25173950195312 125.36026763916016
8.0 10.364706999 95.08100128173828 108.37319946289062
9.0 10.364706999 170.41357421875 136.28543090820312
10.0 10.364706999 121.38821411132812 135.0755615234375
11.0 10.364706999 98.5631332397461 106.19514465332031
12.0 10.364706999 95.15792083740234 108.11022186279297
13.0 10.364706999 169.24041748046875 135.44390869140625
14.0 10.364706999 120.788330078125 134.05349731445312
15.0 10.364706999 98.53482055664062 107.20381164550781
16.0 10.364706999 97.08041381835938 107.54923248291016
17.0 10.364706999 92.00531005859375 108.66986846923828
18.0 10.364706999 101.49102783203125 95.74980926513672
0.0 10.410772999 57.0325927734375 106.32179260253906
1.0 10.410772999 205.17404174804688 117.98653411865234
2.0 10.410772999 197.46755981445312 134.24392700195312
3.0 10.410772999 190.8072967529297 82.45928192138672
4.0 10.410772999 208.92813110351562 124.58552551269531
5.0 10.410772999 172.1497802734375 132.28985595703125
6.0 10.410772999 57.328643798828125 106.01002502441406
7.0 10.410772999 204.21292114257812 119.49942016601562
8.0 10.410772999 95.16230010986328 109.63088989257812
9.0 10.410772999 171.8424072265625 132.72019958496094
10.0 10.410772999 122.8937759399414 134.27381896972656
11.0 10.410772999 98.59628295898438 107.177490234375
12.0 10.410772999 95.23371887207031 109.37411499023438
13.0 10.410772999 170.6393585205078 131.90184020996094
14.0 10.410772999 122.29694366455078 133.29824829101562
15.0 10.410772999 98.58625793457031 108.1755142211914
16.0 10.410772999 97.14685821533203 108.63380432128906
17.0 10.410772999 91.89834594726562 110.1362533569336
18.0 10.410772999 100.73819732666016 96.4830551147461
0.0 10.456838 57.79243469238281 110.0527114868164
1.0 10.456838 206.5190887451172 112.73799133300781
2.0 10.456838 199.48275756835938 129.51296997070312
3.0 10.456838 189.7030487060547 78.03984832763672
4.0 10.456838 210.33181762695312 119.38934326171875
5.0 10.456838 174.114501953125 129.3535614013672
6.0 10.456838 58.077510833740234 109.72035217285156
7.0 10.456838 205.51715087890625 114.37564086914062
8.0 10.456838 96.01005554199219 111.06982421875
9.0 10.456838 173.83642578125 129.78115844726562
10.0 10.456838 125.0311050415039 133.69918823242188
11.0 10.456838 99.39653778076172 108.30367279052734
12.0 10.456838 96.08511352539062 110.79359436035156
13.0 10.456838 172.58010864257812 129.0148162841797
14.0 10.456838 124.41229248046875 132.77426147460938
15.0 10.456838 99.40877532958984 109.3051528930664
16.0 10.456838 97.9555435180664 109.86479187011719
17.0 10.456838 92.65574645996094 111.7490234375
18.0 10.456838 100.78450012207031 97.36732482910156
0.0 10.502904 56.14790725708008 112.76251983642578
1.0 10.502904 204.93148803710938 107.67498779296875
2.0 10.502904 198.40554809570312 124.89159393310547
3.0 10.502904 186.1243438720703 73.97937774658203
4.0 10.502904 208.6339569091797 114.57067108154297
5.0 10.502904 173.1625213623047 126.2283935546875
6.0 10.502904 56.404930114746094 112.43852233886719
7.0 10.502904 203.87673950195312 109.44627380371094
8.0 10.502904 94.31354522705078 111.70965576171875
9.0 10.502904 172.90489196777344 126.64706420898438
10.0 10.502904 124.26288604736328 132.68763732910156
11.0 10.502904 97.64456939697266 108.70130920410156
12.0 10.502904 94.38468170166016 111.4444808959961
13.0 10.502904 171.606689453125 125.90829467773438
14.0 10.502904 123.62740325927734 131.7921142578125
15.0 10.502904 97.67539978027344 109.69499969482422
16.0 10.502904 96.24541473388672 110.3680419921875
17.0 10.502904 90.86241149902344 112.56781768798828
18.0 10.502904 98.42985534667969 97.65697479248047
0.0 10.548968999 54.33803176879883 116.42334747314453
1.0 10.548968999 202.9545440673828 105.04927825927734
2.0 10.548968999 196.85488891601562 122.71309661865234
3.0 10.548968999 182.46888732910156 72.19617462158203
4.0 10.548968999 206.5829620361328 112.14471435546875
5.0 10.548968999 171.6367950439453 125.210693359375
6.0 10.548968999 54.58380889892578 116.08756256103516
7.0 10.548968999 201.8312225341797 106.94078826904297
8.0 10.548968999 92.26997375488281 113.7427978515625
9.0 10.548968999 171.4257354736328 125.60700988769531
10.0 10.548968999 122.95342254638672 133.3062286376953
11.0 10.548968999 95.56847381591797 110.58331298828125
12.0 10.548968999 92.34117126464844 113.47552490234375
13.0 10.548968999 170.08485412597656 124.89376068115234
14.0 10.548968999 122.33262634277344 132.44967651367188
15.0 10.548968999 95.60570526123047 111.56983947753906
16.0 10.548968999 94.1786880493164 112.30194091796875
17.0 10.548968999 88.76182556152344 114.72731018066406
18.0 10.548968999 95.8588638305664 99.49313354492188
0.0 10.595033999 51.940303802490234 117.42478942871094
1.0 10.595033999 200.0746612548828 101.61387634277344
2.0 10.595033999 194.24058532714844 119.62381744384766
3.0 10.595033999 178.55027770996094 69.3065185546875
4.0 10.595033999 203.52890014648438 109.01434326171875
5.0 10.595033999 169.20364379882812 122.67728424072266
6.0 10.595033999 52.20330047607422 117.06902313232422
7.0 10.595033999 198.92079162597656 103.61454010009766
8.0 10.595033999 89.63239288330078 113.50785827636719
9.0 10.595033999 168.9981689453125 123.09178161621094
10.0 10.595033999 120.70783996582031 132.04733276367188
11.0 10.595033999 92.88346862792969 110.1988525390625
12.0 10.595033999 89.70121002197266 113.23431396484375
13.0 10.595033999 167.6248016357422 122.39834594726562
14.0 10.595033999 120.09371185302734 131.2189483642578
15.0 10.595033999 92.93379974365234 111.18628692626953
16.0 10.595033999 91.51988983154297 111.95813751220703
17.0 10.595033999 86.0951919555664 114.60094451904297
18.0 10.595033999 92.8126449584961 99.03916931152344
0.0 10.6411 49.11247634887695 117.80616760253906
1.0 10.6411 213.39111328125 92.91500854492188
2.0 10.6411 191.2248077392578 115.0771255493164
3.0 10.6411 173.8814239501953 65.2463607788086
4.0 10.6411 258.5665283203125 49.82362747192383
5.0 10.6411 166.43368530273438 119.08039855957031
6.0 10.6411 49.34634780883789 117.4574966430664
7.0 10.6411 204.97886657714844 103.12560272216797
8.0 10.6411 86.53915405273438 112.45327758789062
9.0 10.6411 166.25282287597656 119.45527648925781
10.0 10.6411 118.13973236083984 129.7446746826172
11.0 10.6411 89.74040222167969 109.00920867919922
12.0 10.6411 86.6049575805664 112.17436218261719
13.0 10.6411 164.83958435058594 118.80532836914062
14.0 10.6411 117.51233673095703 128.9491729736328
15.0 10.6411 89.79183197021484 109.97982025146484
16.0 10.6411 88.42578887939453 110.81832122802734
17.0 10.6411 83.00128173828125 113.6263656616211
18.0 10.6411 89.26498413085938 97.85620880126953
0.0 10.687165 47.23383331298828 117.88880157470703
1.0 10.687165 211.29444885253906 91.10266876220703
2.0 10.687165 189.11251831054688 113.5781021118164
3.0 10.687165 171.3916778564453 63.845523834228516
4.0 10.687165 400.5830993652344 45.889434814453125
5.0 10.687165 164.43838500976562 117.84199523925781
6.0 10.687165 47.4592399597168 117.5404281616211
7.0 10.687165 202.44712829589844 101.89909362792969
8.0 10.687165 84.5433349609375 112.05663299560547
9.0 10.687165 164.2705535888672 118.22511291503906
10.0 10.687165 116.18795013427734 128.95635986328125
11.0 10.687165 87.73284912109375 108.57439422607422
12.0 10.687165 84.6106948852539 111.76950073242188
13.0 10.687165 162.837890625 117.58699035644531
14.0 10.687165 115.56832885742188 128.18536376953125
15.0 10.687165 87.77700805664062 109.54306030273438
16.0 10.687165 86.41376495361328 110.40113830566406
17.0 10.687165 81.02909088134766 113.26078796386719
18.0 10.687165 87.0834732055664 97.40834045410156
0.0 10.733229999 46.88113784790039 118.95050048828125
1.0 10.733229999 211.12509155273438 92.70509338378906
2.0 10.733229999 188.6841278076172 115.313232421875
3.0 10.733229999 171.24835205078125 65.54931640625
4.0 10.733229999 447.1468505859375 47.61589050292969
5.0 10.733229999 164.10377502441406 119.50776672363281
6.0 10.733229999 47.128604888916016 118.59388732910156
7.0 10.733229999 201.7535858154297 104.024658203125
8.0 10.733229999 84.19587707519531 113.32928466796875
9.0 10.733229999 163.92630004882812 119.86571502685547
10.0 10.733229999 115.86753845214844 130.4683837890625
11.0 10.733229999 87.39218139648438 109.87108612060547
12.0 10.733229999 84.26065826416016 113.04344940185547
13.0 10.733229999 162.50428771972656 119.24261474609375
14.0 10.733229999 115.27362823486328 129.70870971679688
15.0 10.733229999 87.41170501708984 110.81851196289062
16.0 10.733229999 86.04224395751953 111.64669036865234
17.0 10.733229999 80.7360610961914 114.49481964111328
18.0 10.733229999 86.79630279541016 98.74205017089844
0.0 10.779295999 48.67148208618164 120.76010131835938
1.0 10.779295999 213.067138671875 96.9112548828125
2.0 10.779295999 190.5603790283203 119.26805877685547
3.0 10.779295999 173.66015625 69.36149597167969
4.0 10.779295999 489.19219970703125 45.375946044921875
5.0 10.779295999 165.9293670654297 123.21222686767578
6.0 10.779295999 48.9063606262207 120.42124938964844
7.0 10.779295999 203.59259033203125 108.17157745361328
8.0 10.779295999 86.14868927001953 115.85472106933594
9.0 10.779295999 165.75283813476562 123.55876922607422
10.0 10.779295999 117.55426025390625 133.57699584960938
11.0 10.779295999 89.38038635253906 112.53398132324219
12.0 10.779295999 86.2135238647461 115.57747650146484
13.0 10.779295999 164.3402099609375 122.90780639648438
14.0 10.779295999 116.94062042236328 132.80650329589844
15.0 10.779295999 89.38020324707031 113.4676513671875
16.0 10.779295999 87.9762954711914 114.23523712158203
17.0 10.779295999 82.77912902832031 116.95845794677734
18.0 10.779295999 88.9361572265625 101.38790130615234
0.0 10.825361 50.040706634521484 121.21495056152344
1.0 10.825361 215.28709411621094 103.5877456665039
2.0 10.825361 190.26156616210938 117.78024291992188
3.0 10.825361 177.0736846923828 74.86971282958984
4.0 10.825361 592.6439208984375 44.6552734375
5.0 10.825361 167.41574096679688 128.3575439453125
6.0 10.825361 50.2997932434082 120.86692810058594
7.0 10.825361 205.3240203857422 114.76631927490234
8.0 10.825361 87.79009246826172 117.88072204589844
9.0 10.825361 167.2432403564453 128.69590759277344
10.0 10.825361 118.61378479003906 137.01028442382812
11.0 10.825361 91.08789825439453 114.7596435546875
12.0 10.825361 87.86117553710938 117.6034164428711
13.0 10.825361 165.78826904296875 128.02865600585938
14.0 10.825361 117.99801635742188 136.22171020507812
15.0 10.825361 91.05352783203125 115.67216491699219
16.0 10.825361 89.61016082763672 116.35665893554688
17.0 10.825361 84.58258056640625 118.83462524414062
18.0 10.825361 91.07315826416016 103.63445281982422
0.0 10.871427 50.22215270996094 118.62874603271484
1.0 10.871427 216.51364135742188 111.46497344970703
2.0 10.871427 189.2468719482422 114.05941772460938
3.0 10.871427 180.15113830566406 80.87999725341797
4.0 10.871427 599.0059814453125 55.027164459228516
5.0 10.871427 167.18685913085938 133.40789794921875
6.0 10.871427 50.47930908203125 118.31354522705078
7.0 10.871427 205.68576049804688 122.33878326416016
8.0 10.871427 88.2170639038086 117.83836364746094
9.0 10.871427 166.9792022705078 133.76528930664062
10.0 10.871427 117.90372467041016 139.30548095703125
11.0 10.871427 91.56565856933594 115.02898406982422
12.0 10.871427 88.28932189941406 117.56769561767578
13.0 10.871427 165.55430603027344 133.0281524658203
14.0 10.871427 117.2745590209961 138.4668731689453
15.0 10.871427 91.49010467529297 115.91938781738281
16.0 10.871427 90.01387786865234 116.4512939453125
17.0 10.871427 85.18634033203125 118.61968994140625
18.0 10.871427 92.32294464111328 104.05957794189453
0.0 10.917491999 50.25949478149414 115.43236541748047
1.0 10.917491999 216.86199951171875 119.76225280761719
2.0 10.917491999 189.32901000976562 121.28802490234375
3.0 10.917491999 182.684814453125 87.31786346435547
4.0 10.917491999 634.486083984375 56.962806701660156
5.0 10.917491999 166.22842407226562 138.57485961914062
6.0 10.917491999 50.52604293823242 115.1265869140625
7.0 10.917491999 205.28746032714844 130.1040496826172
8.0 10.917491999 88.37824249267578 117.43081665039062
9.0 10.917491999 165.9934539794922 138.94009399414062
10.0 10.917491999 116.5108642578125 141.31495666503906
11.0 10.917491999 91.77428436279297 114.976318359375
12.0 10.917491999 88.4464111328125 117.1604232788086
13.0 10.917491999 164.5955352783203 138.10511779785156
14.0 10.917491999 115.85321807861328 140.42544555664062
15.0 10.917491999 91.64844512939453 115.8463134765625
16.0 10.917491999 90.16622161865234 116.22486114501953
17.0 10.917491999 85.51734924316406 118.01747131347656
18.0 10.917491999 93.31599426269531 104.1675796508789
0.0 10.963557 49.48441696166992 112.23257446289062
1.0 10.963557 215.66177368164062 127.7550048828125
2.0 10.963557 187.66836547851562 128.34410095214844
3.0 10.963557 183.5581512451172 93.7171630859375
4.0 10.963557 637.03125 66.4998550415039
5.0 10.963557 163.7484588623047 143.51315307617188
6.0 10.963557 49.76115417480469 111.92765808105469
7.0 10.963557 203.2305908203125 137.61776733398438
8.0 10.963557 87.28170013427734 117.00433349609375
9.0 10.963557 163.50730895996094 143.8428192138672
10.0 10.963557 113.89639282226562 143.1363067626953
11.0 10.963557 90.75489807128906 114.92526245117188
12.0 10.963557 87.35121154785156 116.7379150390625
13.0 10.963557 162.15025329589844 142.9264373779297
14.0 10.963557 113.2490005493164 142.20223999023438
15.0 10.963557 90.5707778930664 115.75853729248047
16.0 10.963557 89.06977081298828 115.97671508789062
17.0 10.963557 84.58456420898438 117.45622253417969
18.0 10.963557 93.10118103027344 104.33056640625
0.0 11.009623 49.24849319458008 107.96237182617188
1.0 11.009623 214.2933349609375 134.81321716308594
2.0 11.009623 185.851806640625 134.3824920654297
3.0 11.009623 184.37266540527344 99.26543426513672
4.0 11.009623 629.09521484375 74.80307006835938
5.0 11.009623 161.28143310546875 147.25904846191406
6.0 11.009623 49.532127380371094 107.67605590820312
7.0 11.009623 200.8768768310547 144.19273376464844
8.0 11.009623 86.52804565429688 115.54619598388672
9.0 11.009623 161.00685119628906 147.58987426757812
10.0 11.009623 111.43473815917969 143.84457397460938
11.0 11.009623 90.08458709716797 113.87639617919922
12.0 11.009623 86.59696960449219 115.28617095947266
13.0 11.009623 159.69320678710938 146.56910705566406
14.0 11.009623 110.76669311523438 142.84881591796875
15.0 11.009623 89.82744598388672 114.67475128173828
16.0 11.009623 88.30948638916016 114.70380401611328
17.0 11.009623 84.04967498779297 115.84703063964844
18.0 11.009623 93.14808654785156 103.48918151855469
0.0 11.055688 47.36094665527344 101.85282135009766
1.0 11.055688 210.62376403808594 139.99813842773438
2.0 11.055688 181.6462860107422 138.45785522460938
3.0 11.055688 182.7764892578125 102.87171936035156
4.0 11.055688 640.3431396484375 76.14629364013672
5.0 11.055688 156.51353454589844 148.8903045654297
6.0 11.055688 47.649269104003906 101.583251953125
7.0 11.055688 196.16725158691406 148.75094604492188
8.0 11.055688 83.88414764404297 111.94290924072266
9.0 11.055688 156.22544860839844 149.2252960205078
10.0 11.055688 106.87734985351562 142.44309997558594
11.0 11.055688 87.4736557006836 110.72871398925781
12.0 11.055688 83.96038055419922 111.68378448486328
13.0 11.055688 154.96742248535156 148.14068603515625
14.0 11.055688 106.23596954345703 141.40274047851562
15.0 11.055688 87.18659210205078 111.49626922607422
16.0 11.055688 85.61639404296875 111.29405975341797
17.0 11.055688 81.57952117919922 112.13451385498047
18.0 11.055688 91.29893493652344 100.66876220703125
0.0 11.101752999 46.10699462890625 95.74876403808594
1.0 11.101752999 206.59197998046875 145.62635803222656
2.0 11.101752999 177.03150939941406 142.81983947753906
3.0 11.101752999 181.05294799804688 107.06487274169922
4.0 11.101752999 677.9009399414062 84.12593078613281
5.0 11.101752999 151.62579345703125 150.84170532226562
6.0 11.101752999 46.41276550292969 95.49571990966797
7.0 11.101752999 191.07569885253906 153.6364288330078
8.0 11.101752999 81.61543273925781 108.49420166015625
9.0 11.101752999 151.32240295410156 151.14938354492188
10.0 11.101752999 102.45024108886719 141.1737060546875
11.0 11.101752999 85.20032501220703 107.70697021484375
12.0 11.101752999 81.68611145019531 108.24021911621094
13.0 11.101752999 150.1645050048828 149.96817016601562
14.0 11.101752999 101.80265808105469 140.0640411376953
15.0 11.101752999 84.84539031982422 108.43091583251953
16.0 11.101752999 83.28412628173828 107.98137664794922
17.0 11.101752999 79.47622680664062 108.57746887207031
18.0 11.101752999 89.75205993652344 98.03144073486328
0.0 11.147818999 46.8918571472168 90.98072814941406
1.0 11.147818999 204.14053344726562 150.84762573242188
2.0 11.147818999 174.2788543701172 146.7700958251953
3.0 11.147818999 180.80081176757812 111.03556060791016
4.0 11.147818999 701.1030883789062 92.08698272705078
5.0 11.147818999 148.82455444335938 152.70449829101562
6.0 11.147818999 47.22871398925781 90.72998809814453
7.0 11.147818999 187.8860626220703 158.00315856933594
8.0 11.147818999 81.40996551513672 105.99510955810547
9.0 11.147818999 148.51536560058594 152.97848510742188
10.0 11.147818999 100.22972106933594 140.37191772460938
11.0 11.147818999 84.89002227783203 105.59698486328125
12.0 11.147818999 81.47229766845703 105.73731994628906
13.0 11.147818999 147.42706298828125 151.7422637939453
14.0 11.147818999 99.60318756103516 139.21563720703125
15.0 11.147818999 84.50476837158203 106.2802505493164
16.0 11.147818999 82.96320343017578 105.6010513305664
17.0 11.147818999 79.45268249511719 106.00624084472656
18.0 11.147818999 90.03215026855469 96.15715026855469
0.0 11.193884 49.93782424926758 86.98109436035156
1.0 11.193884 203.67874145507812 155.7626953125
2.0 11.193884 173.67166137695312 150.3685302734375
3.0 11.193884 182.51438903808594 114.89897155761719
4.0 11.193884 780.0671997070312 104.58671569824219
5.0 11.193884 148.31578063964844 154.48838806152344
6.0 11.193884 50.275386810302734 86.74454498291016
7.0 11.193884 186.8087615966797 162.12889099121094
8.0 11.193884 83.47770690917969 103.9439468383789
9.0 11.193884 147.9777069091797 154.75350952148438
10.0 11.193884 100.25611114501953 139.6779327392578
11.0 11.193884 86.8705062866211 103.80768585205078
12.0 11.193884 83.5354232788086 103.68936157226562
13.0 11.193884 146.97467041015625 153.46226501464844
14.0 11.193884 99.66659545898438 138.4924774169922
15.0 11.193884 86.46023559570312 104.47517395019531
16.0 11.193884 84.95824432373047 103.64580535888672
17.0 11.193884 81.68362426757812 103.90227508544922
18.0 11.193884 92.59132385253906 94.72225189208984
0.0 11.239948999 53.179134368896484 81.92621612548828
1.0 11.239948999 201.75711059570312 161.90863037109375
2.0 11.239948999 171.66217041015625 154.830322265625
3.0 11.239948999 183.3350830078125 119.85627746582031
4.0 11.239948999 791.0972900390625 113.86795806884766
5.0 11.239948999 146.54776000976562 156.6038055419922
6.0 11.239948999 53.50796127319336 81.70844268798828
7.0 11.239948999 184.16131591796875 167.22389221191406
8.0 11.239948999 85.26581573486328 101.41726684570312
9.0 11.239948999 146.20706176757812 156.84410095214844
10.0 11.239948999 99.49718475341797 138.79612731933594
11.0 11.239948999 88.51970672607422 101.58877563476562
12.0 11.239948999 85.32715606689453 101.16761779785156
13.0 11.239948999 145.31088256835938 155.4850616455078
14.0 11.239948999 98.96517944335938 137.58448791503906
15.0 11.239948999 88.07876586914062 102.24327087402344
16.0 11.239948999 86.63326263427734 101.2252426147461
17.0 11.239948999 83.69414520263672 101.3027114868164
18.0 11.239948999 94.9800796508789 92.94792175292969
0.0 11.286014999 54.549930572509766 76.91674041748047
1.0 11.286014999 197.81202697753906 166.76773071289062
2.0 11.286014999 167.54539489746094 158.13584899902344
3.0 11.286014999 181.73109436035156 123.9273910522461
4.0 11.286014999 809.8174438476562 121.10262298583984
5.0 11.286014999 142.76174926757812 157.8294677734375
6.0 11.286014999 54.90420150756836 76.71430206298828
7.0 11.286014999 179.4520263671875 170.99122619628906
8.0 11.286014999 85.09477996826172 98.55941772460938
9.0 11.286014999 142.41873168945312 158.05189514160156
10.0 11.286014999 96.79218292236328 137.16098022460938
11.0 11.286014999 88.24661254882812 98.9765853881836
12.0 11.286014999 85.15713500976562 98.31473541259766
13.0 11.286014999 141.62088012695312 156.6293182373047
14.0 11.286014999 96.34281921386719 135.9610137939453
15.0 11.286014999 87.77023315429688 99.60720825195312
16.0 11.286014999 86.39879608154297 98.44071197509766
17.0 11.286014999 83.72993469238281 98.3926773071289
18.0 11.286014999 95.3191909790039 90.87960815429688
0.0 11.33208 56.144283294677734 73.04438018798828
1.0 11.33208 193.7257537841797 171.67620849609375
2.0 11.33208 163.39382934570312 161.56813049316406
3.0 11.33208 179.94175720214844 128.24737548828125
4.0 11.33208 805.3877563476562 124.84600067138672
5.0 11.33208 139.0775146484375 159.46429443359375
6.0 11.33208 56.49167251586914 72.85005187988281
7.0 11.33208 174.82810974121094 174.89146423339844
8.0 11.33208 84.93941497802734 96.56069946289062
9.0 11.33208 138.727294921875 159.6581573486328
10.0 11.33208 94.2641830444336 136.2583770751953
11.0 11.33208 88.00188446044922 97.19593048095703
12.0 11.33208 85.00663757324219 96.3207015991211
13.0 11.33208 138.0155487060547 158.2175750732422
14.0 11.33208 93.85746765136719 135.0823516845703
15.0 11.33208 87.52432250976562 97.79087829589844
16.0 11.33208 86.20722961425781 96.50897216796875
17.0 11.33208 83.76748657226562 96.3487548828125
18.0 11.33208 95.58197784423828 89.662353515625
0.0 11.378146 57.83677291870117 67.96248626708984
1.0 11.378146 189.45541381835938 175.89376831054688
2.0 11.378146 159.2276153564453 163.1599884033203
3.0 11.378146 177.88720703125 130.84567260742188
4.0 11.378146 873.1123657226562 125.18362426757812
5.0 11.378146 135.5167694091797 159.28302001953125
6.0 11.378146 58.22217559814453 67.79318237304688
7.0 11.378146 160.0401611328125 180.7064666748047
8.0 11.378146 84.94271850585938 93.13031005859375
9.0 11.378146 135.1778564453125 159.47122192382812
10.0 11.378146 91.8816146850586 133.6836700439453
11.0 11.378146 87.9295425415039 93.94173431396484
12.0 11.378146 85.01205444335938 92.88264465332031
13.0 11.378146 134.54550170898438 157.98336791992188
14.0 11.378146 91.53922271728516 132.52447509765625
15.0 11.378146 87.443359375 94.51956939697266
16.0 11.378146 86.18038940429688 93.12480926513672
17.0 11.378146 83.91506958007812 92.88108825683594
18.0 11.378146 96.02931213378906 87.09546661376953
0.0 11.424210999 59.58524703979492 64.57654571533203
1.0 11.424210999 188.4621124267578 192.15472412109375
2.0 11.424210999 154.7097930908203 165.9586639404297
3.0 11.424210999 175.46340942382812 134.8074951171875
4.0 11.424210999 844.8001708984375 110.97920989990234
5.0 11.424210999 131.71652221679688 160.47012329101562
6.0 11.424210999 59.97109603881836 64.43212127685547
7.0 11.424210999 152.9803924560547 212.15475463867188
8.0 11.424210999 84.84580993652344 91.35360717773438
9.0 11.424210999 131.3899688720703 160.62698364257812
10.0 11.424210999 89.42439270019531 132.5874786376953
11.0 11.424210999 87.74951934814453 92.35177612304688
12.0 11.424210999 84.91844940185547 91.11749267578125
13.0 11.424210999 130.82972717285156 159.14407348632812
14.0 11.424210999 89.15283203125 131.45877075195312
15.0 11.424210999 87.26297760009766 92.8886947631836
16.0 11.424210999 86.04452514648438 91.41012573242188
17.0 11.424210999 83.94564056396484 91.08140563964844
18.0 11.424210999 96.29946899414062 86.09613037109375
0.0 11.470275999 63.2667121887207 62.535545349121094
1.0 11.470275999 344.0235290527344 222.30796813964844
2.0 11.470275999 151.2509765625 170.17221069335938
3.0 11.470275999 174.22463989257812 140.37649536132812
4.0 11.470275999 851.4385375976562 112.45547485351562
5.0 11.470275999 129.19741821289062 162.8906707763672
6.0 11.470275999 63.64278030395508 62.40251541137695
7.0 11.470275999 -33.48970031738281 131.23817443847656
8.0 11.470275999 86.5691146850586 90.85415649414062
9.0 11.470275999 128.8498077392578 163.0478515625
10.0 11.470275999 88.3904037475586 132.6529998779297
11.0 11.470275999 89.36701965332031 92.01901245117188
12.0 11.470275999 86.63996887207031 90.61744689941406
13.0 11.470275999 128.4091796875 161.5310821533203
14.0 11.470275999 88.19120788574219 131.53807067871094
15.0 11.470275999 88.84180450439453 92.53012084960938
16.0 11.470275999 87.70537567138672 90.9595947265625
17.0 11.470275999 85.74604797363281 90.55183410644531
18.0 11.470275999 98.21934509277344 86.43174743652344
0.0 11.516342 66.92108917236328 59.2554817199707
1.0 11.516342 362.7735290527344 222.30796813964844
2.0 11.516342 149.26902770996094 171.23988342285156
3.0 11.516342 173.80137634277344 142.5950927734375
4.0 11.516342 872.5361938476562 117.78436279296875
5.0 11.516342 127.91114807128906 162.73748779296875
6.0 11.516342 67.31211853027344 59.13349914550781
7.0 11.516342 -57.71097946166992 123.90855407714844
8.0 11.516342 88.7654800415039 88.6247329711914
9.0 11.516342 127.60054779052734 162.85252380371094
10.0 11.516342 88.4068374633789 130.684326171875
11.0 11.516342 91.47456359863281 89.90249633789062
12.0 11.516342 88.8377685546875 88.39462280273438
13.0 11.516342 127.23802185058594 161.34194946289062
14.0 11.516342 88.2676010131836 129.60140991210938
15.0 11.516342 90.95071411132812 90.38760375976562
16.0 11.516342 89.86326599121094 88.76026153564453
17.0 11.516342 88.01412200927734 88.31082916259766
18.0 11.516342 100.53600311279297 84.82695770263672
0.0 11.562407 71.59193420410156 58.870262145996094
1.0 11.562407 462.7735290527344 272.3079833984375
2.0 11.562407 148.5378875732422 174.93531799316406
3.0 11.562407 174.5408935546875 147.09002685546875
4.0 11.562407 890.5911865234375 125.32395935058594
5.0 11.562407 127.93592834472656 164.9933624267578
6.0 11.562407 71.98789978027344 58.769325256347656
7.0 11.562407 -81.40608215332031 120.99082946777344
8.0 11.562407 92.04363250732422 89.2231674194336
9.0 11.562407 127.65093994140625 165.08419799804688
10.0 11.562407 89.66839599609375 131.4133758544922
11.0 11.562407 94.63004302978516 90.57139587402344
12.0 11.562407 92.12517547607422 88.98802947998047
13.0 11.562407 127.36795043945312 163.55470275878906
14.0 11.562407 89.58641815185547 130.35682678222656
15.0 11.562407 94.11830139160156 91.05015563964844
16.0 11.562407 93.09330749511719 89.38555145263672
17.0 11.562407 91.3489761352539 88.87824249267578
18.0 11.562407 103.8858871459961 86.05675506591797
0.0 11.608471999 74.45598602294922 57.98525619506836
1.0 11.608471999 464.3360290527344 275.4329833984375
2.0 11.608471999 147.00860595703125 177.12109375
3.0 11.608471999 173.99282836914062 150.0644073486328
4.0 11.608471999 862.6644897460938 123.3525390625
5.0 11.608471999 126.93742370605469 166.17247009277344
6.0 11.608471999 74.84429931640625 57.89306640625
7.0 11.608471999 -107.91254425048828 117.99725341796875
8.0 11.608471999 93.67664337158203 89.00914001464844
9.0 11.608471999 126.6767807006836 166.24000549316406
10.0 11.608471999 89.69510650634766 131.30352783203125
11.0 11.608471999 96.19813537597656 90.43644714355469
12.0 11.608471999 93.74779510498047 88.77450561523438
13.0 11.608471999 126.4448471069336 164.7041015625
14.0 11.608471999 89.6541748046875 130.27772521972656
15.0 11.608471999 95.6641616821289 90.88358306884766
16.0 11.608471999 94.67993927001953 89.19718933105469
17.0 11.608471999 93.02638244628906 88.6688461303711
18.0 11.608471999 105.57672882080078 86.29463195800781
0.0 11.654537999 74.66384887695312 56.482845306396484
1.0 11.654537999 514.3360595703125 300.4329833984375
2.0 11.654537999 145.7263946533203 177.00607299804688
3.0 11.654537999 172.73004150390625 150.0948028564453
4.0 11.654537999 834.246826171875 123.50404357910156
5.0 11.654537999 125.53959655761719 165.4395294189453
6.0 11.654537999 75.06629180908203 56.40839767456055
7.0 11.654537999 -134.2720489501953 115.47535705566406
8.0 11.654537999 93.42391204833984 87.74434661865234
9.0 11.654537999 125.29591369628906 165.50282287597656
10.0 11.654537999 88.74920654296875 130.00180053710938
11.0 11.654537999 95.89067077636719 89.1886215209961
12.0 11.654537999 93.49534606933594 87.51700592041016
13.0 11.654537999 125.08075714111328 163.98358154296875
14.0 11.654537999 88.73605346679688 129.00555419921875
15.0 11.654537999 95.3701171875 89.6422348022461
16.0 11.654537999 94.3953857421875 87.94316864013672
17.0 11.654537999 92.7877197265625 87.39805603027344
18.0 11.654537999 105.31361389160156 85.21568298339844
0.0 11.700603 74.15802764892578 57.16566467285156
1.0 11.700603 314.3360595703125 300.4329833984375
2.0 11.700603 145.86007690429688 177.40859985351562
3.0 11.700603 172.57737731933594 150.2245635986328
4.0 11.700603 825.5765380859375 121.95973205566406
5.0 11.700603 125.34382629394531 165.864990234375
6.0 11.700603 74.53817749023438 57.07130813598633
7.0 11.700603 -161.9966278076172 117.25694274902344
8.0 11.700603 92.93037414550781 88.34960174560547
9.0 11.700603 125.11264038085938 165.9224395751953
10.0 11.700603 88.43124389648438 130.45648193359375
11.0 11.700603 95.42085266113281 89.77923583984375
12.0 11.700603 93.00430297851562 88.12155151367188
13.0 11.700603 124.91249084472656 164.41795349121094
14.0 11.700603 88.43329620361328 129.4952850341797
15.0 11.700603 94.87619018554688 90.25114440917969
16.0 11.700603 93.86028289794922 88.55638122558594
17.0 11.700603 92.32940673828125 87.99471282958984
18.0 11.700603 104.84402465820312 85.71255493164062
0.0 11.746667999 72.89422607421875 59.3103141784668
1.0 11.746667999 364.3360595703125 362.9329833984375
2.0 11.746667999 148.65049743652344 177.4700927734375
3.0 11.746667999 174.3302764892578 149.1655731201172
4.0 11.746667999 847.25439453125 118.87397766113281
5.0 11.746667999 127.26869201660156 166.4886932373047
6.0 11.746667999 73.29347229003906 59.21941375732422
7.0 11.746667999 -187.6713104248047 122.28433990478516
8.0 11.746667999 92.71041870117188 89.9796142578125
9.0 11.746667999 127.05525207519531 166.53680419921875
10.0 11.746667999 89.48462677001953 131.9661102294922
11.0 11.746667999 95.30883026123047 91.34615325927734
12.0 11.746667999 92.77079772949219 89.7472915649414
13.0 11.746667999 126.86064147949219 165.02481079101562
14.0 11.746667999 89.49492645263672 131.01913452148438
15.0 11.746667999 94.7565689086914 91.81563568115234
16.0 11.746667999 93.65267944335938 90.1841049194336
17.0 11.746667999 92.10417938232422 89.63917541503906
18.0 11.746667999 104.64142608642578 86.83880615234375
0.0 11.792733999 71.86079406738281 61.99896240234375
1.0 11.792733999 401.8360595703125 400.4329833984375
2.0 11.792733999 154.8104705810547 175.80958557128906
3.0 11.792733999 178.32955932617188 145.95730590820312
4.0 11.792733999 918.1902465820312 121.99609375
5.0 11.792733999 131.8625946044922 166.17974853515625
6.0 11.792733999 72.25074005126953 61.88529586791992
7.0 11.792733999 -226.24530029296875 118.62409210205078
8.0 11.792733999 93.54493713378906 91.68556213378906
9.0 11.792733999 131.6786651611328 166.20779418945312
10.0 11.792733999 92.6784439086914 133.28802490234375
11.0 11.792733999 96.32356262207031 92.88676452636719
12.0 11.792733999 93.5943603515625 91.4607162475586
13.0 11.792733999 131.49310302734375 164.69154357910156
14.0 11.792733999 92.67093658447266 132.34182739257812
15.0 11.792733999 95.7642822265625 93.40345001220703
16.0 11.792733999 94.52633666992188 91.85071563720703
17.0 11.792733999 92.91718292236328 91.3664321899414
18.0 11.792733999 105.46670532226562 87.70188903808594
0.0 11.838799 72.66688537597656 65.22716522216797
1.0 11.838799 476.8360595703125 412.9329833984375
2.0 11.838799 162.0393524169922 174.24705505371094
3.0 11.838799 184.06968688964844 142.5211944580078
4.0 11.838799 848.4603881835938 128.1303253173828
5.0 11.838799 138.37005615234375 165.78480529785156
6.0 11.838799 73.041015625 65.09674072265625
7.0 11.838799 -239.30995178222656 128.2960205078125
8.0 11.838799 96.22566986083984 93.71150970458984
9.0 11.838799 138.18946838378906 165.82162475585938
10.0 11.838799 97.75677490234375 134.7914276123047
11.0 11.838799 99.16236877441406 94.72077941894531
12.0 11.838799 96.26763153076172 93.48624420166016
13.0 11.838799 137.97283935546875 164.32937622070312
14.0 11.838799 97.72457122802734 133.8500213623047
15.0 11.838799 98.60743713378906 95.28299713134766
16.0 11.838799 97.2480697631836 93.82246398925781
17.0 11.838799 95.5821762084961 93.40977478027344
18.0 11.838799 107.99605560302734 88.7821273803711
0.0 11.884865 72.37544250488281 66.69862365722656
1.0 11.884865 476.8360595703125 487.9329833984375
2.0 11.884865 166.04989624023438 172.06198120117188
3.0 11.884865 186.88963317871094 139.38487243652344
4.0 11.884865 890.8656005859375 123.31716918945312
5.0 11.884865 141.8975067138672 164.8632049560547
6.0 11.884865 72.71430206298828 66.55472564697266
7.0 11.884865 -265.8254699707031 129.7594757080078
8.0 11.884865 97.2711410522461 94.33014678955078
9.0 11.884865 141.7306671142578 164.88320922851562
10.0 11.884865 100.36590576171875 134.9678955078125
11.0 11.884865 100.31017303466797 95.18558502197266
12.0 11.884865 97.30455017089844 94.10057067871094
13.0 11.884865 141.50994873046875 163.3656463623047
14.0 11.884865 100.32708740234375 134.04673767089844
15.0 11.884865 99.75843048095703 95.75928497314453
16.0 11.884865 98.32125854492188 94.39878845214844
17.0 11.884865 96.62673950195312 94.04586791992188
18.0 11.884865 108.94293212890625 88.76390838623047
0.0 11.93093 69.90403747558594 66.66177368164062
1.0 11.93093 576.8360595703125 887.9329833984375
2.0 11.93093 167.8894500732422 167.79855346679688
3.0 11.93093 187.42898559570312 134.12026977539062
4.0 11.93093 912.567138671875 116.25244140625
5.0 11.93093 143.31765747070312 161.7964324951172
6.0 11.93093 70.25709533691406 66.50984191894531
7.0 11.93093 -291.22198486328125 131.90245056152344
8.0 11.93093 96.00940704345703 93.17035675048828
9.0 11.93093 143.1541748046875 161.8207244873047
10.0 11.93093 100.80148315429688 133.2762908935547
11.0 11.93093 99.15110778808594 93.83868408203125
12.0 11.93093 96.03561401367188 92.93451690673828
13.0 11.93093 142.89724731445312 160.29908752441406
14.0 11.93093 100.74491119384766 132.3656463623047
15.0 11.93093 98.61045837402344 94.4525375366211
16.0 11.93093 97.105712890625 93.17693328857422
17.0 11.93093 95.38831329345703 92.90843200683594
18.0 11.93093 107.514892578125 87.00314331054688
0.0 11.976994999 68.91165924072266 72.18922424316406
1.0 11.976994999 551.8360595703125 812.9329833984375
2.0 11.976994999 175.0514678955078 164.69422912597656
3.0 11.976994999 191.8341827392578 129.3486785888672
4.0 11.976994999 939.5150756835938 108.05718231201172
5.0 11.976994999 149.64102172851562 160.99273681640625
6.0 11.976994999 69.24993133544922 72.00200653076172
7.0 11.976994999 -336.7627258300781 129.15789794921875
8.0 11.976994999 97.44287872314453 96.56390380859375
9.0 11.976994999 149.4878387451172 161.01589965820312
10.0 11.976994999 105.42800903320312 135.53558349609375
11.0 11.976994999 100.67362213134766 96.9491958618164
12.0 11.976994999 97.45581817626953 96.33771514892578
13.0 11.976994999 149.19973754882812 159.48179626464844
14.0 11.976994999 105.33159637451172 134.64373779296875
15.0 11.976994999 100.18778228759766 97.60488891601562
16.0 11.976994999 98.56769561767578 96.48009490966797
17.0 11.976994999 96.77729797363281 96.36251068115234
18.0 11.976994999 108.44341278076172 89.11429595947266
0.0 12.023060999 67.01356506347656 76.09016418457031
1.0 12.023060999 554.9610595703125 5612.93310546875
2.0 12.023060999 178.4351806640625 164.14968872070312
3.0 12.023060999 195.58523559570312 119.18881225585938
4.0 12.023060999 1119.332275390625 128.75697326660156
5.0 12.023060999 156.50994873046875 155.82833862304688
6.0 12.023060999 67.31888580322266 75.86734008789062
7.0 12.023060999 -355.89569091796875 122.8584976196289
8.0 12.023060999 98.4085693359375 97.23717498779297
9.0 12.023060999 156.36279296875 155.85546875
10.0 12.023060999 110.39075469970703 134.44534301757812
11.0 12.023060999 101.72396087646484 97.19441223144531
12.0 12.023060999 98.40885162353516 97.00558471679688
13.0 12.023060999 155.94911193847656 154.3367156982422
14.0 12.023060999 110.24398803710938 133.5357666015625
15.0 12.023060999 101.28417205810547 97.86221313476562
16.0 12.023060999 99.58565521240234 96.98590087890625
17.0 12.023060999 97.65605926513672 97.10725402832031
18.0 12.023060999 108.55326843261719 88.36354064941406
0.0 12.069126 64.44383239746094 81.45043182373047
1.0 12.069126 554.9610595703125 5612.93310546875
2.0 12.069126 186.01019287109375 154.85092163085938
3.0 12.069126 197.51210021972656 107.9418716430664
4.0 12.069126 1038.9500732421875 158.52052307128906
5.0 12.069126 162.69325256347656 149.82852172851562
6.0 12.069126 64.69126892089844 81.20552062988281
7.0 12.069126 -378.4898376464844 127.16179656982422
8.0 12.069126 98.71336364746094 98.53850555419922
9.0 12.069126 162.54798889160156 149.85943603515625
10.0 12.069126 114.78587341308594 133.23178100585938
11.0 12.069126 102.117431640625 97.95762634277344
12.0 12.069126 98.705078125 98.31983947753906
13.0 12.069126 162.01219177246094 148.36553955078125
14.0 12.069126 114.58362579345703 132.29563903808594
15.0 12.069126 101.69601440429688 98.66808319091797
16.0 12.069126 99.9542236328125 98.10115051269531
17.0 12.069126 97.86457061767578 98.53359985351562
18.0 12.069126 107.67884063720703 88.15179443359375
0.0 12.115190999 63.70210647583008 88.44249725341797
1.0 12.115190999 554.9610595703125 5612.93310546875
2.0 12.115190999 192.77944946289062 147.77716064453125
3.0 12.115190999 199.00987243652344 99.66749572753906
4.0 12.115190999 1103.229248046875 391.43994140625
5.0 12.115190999 168.5218963623047 145.86155700683594
6.0 12.115190999 63.93181228637695 88.17073822021484
7.0 12.115190999 -402.0066223144531 132.61083984375
8.0 12.115190999 99.99620819091797 101.61897277832031
9.0 12.115190999 168.3793182373047 145.89779663085938
10.0 12.115190999 119.43856811523438 133.75106811523438
11.0 12.115190999 103.43717193603516 100.59589385986328
12.0 12.115190999 99.98299407958984 101.40438842773438
13.0 12.115190999 167.6960906982422 144.43028259277344
14.0 12.115190999 119.19074249267578 132.81045532226562
15.0 12.115190999 103.06437683105469 101.3246078491211
16.0 12.115190999 101.29420471191406 100.99911499023438
17.0 12.115190999 99.0836181640625 101.74515533447266
18.0 12.115190999 107.70056915283203 90.09542083740234
0.0 12.161256999 64.15576934814453 92.53267669677734
1.0 12.161256999 529.6650390625 5612.93310546875
2.0 12.161256999 196.3251190185547 144.6822967529297
3.0 12.161256999 199.7677764892578 96.21334075927734
4.0 12.161256999 1077.9332275390625 391.43994140625
5.0 12.161256999 171.7339630126953 144.42149353027344
6.0 12.161256999 64.36295318603516 92.25725555419922
7.0 12.161256999 -422.1728820800781 137.3559112548828
8.0 12.161256999 101.19808959960938 103.70281982421875
9.0 12.161256999 171.5908966064453 144.4540557861328
10.0 12.161256999 122.28691864013672 134.47093200683594
11.0 12.161256999 104.6640396118164 102.46914672851562
12.0 12.161256999 101.18473815917969 103.48902130126953
13.0 12.161256999 170.8296356201172 142.99063110351562
14.0 12.161256999 122.00383758544922 133.52908325195312
15.0 12.161256999 104.30414581298828 103.18414306640625
16.0 12.161256999 102.5198974609375 102.9807357788086
17.0 12.161256999 100.25853729248047 103.91402435302734
18.0 12.161256999 108.3349838256836 91.69293975830078
0.0 12.207322 62.92287063598633 95.88249206542969
1.0 12.207322 529.6650390625 12012.93359375
2.0 12.207322 197.0486297607422 142.77537536621094
3.0 12.207322 198.55873107910156 94.09813690185547
4.0 12.207322 1077.9332275390625 6791.43994140625
5.0 12.207322 172.4466094970703 143.5840606689453
6.0 12.207322 63.13323974609375 95.5932388305664
7.0 12.207322 -448.23944091796875 143.12269592285156
8.0 12.207322 100.41371154785156 105.5390625
9.0 12.207322 172.3013153076172 143.61935424804688
10.0 12.207322 122.52638244628906 135.23760986328125
11.0 12.207322 103.884765625 104.145751953125
12.0 12.207322 100.39962768554688 105.325439453125
13.0 12.207322 171.46902465820312 142.1788330078125
14.0 12.207322 122.23524475097656 134.30563354492188
15.0 12.207322 103.52552032470703 104.8458480834961
16.0 12.207322 101.74066925048828 104.72916412353516
17.0 12.207322 99.47107696533203 105.81267547607422
18.0 12.207322 107.11664581298828 93.21832275390625
0.0 12.253388 63.981231689453125 101.10453033447266
1.0 12.253388 829.6650390625 12112.93359375
2.0 12.253388 199.90536499023438 141.7652587890625
3.0 12.253388 199.28419494628906 92.97319030761719
4.0 12.253388 1377.9332275390625 6891.43994140625
5.0 12.253388 175.3043975830078 143.8490753173828
6.0 12.253388 64.17263793945312 100.79903411865234
7.0 12.253388 -461.88116455078125 131.80564880371094
8.0 12.253388 101.94479370117188 109.08407592773438
9.0 12.253388 175.16371154785156 143.8896026611328
10.0 12.253388 125.21792602539062 137.6256561279297
11.0 12.253388 105.41937255859375 107.50440979003906
12.0 12.253388 101.92925262451172 108.86077117919922
13.0 12.253388 174.23460388183594 142.49330139160156
14.0 12.253388 124.8968276977539 136.69479370117188
15.0 12.253388 105.08006286621094 108.22737121582031
16.0 12.253388 103.2970199584961 108.19852447509766
17.0 12.253388 101.01589965820312 109.42443084716797
18.0 12.253388 108.0436019897461 96.32827758789062
0.0 12.299452999 64.0374526977539 103.14498901367188
1.0 12.299452999 829.6650390625 12112.93359375
2.0 12.299452999 202.3607940673828 135.77593994140625
3.0 12.299452999 198.75352478027344 86.9008560180664
4.0 12.299452999 1377.9332275390625 6891.43994140625
5.0 12.299452999 177.649658203125 139.34640502929688
6.0 12.299452999 64.20100402832031 102.83240509033203
7.0 12.299452999 -480.77630615234375 137.69598388671875
8.0 12.299452999 102.53265380859375 108.74830627441406
9.0 12.299452999 177.5206756591797 139.37921142578125
10.0 12.299452999 127.30760955810547 135.56004333496094
11.0 12.299452999 105.9560546875 106.88847351074219
12.0 12.299452999 102.51557159423828 108.5363540649414
13.0 12.299452999 176.49356079101562 138.01568603515625
14.0 12.299452999 126.97109985351562 134.65274047851562
15.0 12.299452999 105.6247329711914 107.61060333251953
16.0 12.299452999 103.8712158203125 107.73973846435547
17.0 12.299452999 101.57660675048828 109.17452239990234
18.0 12.299452999 107.88375091552734 95.5262680053711
0.0 12.345517999 62.7322998046875 104.18185424804688
1.0 12.345517999 929.6650390625 12131.68359375
2.0 12.345517999 202.3198699951172 129.8579559326172
3.0 12.345517999 196.41018676757812 81.12244415283203
4.0 12.345517999 1477.9332275390625 6910.18994140625
5.0 12.345517999 177.80531311035156 134.6868438720703
6.0 12.345517999 62.86970901489258 103.86103820800781
7.0 12.345517999 -508.60821533203125 143.8600616455078
8.0 12.345517999 101.55265808105469 107.68832397460938
9.0 12.345517999 177.66854858398438 134.72169494628906
10.0 12.345517999 127.37823486328125 133.07801818847656
11.0 12.345517999 104.92070770263672 105.6400146484375
12.0 12.345517999 101.53173065185547 107.47911071777344
13.0 12.345517999 176.57847595214844 133.40185546875
14.0 12.345517999 127.03584289550781 132.20419311523438
15.0 12.345517999 104.61683654785156 106.37348175048828
16.0 12.345517999 102.87372589111328 106.60553741455078
17.0 12.345517999 100.59591674804688 108.1861801147461
18.0 12.345517999 106.25802612304688 94.1430435180664
0.0 12.391583999 64.46730041503906 107.63113403320312
1.0 12.391583999 225.6650390625 12339.68359375
2.0 12.391583999 205.21368408203125 126.70057678222656
3.0 12.391583999 196.92552185058594 78.09568786621094
4.0 12.391583999 677.9332275390625 6710.18994140625
5.0 12.391583999 180.7703399658203 132.7207489013672
6.0 12.391583999 64.58757019042969 107.3238754272461
7.0 12.391583999 -539.821533203125 145.1243133544922
8.0 12.391583999 103.49188995361328 109.24128723144531
9.0 12.391583999 180.63157653808594 132.75584411621094
10.0 12.391583999 130.38258361816406 133.18417358398438
11.0 12.391583999 106.8058090209961 106.99899291992188
12.0 12.391583999 103.4686508178711 109.02255249023438
13.0 12.391583999 179.4552001953125 131.5047607421875
14.0 12.391583999 130.02215576171875 132.33560180664062
15.0 12.391583999 106.51732635498047 107.73321533203125
16.0 12.391583999 104.77925872802734 108.07063293457031
17.0 12.391583999 102.53765106201172 109.78084564208984
18.0 12.391583999 107.55669403076172 95.4061508178711
0.0 12.437649 65.15229034423828 109.07394409179688
1.0 12.437649 223.66513061523438 12554.6240234375
2.0 12.437649 206.3629608154297 123.48604583740234
3.0 12.437649 196.5176544189453 75.03826141357422
4.0 12.437649 877.9332275390625 6910.18994140625
5.0 12.437649 182.11016845703125 130.32455444335938
6.0 12.437649 65.26631927490234 108.75035858154297
7.0 12.437649 -564.5753173828125 148.36257934570312
8.0 12.437649 104.23670196533203 109.31375885009766
9.0 12.437649 181.94808959960938 130.36962890625
10.0 12.437649 131.7341766357422 132.2591094970703
11.0 12.437649 107.50609588623047 106.93135070800781
12.0 12.437649 104.21054077148438 109.10079956054688
13.0 12.437649 180.71743774414062 129.14739990234375
14.0 12.437649 131.3834228515625 131.43722534179688
15.0 12.437649 107.23050689697266 107.67290496826172
16.0 12.437649 105.49359893798828 108.0848388671875
17.0 12.437649 103.29727172851562 109.89793395996094
18.0 12.437649 107.77251434326172 95.29994201660156
0.0 12.483713999 64.90486145019531 111.39368438720703
1.0 12.483713999 235.70294189453125 12546.001953125
2.0 12.483713999 206.53392028808594 122.59839630126953
3.0 12.483713999 195.5243377685547 74.26667785644531
4.0 12.483713999 915.4332275390625 7110.18994140625
5.0 12.483713999 182.46875 130.0480194091797
6.0 12.483713999 65.02059173583984 111.07137298583984
7.0 12.483713999 -590.8010864257812 153.11895751953125
8.0 12.483713999 104.04951477050781 110.7188949584961
9.0 12.483713999 182.3258819580078 130.08677673339844
10.0 12.483713999 132.0061798095703 132.9503936767578
11.0 12.483713999 107.30597686767578 108.25244140625
12.0 12.483713999 104.02008819580078 110.51321411132812
13.0 12.483713999 181.03665161132812 128.88217163085938
14.0 12.483713999 131.62994384765625 132.14553833007812
15.0 12.483713999 107.01126861572266 108.98886108398438
16.0 12.483713999 105.2951889038086 109.44507598876953
17.0 12.483713999 103.12378692626953 111.3519058227539
18.0 12.483713999 107.2756118774414 96.5330581665039
0.0 12.529779999 62.74488067626953 112.64860534667969
1.0 12.529779999 233.87269592285156 12570.01171875
2.0 12.529779999 204.40896606445312 122.9886245727539
3.0 12.529779999 193.1067657470703 74.8741455078125
4.0 12.529779999 913.8707275390625 7119.56494140625
5.0 12.529779999 180.39306640625 130.6010284423828
6.0 12.529779999 62.84425354003906 112.33807373046875
7.0 12.529779999 -618.765625 154.88369750976562
8.0 12.529779999 101.76879119873047 111.71102905273438
9.0 12.529779999 180.24794006347656 130.635009765625
10.0 12.529779999 129.8941192626953 133.7894287109375
11.0 12.529779999 105.05760955810547 109.25468444824219
12.0 12.529779999 101.73982238769531 111.50727844238281
13.0 12.529779999 178.92892456054688 129.45701599121094
14.0 12.529779999 129.51278686523438 132.98924255371094
15.0 12.529779999 104.73877716064453 109.98628997802734
16.0 12.529779999 103.01256561279297 110.42838287353516
17.0 12.529779999 100.848876953125 112.355224609375
18.0 12.529779999 104.95745849609375 97.56817626953125
0.0 12.575845 61.29812240600586 112.4633560180664
1.0 12.575845 231.8181915283203 12594.173828125
2.0 12.575845 202.9550323486328 123.07337188720703
3.0 12.575845 191.7089080810547 74.6979751586914
4.0 12.575845 888.8707275390625 7169.56494140625
5.0 12.575845 178.95944213867188 130.518310546875
6.0 12.575845 61.39569091796875 112.14836120605469
7.0 12.575845 -652.591552734375 158.77984619140625
8.0 12.575845 100.25238037109375 111.47247314453125
9.0 12.575845 178.79998779296875 130.552490234375
10.0 12.575845 128.3153839111328 133.65696716308594
11.0 12.575845 103.52247619628906 109.02694702148438
12.0 12.575845 100.22283172607422 111.26717376708984
13.0 12.575845 177.47950744628906 129.35498046875
14.0 12.575845 127.92584991455078 132.85948181152344
15.0 12.575845 103.20993041992188 109.75762176513672
16.0 12.575845 101.46111297607422 110.18742370605469
17.0 12.575845 99.34661102294922 112.1195297241211
18.0 12.575845 103.4273452758789 97.36510467529297
0.0 12.621911 60.505428314208984 111.40635681152344
1.0 12.621911 229.8680877685547 12626.76171875
2.0 12.621911 202.0776824951172 123.6730728149414
3.0 12.621911 191.45254516601562 75.2965316772461
4.0 12.621911 913.8707275390625 7269.56494140625
5.0 12.621911 178.12844848632812 130.8801727294922
6.0 12.621911 60.600250244140625 111.09095764160156
7.0 12.621911 -714.944091796875 273.5467834472656
8.0 12.621911 99.46949005126953 110.83527374267578
9.0 12.621911 177.9589385986328 130.9241180419922
10.0 12.621911 127.31596374511719 133.4208526611328
11.0 12.621911 102.78803253173828 108.48719024658203
12.0 12.621911 99.44310760498047 110.63121032714844
13.0 12.621911 176.62442016601562 129.7112274169922
14.0 12.621911 126.9245834350586 132.61936950683594
15.0 12.621911 102.44666290283203 109.20481872558594
16.0 12.621911 100.6779556274414 109.57884216308594
17.0 12.621911 98.57444763183594 111.4763412475586
18.0 12.621911 102.82192993164062 96.81767272949219
0.0 12.667975999 58.4791259765625 109.73609924316406
1.0 12.667975999 224.31614685058594 12652.373046875
2.0 12.667975999 199.546875 127.4021987915039
3.0 12.667975999 190.78053283691406 78.79255676269531
4.0 12.667975999 763.8707275390625 7569.56494140625
5.0 12.667975999 175.45755004882812 133.60562133789062
6.0 12.667975999 58.57279586791992 109.42825317382812
7.0 12.667975999 -714.944091796875 373.5467834472656
8.0 12.667975999 97.37847900390625 110.65630340576172
9.0 12.667975999 175.30101013183594 133.63299560546875
10.0 12.667975999 124.4767837524414 134.4977264404297
11.0 12.667975999 100.76155090332031 108.52841186523438
12.0 12.667975999 97.35376739501953 110.45537567138672
13.0 12.667975999 173.94680786132812 132.38478088378906
14.0 12.667975999 124.0880355834961 133.6854705810547
15.0 12.667975999 100.381591796875 109.20948791503906
16.0 12.667975999 98.60074615478516 109.48644256591797
17.0 12.667975999 96.50316619873047 111.2682876586914
18.0 12.667975999 101.24910736083984 96.9606704711914
0.0 12.714040999 55.01264572143555 105.70732879638672
1.0 12.714040999 276.52685546875 12470.154296875
2.0 12.714040999 194.54779052734375 133.09165954589844
3.0 12.714040999 189.08673095703125 84.22378540039062
4.0 12.714040999 763.8707275390625 7669.56494140625
5.0 12.714040999 170.33551025390625 137.5513153076172
6.0 12.714040999 55.12384033203125 105.40116882324219
7.0 12.714040999 -739.944091796875 398.5467834472656
8.0 12.714040999 93.58777618408203 109.27887725830078
9.0 12.714040999 170.1646270751953 137.57635498046875
10.0 12.714040999 119.11788940429688 135.2303009033203
11.0 12.714040999 97.10203552246094 107.53657531738281
12.0 12.714040999 93.57015228271484 109.06867980957031
13.0 12.714040999 168.8343963623047 136.25833129882812
14.0 12.714040999 118.71170806884766 134.36900329589844
15.0 12.714040999 96.640380859375 108.1571044921875
16.0 12.714040999 94.84551239013672 108.25337982177734
17.0 12.714040999 92.75626373291016 109.80809020996094
18.0 12.714040999 98.32952880859375 96.16178131103516
0.0 12.760107 52.225059509277344 103.15923309326172
1.0 12.760107 244.52685546875 12470.154296875
2.0 12.760107 189.40284729003906 140.26792907714844
3.0 12.760107 187.25729370117188 91.38483428955078
4.0 12.760107 363.8707275390625 7669.56494140625
5.0 12.760107 165.1510467529297 143.10256958007812
6.0 12.760107 52.33033752441406 102.84996795654297
7.0 12.760107 -589.944091796875 548.5467529296875
8.0 12.760107 90.24545288085938 109.54047393798828
9.0 12.760107 164.95892333984375 143.1221160888672
10.0 12.760107 114.0169677734375 137.58311462402344
11.0 12.760107 93.80440521240234 108.20812225341797
12.0 12.760107 90.22880554199219 109.33783721923828
13.0 12.760107 163.6752471923828 141.69052124023438
14.0 12.760107 113.62875366210938 136.68478393554688
15.0 12.760107 93.32366943359375 108.76519775390625
16.0 12.760107 91.50946044921875 108.65624237060547
17.0 12.760107 89.44734191894531 110.0042724609375
18.0 12.760107 95.74961853027344 96.95545959472656
0.0 12.806172 49.60540008544922 100.56211853027344
1.0 12.806172 469.88519287109375 12538.125
2.0 12.806172 184.43902587890625 145.17129516601562
3.0 12.806172 184.927001953125 96.34961700439453
4.0 12.806172 563.8707275390625 7744.56494140625
5.0 12.806172 160.2759552001953 146.52239990234375
6.0 12.806172 49.71041488647461 100.26876068115234
7.0 12.806172 -1837.944091796875 164.5467529296875
8.0 12.806172 87.07990264892578 109.03512573242188
9.0 12.806172 160.08505249023438 146.5303497314453
10.0 12.806172 109.35869598388672 138.61944580078125
11.0 12.806172 90.67742919921875 108.03170013427734
12.0 12.806172 87.06649780273438 108.82209777832031
13.0 12.806172 158.84571838378906 145.0630340576172
14.0 12.806172 108.96714782714844 137.68313598632812
15.0 12.806172 90.16724395751953 108.57402801513672
16.0 12.806172 88.33639526367188 108.2800064086914
17.0 12.806172 86.31405639648438 109.47239685058594
18.0 12.806172 93.16163635253906 96.93183135986328
