0.0 0.368307001 199.0 142.0
1.0 0.368307001 112.0 131.0
2.0 0.368307001 143.0 55.0
3.0 0.368307001 128.0 57.0
4.0 0.368307001 192.0 86.0
5.0 0.368307001 111.60000610351562 130.8000030517578
6.0 0.368307001 142.8000030517578 55.20000076293945
7.0 0.368307001 192.0 86.4000015258789
8.0 0.368307001 128.40000915527344 63.60000228881836
9.0 0.368307001 144.0 54.720001220703125
10.0 0.368307001 128.16000366210938 56.160003662109375
11.0 0.368307001 56.160003662109375 59.040000915527344
12.0 0.368307001 54.720001220703125 118.08000183105469
13.0 0.368307001 136.5120086669922 60.48000717163086
14.0 0.368307001 143.42401123046875 60.48000717163086
15.0 0.368307001 127.87200927734375 62.2080078125
0.0 0.412372001 198.5142822265625 141.39144897460938
1.0 0.412372001 111.45203399658203 130.44061279296875
2.0 0.412372001 142.3621368408203 54.38447952270508
3.0 0.412372001 127.3491439819336 56.4052848815918
4.0 0.412372001 191.41648864746094 85.41453552246094
5.0 0.412372001 111.05768585205078 130.21044921875
6.0 0.412372001 142.16847229003906 54.54035186767578
7.0 0.412372001 191.42169189453125 85.80236053466797
8.0 0.412372001 127.74958038330078 63.043739318847656
9.0 0.412372001 143.3583221435547 54.136505126953125
10.0 0.412372001 127.49932861328125 55.560890197753906
11.0 0.412372001 55.63140106201172 58.6317024230957
12.0 0.412372001 54.217552185058594 117.61377716064453
13.0 0.412372001 135.84771728515625 59.84646987915039
14.0 0.412372001 142.75473022460938 59.862552642822266
15.0 0.412372001 127.27994537353516 61.604549407958984
0.0 0.456437 197.84207153320312 140.97378540039062
1.0 0.456437 110.64167785644531 130.22866821289062
2.0 0.456437 141.36289978027344 54.12282943725586
3.0 0.456437 126.31763458251953 56.19364547729492
4.0 0.456437 190.5819091796875 84.98556518554688
5.0 0.456437 110.25773620605469 130.0069122314453
6.0 0.456437 141.1693115234375 54.27708435058594
7.0 0.456437 190.58689880371094 85.38439178466797
8.0 0.456437 126.71588897705078 62.94242858886719
9.0 0.456437 142.35617065429688 53.88391876220703
10.0 0.456437 126.47537994384766 55.388885498046875
11.0 0.456437 54.81889724731445 58.70433807373047
12.0 0.456437 53.51405334472656 117.63661193847656
13.0 0.456437 134.8427276611328 59.63105773925781
14.0 0.456437 141.7345733642578 59.648494720458984
15.0 0.456437 126.29199981689453 61.45851516723633
0.0 0.500503 196.4894256591797 141.042236328125
1.0 0.500503 109.16354370117188 130.17767333984375
2.0 0.500503 139.9035186767578 54.06993103027344
3.0 0.500503 124.861083984375 56.09588623046875
4.0 0.500503 189.249755859375 85.00404357910156
5.0 0.500503 108.75642395019531 129.94964599609375
6.0 0.500503 139.70924377441406 54.21965408325195
7.0 0.500503 189.2567596435547 85.39799499511719
8.0 0.500503 125.29474639892578 62.912811279296875
9.0 0.500503 140.89268493652344 53.86170959472656
10.0 0.500503 125.04593658447266 55.356807708740234
11.0 0.500503 53.58406066894531 58.684356689453125
12.0 0.500503 52.17121124267578 117.56903839111328
13.0 0.500503 133.38223266601562 59.558258056640625
14.0 0.500503 140.2572784423828 59.57455825805664
15.0 0.500503 124.89046478271484 61.37701416015625
0.0 0.544568 194.08274841308594 141.64352416992188
1.0 0.544568 106.59319305419922 130.27499389648438
2.0 0.544568 137.87835693359375 54.342041015625
3.0 0.544568 122.77307891845703 56.283973693847656
4.0 0.544568 187.13311767578125 85.51014709472656
5.0 0.544568 106.20819854736328 130.0428466796875
6.0 0.544568 137.68582153320312 54.466609954833984
7.0 0.544568 187.1375732421875 85.89970397949219
8.0 0.544568 123.17434692382812 63.22880172729492
9.0 0.544568 138.86614990234375 54.16516876220703
10.0 0.544568 122.96405792236328 55.560394287109375
11.0 0.544568 51.84465408325195 58.50764465332031
12.0 0.544568 49.951351165771484 117.31433868408203
13.0 0.544568 131.2854766845703 59.80525207519531
14.0 0.544568 138.18255615234375 59.86692810058594
15.0 0.544568 122.829833984375 61.590599060058594
0.0 0.588633001 191.37779235839844 142.38705444335938
1.0 0.588633001 103.65218353271484 130.85708618164062
2.0 0.588633001 135.05706787109375 54.91851043701172
3.0 0.588633001 119.92237091064453 56.80247116088867
4.0 0.588633001 184.35342407226562 86.26188659667969
5.0 0.588633001 103.27183532714844 130.6212158203125
6.0 0.588633001 134.85789489746094 55.04789733886719
7.0 0.588633001 184.36221313476562 86.6430892944336
8.0 0.588633001 120.30265808105469 63.84916305541992
9.0 0.588633001 136.0416259765625 54.76468276977539
10.0 0.588633001 120.1327896118164 56.16088104248047
11.0 0.588633001 49.357879638671875 59.050880432128906
12.0 0.588633001 47.30485534667969 117.8474349975586
13.0 0.588633001 128.40924072265625 60.38936233520508
14.0 0.588633001 135.30984497070312 60.46260070800781
15.0 0.588633001 120.02162170410156 62.15993118286133
0.0 0.632699001 187.87991333007812 142.31146240234375
1.0 0.632699001 99.86491394042969 130.8749542236328
2.0 0.632699001 131.09718322753906 54.87035369873047
3.0 0.632699001 115.92024993896484 56.778385162353516
4.0 0.632699001 180.66172790527344 86.00943756103516
5.0 0.632699001 99.4792709350586 130.64427185058594
6.0 0.632699001 130.8969268798828 54.986026763916016
7.0 0.632699001 180.66990661621094 86.40192413330078
8.0 0.632699001 116.29232788085938 63.905029296875
9.0 0.632699001 132.07920837402344 54.73579788208008
10.0 0.632699001 116.14029693603516 56.18768310546875
11.0 0.632699001 45.86149597167969 59.40683364868164
12.0 0.632699001 43.865325927734375 118.0890884399414
13.0 0.632699001 124.42224884033203 60.351837158203125
14.0 0.632699001 131.32127380371094 60.434818267822266
15.0 0.632699001 116.06851959228516 62.140357971191406
0.0 0.676764001 184.06015014648438 143.0592498779297
1.0 0.676764001 95.72628021240234 131.8046112060547
2.0 0.676764001 126.74327087402344 55.690032958984375
3.0 0.676764001 111.5487289428711 57.682125091552734
4.0 0.676764001 176.5898895263672 86.60147094726562
5.0 0.676764001 95.34542846679688 131.5601043701172
6.0 0.676764001 126.55350494384766 55.79172134399414
7.0 0.676764001 176.5943145751953 86.99867248535156
8.0 0.676764001 111.9140396118164 64.9043960571289
9.0 0.676764001 127.72364807128906 55.56770324707031
10.0 0.676764001 111.76590728759766 57.123435974121094
11.0 0.676764001 42.126380920410156 60.561866760253906
12.0 0.676764001 40.17108917236328 119.13021850585938
13.0 0.676764001 120.06116485595703 61.2198600769043
14.0 0.676764001 126.94139862060547 61.31045913696289
15.0 0.676764001 111.739990234375 63.05877685546875
0.0 0.720829 179.424072265625 143.97967529296875
1.0 0.720829 90.79378509521484 132.90390014648438
2.0 0.720829 121.51933288574219 56.668033599853516
3.0 0.720829 106.37439727783203 58.69034957885742
4.0 0.720829 171.634033203125 87.45562744140625
5.0 0.720829 90.41163635253906 132.65951538085938
6.0 0.720829 121.33112335205078 56.76027297973633
7.0 0.720829 171.64071655273438 87.8388442993164
8.0 0.720829 106.72711944580078 65.96527099609375
9.0 0.720829 122.49591827392578 56.567317962646484
10.0 0.720829 106.59933471679688 58.17863082885742
11.0 0.720829 37.64728927612305 61.89883041381836
12.0 0.720829 35.71882247924805 120.35035705566406
13.0 0.720829 114.8365249633789 62.20193862915039
14.0 0.720829 121.6829605102539 62.28084945678711
15.0 0.720829 106.61686706542969 64.03888702392578
0.0 0.764895 173.61058044433594 144.6865234375
1.0 0.764895 84.85679626464844 133.1071319580078
2.0 0.764895 115.95072937011719 57.0124397277832
3.0 0.764895 100.77715301513672 58.967796325683594
4.0 0.764895 166.01101684570312 88.02586364746094
5.0 0.764895 84.47203826904297 132.8572540283203
6.0 0.764895 115.75444030761719 57.110069274902344
7.0 0.764895 166.01763916015625 88.41468048095703
8.0 0.764895 101.12185668945312 66.35787200927734
9.0 0.764895 116.92569732666016 56.92027282714844
10.0 0.764895 101.02767181396484 58.4902229309082
11.0 0.764895 32.865333557128906 61.9578742980957
12.0 0.764895 30.4489688873291 120.29862213134766
13.0 0.764895 109.23810577392578 62.51930618286133
14.0 0.764895 116.07617950439453 62.6143913269043
15.0 0.764895 101.06867218017578 64.33832550048828
0.0 0.80896 167.65757751464844 145.48471069335938
1.0 0.80896 78.8009033203125 133.27110290527344
2.0 0.80896 110.3313980102539 57.33906936645508
3.0 0.80896 95.17356872558594 59.23088455200195
4.0 0.80896 160.28948974609375 88.6053237915039
5.0 0.80896 78.41824340820312 133.0152587890625
6.0 0.80896 110.13865661621094 57.41650390625
7.0 0.80896 160.2894287109375 89.00126647949219
8.0 0.80896 95.44953155517578 66.69890594482422
9.0 0.80896 111.3060302734375 57.26618957519531
10.0 0.80896 95.42139434814453 58.75190353393555
11.0 0.80896 28.078948974609375 61.89406204223633
12.0 0.80896 25.152494430541992 120.10379028320312
13.0 0.80896 103.54951477050781 62.82992935180664
14.0 0.80896 110.39163970947266 62.95368576049805
15.0 0.80896 95.47014617919922 64.5777587890625
0.0 0.853026001 161.65298461914062 146.446533203125
1.0 0.853026001 72.77509307861328 133.532958984375
2.0 0.853026001 104.76361846923828 57.786277770996094
3.0 0.853026001 89.59259796142578 59.57160949707031
4.0 0.853026001 154.4936981201172 89.44630432128906
5.0 0.853026001 72.39315032958984 133.27186584472656
6.0 0.853026001 104.5705337524414 57.85978698730469
7.0 0.853026001 154.4958038330078 89.8305435180664
8.0 0.853026001 89.79063415527344 67.21688079833984
9.0 0.853026001 105.73667907714844 57.730674743652344
10.0 0.853026001 89.85185241699219 59.141841888427734
11.0 0.853026001 23.401609420776367 61.923919677734375
12.0 0.853026001 19.907506942749023 119.99217987060547
13.0 0.853026001 97.90235137939453 63.270835876464844
14.0 0.853026001 104.75041961669922 63.43330001831055
15.0 0.853026001 89.91641235351562 64.94324493408203
0.0 0.897091001 155.81015014648438 147.06410217285156
1.0 0.897091001 66.99546813964844 133.3572235107422
2.0 0.897091001 99.47586822509766 57.877235412597656
3.0 0.897091001 84.29479217529297 59.55023193359375
4.0 0.897091001 149.00401306152344 89.75003051757812
5.0 0.897091001 66.59822082519531 133.09426879882812
6.0 0.897091001 99.28209686279297 57.945762634277344
7.0 0.897091001 148.99205017089844 90.15674591064453
8.0 0.897091001 84.40576934814453 67.3673324584961
9.0 0.897091001 100.4511947631836 57.82913589477539
10.0 0.897091001 84.56201934814453 59.14231872558594
11.0 0.897091001 19.039682388305664 61.53550338745117
12.0 0.897091001 14.910890579223633 119.45840454101562
13.0 0.897091001 92.55574798583984 63.34819030761719
14.0 0.897091001 99.4156494140625 63.537410736083984
15.0 0.897091001 84.63105010986328 64.94278717041016
0.0 0.941156001 149.76646423339844 146.79754638671875
1.0 0.941156001 61.06309509277344 132.39515686035156
2.0 0.941156001 93.92839813232422 57.091102600097656
3.0 0.941156001 78.77535247802734 58.65272903442383
4.0 0.941156001 143.14576721191406 89.39629364013672
5.0 0.941156001 60.657230377197266 132.12200927734375
6.0 0.941156001 93.72903442382812 57.156864166259766
7.0 0.941156001 143.14100646972656 89.78105926513672
8.0 0.941156001 78.7969970703125 66.61712646484375
9.0 0.941156001 94.89838409423828 57.0588493347168
10.0 0.941156001 79.064697265625 58.281402587890625
11.0 0.941156001 14.476581573486328 60.43062210083008
12.0 0.941156001 9.838056564331055 118.23139953613281
13.0 0.941156001 86.98786926269531 62.514041900634766
14.0 0.941156001 93.82561492919922 62.74764633178711
15.0 0.941156001 79.16494750976562 64.0411605834961
0.0 0.985222001 143.66400146484375 146.60781860351562
1.0 0.985222001 55.10385513305664 131.65538024902344
2.0 0.985222001 88.23326873779297 56.52537155151367
3.0 0.985222001 73.08255004882812 58.08348846435547
4.0 0.985222001 137.20404052734375 88.96153259277344
5.0 0.985222001 54.69091796875 131.3704376220703
6.0 0.985222001 88.03213500976562 56.57999801635742
7.0 0.985222001 137.192138671875 89.35921478271484
8.0 0.985222001 73.0078125 66.21739959716797
9.0 0.985222001 89.20353698730469 56.503055572509766
10.0 0.985222001 73.37196350097656 57.7057991027832
11.0 0.985222001 9.867280006408691 59.74500274658203
12.0 0.985222001 4.764827251434326 117.24356079101562
13.0 0.985222001 81.25003051757812 61.98611831665039
14.0 0.985222001 88.07794952392578 62.2438850402832
15.0 0.985222001 73.47699737548828 63.47758102416992
0.0 1.029287 137.5575714111328 146.1050567626953
1.0 1.029287 49.25508499145508 130.5143585205078
2.0 1.029287 82.68666076660156 55.540985107421875
3.0 1.029287 67.5574951171875 57.055870056152344
4.0 1.029287 131.30479431152344 88.26103210449219
5.0 1.029287 48.84114456176758 130.2111053466797
6.0 1.029287 82.4897689819336 55.5899658203125
7.0 1.029287 131.2984161376953 88.64221954345703
8.0 1.029287 67.41160583496094 65.31025695800781
9.0 1.029287 83.6556167602539 55.52423858642578
10.0 1.029287 67.85011291503906 56.69538497924805
11.0 1.029287 5.400254726409912 58.595619201660156
12.0 1.029287 -0.9753562211990356 115.65727996826172
13.0 1.029287 75.65562438964844 61.01868438720703
14.0 1.029287 82.4803695678711 61.29653549194336
15.0 1.029287 67.97832489013672 62.443477630615234
0.0 1.073352 130.4238739013672 144.6851806640625
1.0 1.073352 42.57138442993164 128.14329528808594
2.0 1.073352 76.71290588378906 53.42986297607422
3.0 1.073352 61.605865478515625 54.798927307128906
4.0 1.073352 124.73844146728516 86.51476287841797
5.0 1.073352 42.18620681762695 127.82964324951172
6.0 1.073352 76.51537322998047 53.47303009033203
7.0 1.073352 124.7232666015625 86.90531921386719
8.0 1.073352 61.30881881713867 63.26322555541992
9.0 1.073352 77.67715454101562 53.415855407714844
10.0 1.073352 61.906673431396484 54.4739990234375
11.0 1.073352 -27.979093551635742 55.973201751708984
12.0 1.073352 -54.795982360839844 133.3983917236328
13.0 1.073352 69.62250518798828 58.874813079833984
14.0 1.073352 76.456298828125 59.2219352722168
15.0 1.073352 62.03510665893555 60.194496154785156
0.0 1.117418001 124.80831909179688 144.08912658691406
1.0 1.117418001 37.336570739746094 127.18822479248047
2.0 1.117418001 71.51311492919922 52.6677131652832
3.0 1.117418001 56.4405632019043 54.02585220336914
4.0 1.117418001 119.20198059082031 85.7449722290039
5.0 1.117418001 36.932838439941406 126.86201477050781
6.0 1.117418001 71.31397247314453 52.70552444458008
7.0 1.117418001 119.17750549316406 86.15190124511719
8.0 1.117418001 55.95808029174805 62.7430305480957
9.0 1.117418001 72.48095703125 52.6605110168457
10.0 1.117418001 56.74216079711914 53.69265365600586
11.0 1.117418001 -63.64637756347656 55.07770538330078
12.0 1.117418001 -84.45417785644531 132.02427673339844
13.0 1.117418001 64.42662048339844 58.14870834350586
14.0 1.117418001 71.18658447265625 58.451725006103516
15.0 1.117418001 56.877803802490234 59.43000793457031
0.0 1.161483001 118.6436538696289 143.04818725585938
1.0 1.161483001 31.687435150146484 125.46844482421875
2.0 1.161483001 66.31074523925781 51.17031478881836
3.0 1.161483001 51.307701110839844 52.44764709472656
4.0 1.161483001 113.45022583007812 84.52436065673828
5.0 1.161483001 31.309030532836914 125.16742706298828
6.0 1.161483001 66.10557556152344 51.20381164550781
7.0 1.161483001 113.4240951538086 84.91939544677734
8.0 1.161483001 50.65584182739258 61.37129211425781
9.0 1.161483001 67.27302551269531 51.17641067504883
10.0 1.161483001 51.615440368652344 52.142784118652344
11.0 1.161483001 -91.58065032958984 51.15904998779297
12.0 1.161483001 -113.37519836425781 148.41456604003906
13.0 1.161483001 59.2179069519043 56.640804290771484
14.0 1.161483001 65.91197967529297 56.946720123291016
15.0 1.161483001 51.74564743041992 57.8389778137207
0.0 1.205549001 113.30406951904297 141.8004150390625
1.0 1.205549001 26.818559646606445 123.82518005371094
2.0 1.205549001 61.63589859008789 49.689876556396484
3.0 1.205549001 46.65159606933594 50.9502067565918
4.0 1.205549001 108.28665924072266 83.19884490966797
5.0 1.205549001 26.439695358276367 123.51921844482422
6.0 1.205549001 61.43260955810547 49.718326568603516
7.0 1.205549001 108.26454162597656 83.5855941772461
8.0 1.205549001 45.83589172363281 60.093074798583984
9.0 1.205549001 62.60028839111328 49.70384979248047
10.0 1.205549001 46.981693267822266 50.65113067626953
11.0 1.205549001 -119.61837005615234 49.21302032470703
12.0 1.205549001 -141.8323211669922 154.71742248535156
13.0 1.205549001 54.528656005859375 55.200836181640625
14.0 1.205549001 61.194576263427734 55.508087158203125
15.0 1.205549001 47.14801788330078 56.31976318359375
0.0 1.249614 108.76244354248047 140.59542846679688
1.0 1.249614 22.747371673583984 122.3057632446289
2.0 1.249614 57.71061325073242 48.30953598022461
3.0 1.249614 42.76540756225586 49.538997650146484
4.0 1.249614 103.9749526977539 81.82616424560547
5.0 1.249614 22.37117576599121 121.99441528320312
6.0 1.249614 57.5068244934082 48.33323669433594
7.0 1.249614 103.9403305053711 82.23406982421875
8.0 1.249614 41.74624252319336 58.962337493896484
9.0 1.249614 58.6696662902832 48.32381057739258
10.0 1.249614 43.10791015625 49.26048278808594
11.0 1.249614 -148.14419555664062 45.43080139160156
12.0 1.249614 -169.721435546875 147.88134765625
13.0 1.249614 50.6100959777832 53.840797424316406
14.0 1.249614 57.21385192871094 54.130062103271484
15.0 1.249614 43.28970718383789 54.90851974487305
0.0 1.293679 105.29467010498047 139.53955078125
1.0 1.293679 19.659027099609375 121.04890441894531
2.0 1.293679 54.67491149902344 47.12889099121094
3.0 1.293679 39.7747802734375 48.377052307128906
4.0 1.293679 100.64124298095703 80.6374740600586
5.0 1.293679 19.287193298339844 120.71477508544922
6.0 1.293679 54.4716911315918 47.148311614990234
7.0 1.293679 100.60517883300781 81.04191589355469
8.0 1.293679 38.5806999206543 58.048194885253906
9.0 1.293679 55.630592346191406 47.15204620361328
10.0 1.293679 40.129669189453125 48.10506057739258
11.0 1.293679 -178.37350463867188 46.66950988769531
12.0 1.293679 -198.02056884765625 148.86758422851562
13.0 1.293679 47.595947265625 52.67945098876953
14.0 1.293679 54.129539489746094 52.9058837890625
15.0 1.293679 40.326663970947266 53.71638107299805
0.0 1.337745001 101.92239379882812 138.48875427246094
1.0 1.337745001 16.635778427124023 119.83780670166016
2.0 1.337745001 51.74521255493164 45.992557525634766
3.0 1.337745001 36.85871505737305 47.21898651123047
4.0 1.337745001 97.4227066040039 79.45317840576172
5.0 1.337745001 16.262815475463867 119.50070190429688
6.0 1.337745001 51.540409088134766 46.00924301147461
7.0 1.337745001 97.39047241210938 79.8448715209961
8.0 1.337745001 35.47406768798828 57.17376708984375
9.0 1.337745001 52.70369338989258 46.024410247802734
10.0 1.337745001 37.22006607055664 46.94025802612305
11.0 1.337745001 -206.76361083984375 47.48912048339844
12.0 1.337745001 -226.05601501464844 151.00038146972656
13.0 1.337745001 44.66094207763672 51.565093994140625
14.0 1.337745001 51.15326690673828 51.77592086791992
15.0 1.337745001 37.429378509521484 52.55738067626953
0.0 1.381810001 99.17256927490234 137.0646514892578
1.0 1.381810001 14.183036804199219 118.2602767944336
2.0 1.381810001 49.425682067871094 44.42995834350586
3.0 1.381810001 34.54548263549805 45.664955139160156
4.0 1.381810001 94.82077026367188 78.00341033935547
5.0 1.381810001 13.782045364379883 117.91576385498047
6.0 1.381810001 49.219398498535156 44.44004440307617
7.0 1.381810001 94.78598022460938 78.40148162841797
8.0 1.381810001 32.9691276550293 55.883644104003906
9.0 1.381810001 50.38162612915039 44.4661979675293
10.0 1.381810001 34.899742126464844 45.41347122192383
11.0 1.381810001 -237.03338623046875 48.540496826171875
12.0 1.381810001 -259.0353088378906 159.20579528808594
13.0 1.381810001 42.362056732177734 50.0118293762207
14.0 1.381810001 48.77790832519531 50.21430206298828
15.0 1.381810001 35.17838668823242 50.940223693847656
0.0 1.425875001 97.44989776611328 136.3672332763672
1.0 1.425875001 12.662578582763672 117.09098052978516
2.0 1.425875001 48.37012481689453 43.44707107543945
3.0 1.425875001 33.443973541259766 44.6583366394043
4.0 1.425875001 93.47181701660156 77.18543243408203
5.0 1.425875001 12.29096794128418 116.73735809326172
6.0 1.425875001 48.15784454345703 43.454864501953125
7.0 1.425875001 93.44441986083984 77.56944274902344
8.0 1.425875001 31.659509658813477 55.172428131103516
9.0 1.425875001 49.32632827758789 43.4910774230957
10.0 1.425875001 33.802364349365234 44.40725326538086
11.0 1.425875001 -264.842041015625 47.69409942626953
12.0 1.425875001 -287.74102783203125 157.57177734375
13.0 1.425875001 41.273128509521484 49.04524230957031
14.0 1.425875001 47.656707763671875 49.234073638916016
15.0 1.425875001 34.106868743896484 49.9207878112793
0.0 1.469941 96.84703826904297 135.9526824951172
1.0 1.469941 12.116548538208008 116.65973663330078
2.0 1.469941 47.78912353515625 43.03474807739258
3.0 1.469941 32.927589416503906 44.21723937988281
4.0 1.469941 92.8942642211914 76.79081726074219
5.0 1.469941 11.716179847717285 116.31778717041016
6.0 1.469941 47.57725524902344 43.040245056152344
7.0 1.469941 92.8570785522461 77.19792175292969
8.0 1.469941 30.88827133178711 55.05596160888672
9.0 1.469941 48.741455078125 43.08332443237305
10.0 1.469941 33.310401916503906 43.95917510986328
11.0 1.469941 -294.1242370605469 50.94507598876953
12.0 1.469941 -316.36590576171875 159.07122802734375
13.0 1.469941 40.72319412231445 48.607967376708984
14.0 1.469941 47.06831359863281 48.750431060791016
15.0 1.469941 33.589324951171875 49.46467590332031
0.0 1.514006001 96.71479034423828 135.8277587890625
1.0 1.514006001 11.85819149017334 116.64513397216797
2.0 1.514006001 47.46027374267578 42.9361572265625
3.0 1.514006001 32.619606018066406 44.140689849853516
4.0 1.514006001 92.70780181884766 76.60191345214844
5.0 1.514006001 11.478413581848145 116.3068618774414
6.0 1.514006001 47.24993896484375 42.93639373779297
7.0 1.514006001 92.67410278320312 77.00186157226562
8.0 1.514006001 30.417621612548828 55.20759582519531
9.0 1.514006001 48.41101837158203 42.99042892456055
10.0 1.514006001 33.006900787353516 43.8729362487793
11.0 1.514006001 -323.2399597167969 50.83003234863281
12.0 1.514006001 -345.3010559082031 160.59593200683594
13.0 1.514006001 40.43336486816406 48.5139045715332
14.0 1.514006001 46.69978713989258 48.61493682861328
15.0 1.514006001 33.33461380004883 49.345237731933594
0.0 1.558071001 97.0490951538086 136.0789794921875
1.0 1.558071001 12.006179809570312 116.8575668334961
2.0 1.558071001 47.67617416381836 43.13725280761719
3.0 1.558071001 32.7535285949707 44.36503219604492
4.0 1.558071001 92.9942855834961 76.83819580078125
5.0 1.558071001 11.6156587600708 116.51214599609375
6.0 1.558071001 47.46482849121094 43.13517761230469
7.0 1.558071001 92.9519271850586 77.24710083007812
8.0 1.558071001 30.363876342773438 55.72121047973633
9.0 1.558071001 48.624595642089844 43.1881103515625
10.0 1.558071001 33.1552619934082 44.124305725097656
11.0 1.558071001 -349.6978454589844 44.44129943847656
12.0 1.558071001 -374.1805419921875 159.9291229248047
13.0 1.558071001 40.62127685546875 48.73664093017578
14.0 1.558071001 46.87753677368164 48.820655822753906
15.0 1.558071001 33.50796127319336 49.5528678894043
0.0 1.602137 98.95811462402344 137.07614135742188
1.0 1.602137 13.476938247680664 118.27875518798828
2.0 1.602137 48.79548645019531 44.26182174682617
3.0 1.602137 33.85302734375 45.53853225708008
4.0 1.602137 94.5760726928711 77.78946685791016
5.0 1.602137 13.086772918701172 117.9001693725586
6.0 1.602137 48.579891204833984 44.257511138916016
7.0 1.602137 94.54130554199219 78.19658660888672
8.0 1.602137 31.339773178100586 57.156166076660156
9.0 1.602137 49.738739013671875 44.31366729736328
10.0 1.602137 34.25736999511719 45.30284881591797
11.0 1.602137 -379.0950622558594 42.72881317138672
12.0 1.602137 -403.23052978515625 161.78797912597656
13.0 1.602137 41.77757263183594 49.86545944213867
14.0 1.602137 48.0028190612793 49.89145278930664
15.0 1.602137 34.678794860839844 50.6800651550293
0.0 1.646202 101.61079406738281 136.93157958984375
1.0 1.646202 15.57434368133545 118.54877471923828
2.0 1.646202 50.67097473144531 44.24715805053711
3.0 1.646202 35.64570617675781 45.616004943847656
4.0 1.646202 96.96388244628906 77.57193756103516
5.0 1.646202 15.188597679138184 118.18172454833984
6.0 1.646202 50.456356048583984 44.24104309082031
7.0 1.646202 96.92523193359375 77.97113037109375
8.0 1.646202 32.957847595214844 57.52024459838867
9.0 1.646202 51.614742279052734 44.304691314697266
10.0 1.646202 36.051734924316406 45.379886627197266
11.0 1.646202 -407.3650817871094 43.81049346923828
12.0 1.646202 -430.50390625 164.60610961914062
13.0 1.646202 43.65940856933594 49.883060455322266
14.0 1.646202 49.86719512939453 49.86516189575195
15.0 1.646202 36.5380859375 50.718605041503906
0.0 1.690268001 104.37245178222656 137.9740447998047
1.0 1.690268001 17.91265106201172 119.13674926757812
2.0 1.690268001 53.581050872802734 44.88091278076172
3.0 1.690268001 38.52588653564453 46.154048919677734
4.0 1.690268001 99.9955825805664 78.64574432373047
5.0 1.690268001 17.52861976623535 118.77403259277344
6.0 1.690268001 53.36583709716797 44.8708610534668
7.0 1.690268001 99.95199584960938 79.05278778076172
8.0 1.690268001 35.646183013916016 58.28316116333008
9.0 1.690268001 54.525508880615234 44.945648193359375
10.0 1.690268001 38.936553955078125 45.90129089355469
11.0 1.690268001 -435.3471374511719 42.999481201171875
12.0 1.690268001 -457.2640380859375 165.95816040039062
13.0 1.690268001 46.53379821777344 50.445159912109375
14.0 1.690268001 52.73283767700195 50.43899154663086
15.0 1.690268001 39.437171936035156 51.23381423950195
0.0 1.734333001 108.75743103027344 139.6616668701172
1.0 1.734333001 21.736377716064453 120.4288558959961
2.0 1.734333001 57.919498443603516 46.2398681640625
3.0 1.734333001 42.7697639465332 47.40186309814453
4.0 1.734333001 104.62959289550781 80.29490661621094
5.0 1.734333001 21.354415893554688 120.06803894042969
6.0 1.734333001 57.694664001464844 46.2301025390625
7.0 1.734333001 104.59589385986328 80.68187713623047
8.0 1.734333001 39.77311706542969 59.744529724121094
9.0 1.734333001 58.86248779296875 46.30931854248047
10.0 1.734333001 43.19560623168945 47.17632293701172
11.0 1.734333001 -462.59222412109375 35.33647155761719
12.0 1.734333001 -484.53179931640625 164.10232543945312
13.0 1.734333001 50.8474006652832 51.71615219116211
14.0 1.734333001 57.04561233520508 51.7396125793457
15.0 1.734333001 43.74828338623047 52.456703186035156
0.0 1.778398 113.04895782470703 140.2781982421875
1.0 1.778398 25.3549861907959 121.66816711425781
2.0 1.778398 61.186004638671875 47.13686752319336
3.0 1.778398 45.95555114746094 48.40493392944336
4.0 1.778398 108.5318603515625 81.0025405883789
5.0 1.778398 24.945785522460938 121.27638244628906
6.0 1.778398 60.95572280883789 47.125892639160156
7.0 1.778398 108.4952392578125 81.40118408203125
8.0 1.778398 42.772605895996094 60.992183685302734
9.0 1.778398 62.12748718261719 47.208866119384766
10.0 1.778398 46.37562942504883 48.18440246582031
11.0 1.778398 -496.4291687011719 35.44757843017578
12.0 1.778398 -518.825927734375 121.61776733398438
13.0 1.778398 54.117164611816406 52.62704849243164
14.0 1.778398 60.30366134643555 52.62174606323242
15.0 1.778398 47.00344467163086 53.39236068725586
0.0 1.822464001 118.39083099365234 140.4199676513672
1.0 1.822464001 30.012510299682617 122.44424438476562
2.0 1.822464001 65.51742553710938 47.64036178588867
3.0 1.822464001 50.23892593383789 48.98099899291992
4.0 1.822464001 113.5156021118164 81.2181396484375
5.0 1.822464001 29.60689926147461 122.09192657470703
6.0 1.822464001 65.3001937866211 47.63039016723633
7.0 1.822464001 113.48837280273438 81.60363006591797
8.0 1.822464001 46.91047286987305 61.833824157714844
9.0 1.822464001 66.46760559082031 47.707679748535156
10.0 1.822464001 50.644832611083984 48.744232177734375
11.0 1.822464001 -524.808837890625 33.01853942871094
12.0 1.822464001 -546.483642578125 110.95608520507812
13.0 1.822464001 58.48189163208008 53.10319519042969
14.0 1.822464001 64.63190460205078 53.035987854003906
15.0 1.822464001 51.34242248535156 53.930015563964844
0.0 1.866529001 123.88516235351562 139.7222442626953
1.0 1.866529001 34.97384262084961 122.21162414550781
2.0 1.866529001 70.44902801513672 47.211116790771484
3.0 1.866529001 55.045040130615234 48.63399124145508
4.0 1.866529001 118.81306457519531 80.80561828613281
5.0 1.866529001 34.578941345214844 121.8559799194336
6.0 1.866529001 70.22830963134766 47.20222091674805
7.0 1.866529001 118.77750396728516 81.21334838867188
8.0 1.866529001 51.60018539428711 61.663902282714844
9.0 1.866529001 71.39713287353516 47.28518295288086
10.0 1.866529001 55.45817184448242 48.413673400878906
11.0 1.866529001 -552.712890625 32.312583923339844
12.0 1.866529001 -571.0807495117188 163.19248962402344
13.0 1.866529001 63.414974212646484 52.641483306884766
14.0 1.866529001 69.56954193115234 52.5592155456543
15.0 1.866529001 56.2263298034668 53.518245697021484
0.0 1.910594001 129.5095672607422 138.5250701904297
1.0 1.910594001 40.167449951171875 121.23017120361328
2.0 1.910594001 75.83684539794922 46.15498352050781
3.0 1.910594001 60.308692932128906 47.54874038696289
4.0 1.910594001 124.50827026367188 79.75702667236328
5.0 1.910594001 39.75688934326172 120.85967254638672
6.0 1.910594001 75.61233520507812 46.14618682861328
7.0 1.910594001 124.47245788574219 80.16448974609375
8.0 1.910594001 56.67124557495117 60.8250846862793
9.0 1.910594001 76.7843017578125 46.23263168334961
10.0 1.910594001 60.712615966796875 47.32764434814453
11.0 1.910594001 -579.1519165039062 30.784202575683594
12.0 1.910594001 -599.3250732421875 163.48794555664062
13.0 1.910594001 68.78394317626953 51.496002197265625
14.0 1.910594001 74.95763397216797 51.42514419555664
15.0 1.910594001 61.525386810302734 52.41115188598633
0.0 1.95466 134.83367919921875 137.22207641601562
1.0 1.95466 45.316810607910156 119.41844177246094
2.0 1.95466 81.8316879272461 44.62875747680664
3.0 1.95466 66.23725128173828 45.814510345458984
4.0 1.95466 130.3789520263672 78.68350982666016
5.0 1.95466 44.90884017944336 119.04167175292969
6.0 1.95466 81.60657501220703 44.61664962768555
7.0 1.95466 130.34165954589844 79.0899658203125
8.0 1.95466 62.3873291015625 59.310760498046875
9.0 1.95466 82.77870178222656 44.70870590209961
10.0 1.95466 66.6451187133789 45.594539642333984
11.0 1.95466 -605.8427124023438 27.815406799316406
12.0 1.95466 -627.841552734375 165.96664428710938
13.0 1.95466 74.71651458740234 49.77958679199219
14.0 1.95466 80.91801452636719 49.754417419433594
15.0 1.95466 67.47357177734375 50.63873291015625
0.0 1.998725 139.77182006835938 137.1113739013672
1.0 1.998725 50.11085510253906 118.98565673828125
2.0 1.998725 87.28368377685547 44.461483001708984
3.0 1.998725 71.56206512451172 45.48403549194336
4.0 1.998725 135.73252868652344 78.81407165527344
5.0 1.998725 49.705806732177734 118.60974884033203
6.0 1.998725 87.05404663085938 44.44755935668945
7.0 1.998725 135.69285583496094 79.22344970703125
8.0 1.998725 67.55899810791016 59.19633865356445
9.0 1.998725 88.2287826538086 44.549503326416016
10.0 1.998725 71.98242950439453 45.27726364135742
11.0 1.998725 -634.4165649414062 27.852989196777344
12.0 1.998725 -656.4310302734375 160.20718383789062
13.0 1.998725 80.07215118408203 49.477081298828125
14.0 1.998725 86.32754516601562 49.53005599975586
15.0 1.998725 72.84801483154297 50.277626037597656
0.0 2.042791001 144.5607147216797 135.658203125
1.0 2.042791001 54.63968276977539 118.42168426513672
2.0 2.042791001 91.32989501953125 43.618919372558594
3.0 2.042791001 75.51519012451172 44.75956726074219
4.0 2.042791001 140.19325256347656 77.64981842041016
5.0 2.042791001 54.249881744384766 118.05046844482422
6.0 2.042791001 91.09947967529297 43.602447509765625
7.0 2.042791001 140.1529083251953 78.05567932128906
8.0 2.042791001 71.3885269165039 58.64625549316406
9.0 2.042791001 92.27421569824219 43.710819244384766
10.0 2.042791001 75.93851470947266 44.556556701660156
11.0 2.042791001 -660.6403198242188 28.31668472290039
12.0 2.042791001 -685.8601684570312 154.94235229492188
13.0 2.042791001 84.13713836669922 48.620811462402344
14.0 2.042791001 90.38016510009766 48.64814376831055
15.0 2.042791001 76.87053680419922 49.475955963134766
0.0 2.086856 148.84568786621094 134.6199188232422
1.0 2.086856 58.898345947265625 117.78115844726562
2.0 2.086856 95.51285552978516 42.9153938293457
3.0 2.086856 79.66049194335938 44.06733703613281
4.0 2.086856 144.47032165527344 76.82960510253906
5.0 2.086856 58.50749206542969 117.41769409179688
6.0 2.086856 95.28543090820312 42.892364501953125
7.0 2.086856 144.42901611328125 77.2396469116211
8.0 2.086856 75.37495422363281 58.18809127807617
9.0 2.086856 96.45569610595703 43.01479721069336
10.0 2.086856 80.09603118896484 43.85335922241211
11.0 2.086856 -689.125 27.38863754272461
12.0 2.086856 -715.039306640625 149.51473999023438
13.0 2.086856 88.29769897460938 47.92018508911133
14.0 2.086856 94.54291534423828 47.94515609741211
15.0 2.086856 81.05582427978516 48.78104782104492
0.0 2.130921 153.88963317871094 136.46127319335938
1.0 2.130921 64.08723449707031 119.52289581298828
2.0 2.130921 100.99131774902344 44.8905029296875
3.0 2.130921 85.15632629394531 45.89942169189453
4.0 2.130921 149.80076599121094 78.95653533935547
5.0 2.130921 63.673526763916016 119.15528869628906
6.0 2.130921 100.75287628173828 44.86564254760742
7.0 2.130921 149.7664337158203 79.35662841796875
8.0 2.130921 80.72489929199219 60.231021881103516
9.0 2.130921 101.92497253417969 44.999359130859375
10.0 2.130921 85.57604217529297 45.694705963134766
11.0 2.130921 -716.9423217773438 29.573862075805664
12.0 2.130921 -743.785888671875 147.182861328125
13.0 2.130921 93.74040222167969 49.778076171875
14.0 2.130921 99.97697448730469 49.835079193115234
15.0 2.130921 86.59300994873047 50.59455108642578
0.0 2.174987001 158.84315490722656 134.81405639648438
1.0 2.174987001 69.248779296875 118.36927795410156
2.0 2.174987001 105.85076141357422 43.79250717163086
3.0 2.174987001 89.96114349365234 44.827606201171875
4.0 2.174987001 154.63821411132812 77.80845642089844
5.0 2.174987001 68.82818603515625 117.98441314697266
6.0 2.174987001 105.6190185546875 43.765953063964844
7.0 2.174987001 154.60202026367188 78.21585845947266
8.0 2.174987001 85.38314056396484 59.29317092895508
9.0 2.174987001 106.78065490722656 43.90327072143555
10.0 2.174987001 90.3940200805664 44.627925872802734
11.0 2.174987001 -746.1953735351562 30.45909881591797
12.0 2.174987001 -773.050537109375 142.50100708007812
13.0 2.174987001 98.63321685791016 48.59562683105469
14.0 2.174987001 104.86268615722656 48.63583755493164
15.0 2.174987001 91.4519271850586 49.43514633178711
0.0 2.219052001 165.42750549316406 133.6120147705078
1.0 2.219052001 76.08065032958984 118.28889465332031
2.0 2.219052001 111.7282943725586 43.58952713012695
3.0 2.219052001 95.8594970703125 44.76028060913086
4.0 2.219052001 160.7650909423828 76.9103775024414
5.0 2.219052001 75.6641616821289 117.91461944580078
6.0 2.219052001 111.49959564208984 43.563194274902344
7.0 2.219052001 160.73809814453125 77.3106460571289
8.0 2.219052001 91.3158950805664 59.33293533325195
9.0 2.219052001 112.65533447265625 43.69539260864258
10.0 2.219052001 96.29377746582031 44.56080627441406
11.0 2.219052001 -777.0023193359375 34.32366180419922
12.0 2.219052001 -797.3522338867188 92.21733093261719
13.0 2.219052001 104.59453582763672 48.380802154541016
14.0 2.219052001 110.76705169677734 48.354026794433594
15.0 2.219052001 97.4380111694336 49.307525634765625
0.0 2.263117001 169.69696044921875 135.1550750732422
1.0 2.263117001 80.95158386230469 119.34347534179688
2.0 2.263117001 117.21063995361328 45.22288513183594
3.0 2.263117001 101.39852142333984 46.10649871826172
4.0 2.263117001 165.6446075439453 78.87507629394531
5.0 2.263117001 80.5400161743164 118.97265625
6.0 2.263117001 116.96994018554688 45.19499206542969
7.0 2.263117001 165.61988830566406 79.27471923828125
8.0 2.263117001 96.6178970336914 60.88473129272461
9.0 2.263117001 118.13131713867188 45.33951187133789
10.0 2.263117001 101.81444549560547 45.896705627441406
11.0 2.263117001 -810.4226684570312 156.4725341796875
12.0 2.263117001 -809.330322265625 222.07998657226562
13.0 2.263117001 110.00196838378906 49.85635757446289
14.0 2.263117001 116.19499969482422 49.89436340332031
15.0 2.263117001 102.97442626953125 50.669254302978516
0.0 2.307183001 174.6371612548828 135.19085693359375
1.0 2.307183001 86.4771499633789 119.60897064208984
2.0 2.307183001 122.60694122314453 45.67924118041992
3.0 2.307183001 106.8025894165039 46.57468032836914
4.0 2.307183001 170.6502227783203 79.48255920410156
5.0 2.307183001 86.06407928466797 119.2098159790039
6.0 2.307183001 122.37442779541016 45.65251159667969
7.0 2.307183001 170.63229370117188 79.86571502685547
8.0 2.307183001 101.91914367675781 61.482948303222656
9.0 2.307183001 123.52685546875 45.803688049316406
10.0 2.307183001 107.23860931396484 46.39424514770508
11.0 2.307183001 -839.1886596679688 155.07455444335938
12.0 2.307183001 -909.330322265625 222.07998657226562
13.0 2.307183001 115.39665222167969 50.27562713623047
14.0 2.307183001 121.57213592529297 50.32939529418945
15.0 2.307183001 108.44580841064453 51.04931640625
0.0 2.351248001 181.5912322998047 134.58175659179688
1.0 2.351248001 93.88506317138672 120.25355529785156
2.0 2.351248001 128.83827209472656 46.1674919128418
3.0 2.351248001 113.11795806884766 47.115257263183594
4.0 2.351248001 177.0409393310547 79.23856353759766
5.0 2.351248001 93.47990417480469 119.87327575683594
6.0 2.351248001 128.599609375 46.14109802246094
7.0 2.351248001 177.02748107910156 79.61518859863281
8.0 2.351248001 108.22123718261719 62.19968032836914
9.0 2.351248001 129.75526428222656 46.290855407714844
10.0 2.351248001 113.53848266601562 46.9137077331543
11.0 2.351248001 -868.586669921875 150.72579956054688
12.0 2.351248001 -809.330322265625 372.0799865722656
13.0 2.351248001 121.72826385498047 50.74018096923828
14.0 2.351248001 127.84508514404297 50.7039794921875
15.0 2.351248001 114.8191146850586 51.60396194458008
0.0 2.395313001 188.63992309570312 134.9237823486328
1.0 2.395313001 101.63357543945312 121.04202270507812
2.0 2.395313001 136.15631103515625 47.040252685546875
3.0 2.395313001 120.49250030517578 48.048858642578125
4.0 2.395313001 184.0968017578125 79.94828033447266
5.0 2.395313001 101.23179626464844 120.63838195800781
6.0 2.395313001 135.90481567382812 47.016624450683594
7.0 2.395313001 184.08047485351562 80.34276580810547
8.0 2.395313001 115.47381591796875 63.280601501464844
9.0 2.395313001 137.07208251953125 47.168914794921875
10.0 2.395313001 120.91416931152344 47.858154296875
11.0 2.395313001 -897.00439453125 150.86886596679688
12.0 2.395313001 -809.330322265625 372.0799865722656
13.0 2.395313001 129.08053588867188 51.62910079956055
14.0 2.395313001 135.1528778076172 51.55482864379883
15.0 2.395313001 122.2470474243164 52.52070999145508
0.0 2.439379 194.91212463378906 135.16110229492188
1.0 2.439379 108.9913330078125 120.37865447998047
2.0 2.439379 144.2729949951172 47.09859085083008
3.0 2.439379 128.62353515625 47.82209014892578
4.0 2.439379 191.28997802734375 80.55142211914062
5.0 2.439379 108.57884216308594 120.00476837158203
6.0 2.439379 144.0223388671875 47.070404052734375
7.0 2.439379 191.2696533203125 80.94027709960938
8.0 2.439379 123.41921997070312 63.227012634277344
9.0 2.439379 145.18841552734375 47.24049377441406
10.0 2.439379 129.05992126464844 47.650787353515625
11.0 2.439379 -925.381591796875 150.62310791015625
12.0 2.439379 -809.330322265625 422.0799865722656
13.0 2.439379 137.12217712402344 51.53871536254883
14.0 2.439379 143.2433319091797 51.53897476196289
15.0 2.439379 130.40298461914062 52.298011779785156
0.0 2.483444 202.36590576171875 135.91526794433594
1.0 2.483444 117.39246368408203 121.46078491210938
2.0 2.483444 152.18423461914062 48.37841033935547
3.0 2.483444 136.6647186279297 49.01253128051758
4.0 2.483444 198.80242919921875 81.62855529785156
5.0 2.483444 116.97167205810547 121.05376434326172
6.0 2.483444 151.92942810058594 48.35042953491211
7.0 2.483444 198.77365112304688 82.03216552734375
8.0 2.483444 131.36151123046875 64.53801727294922
9.0 2.483444 153.09442138671875 48.51813888549805
10.0 2.483444 137.10626220703125 48.83570861816406
11.0 2.483444 -954.0555419921875 148.04920959472656
12.0 2.483444 -31529.330078125 -54873.921875
13.0 2.483444 145.07232666015625 52.76025390625
14.0 2.483444 151.16087341308594 52.7396240234375
15.0 2.483444 138.48626708984375 53.48072814941406
0.0 2.527510001 209.24957275390625 134.8267822265625
1.0 2.527510001 125.12584686279297 121.25401306152344
2.0 2.527510001 158.85789489746094 48.19615173339844
3.0 2.527510001 143.39599609375 48.96003723144531
4.0 2.527510001 205.31056213378906 80.93062591552734
5.0 2.527510001 124.69944763183594 120.85997009277344
6.0 2.527510001 158.6116180419922 48.169254302978516
7.0 2.527510001 205.28436279296875 81.33478546142578
8.0 2.527510001 138.05685424804688 64.67273712158203
9.0 2.527510001 159.77328491210938 48.3438835144043
10.0 2.527510001 143.8207244873047 48.78556442260742
11.0 2.527510001 -982.38818359375 147.045654296875
12.0 2.527510001 -31591.830078125 -54886.421875
13.0 2.527510001 151.78468322753906 52.63198471069336
14.0 2.527510001 157.85650634765625 52.5311164855957
15.0 2.527510001 145.2711944580078 53.3984489440918
0.0 2.571575 214.9055633544922 135.3214569091797
1.0 2.571575 131.6873016357422 122.01260375976562
2.0 2.571575 165.08358764648438 49.1396484375
3.0 2.571575 149.73724365234375 49.89274978637695
4.0 2.571575 211.1074676513672 81.6962890625
5.0 2.571575 131.29051208496094 121.60344696044922
6.0 2.571575 164.82679748535156 49.111480712890625
7.0 2.571575 211.076416015625 82.10511016845703
8.0 2.571575 144.17269897460938 65.67877960205078
9.0 2.571575 165.9967498779297 49.29789352416992
10.0 2.571575 150.18458557128906 49.73003387451172
11.0 2.571575 -1011.748779296875 145.6033172607422
12.0 2.571575 -31491.830078125 -55086.421875
13.0 2.571575 158.01707458496094 53.5814208984375
14.0 2.571575 164.07131958007812 53.45800018310547
15.0 2.571575 151.643798828125 54.3073844909668
0.0 2.61564 219.2559814453125 135.44679260253906
1.0 2.61564 136.82589721679688 122.05104064941406
2.0 2.61564 170.2377166748047 49.51958465576172
3.0 2.61564 154.9478302001953 50.24750900268555
4.0 2.61564 215.66445922851562 82.15599822998047
5.0 2.61564 136.42613220214844 121.64183807373047
6.0 2.61564 169.98194885253906 49.4893684387207
7.0 2.61564 215.64666748046875 82.5408935546875
8.0 2.61564 149.30711364746094 66.1736068725586
9.0 2.61564 171.15121459960938 49.68209457397461
10.0 2.61564 155.39404296875 50.089691162109375
11.0 2.61564 -1039.6363525390625 146.00424194335938
12.0 2.61564 -30691.830078125 -55886.421875
13.0 2.61564 163.14041137695312 53.968994140625
14.0 2.61564 169.1989288330078 53.84487533569336
15.0 2.61564 156.8667755126953 54.62259292602539
0.0 2.659706001 223.11911010742188 135.22677612304688
1.0 2.659706001 141.36627197265625 121.97321319580078
2.0 2.659706001 174.5342559814453 49.70756149291992
3.0 2.659706001 159.34759521484375 50.38945770263672
4.0 2.659706001 219.59536743164062 82.15404510498047
5.0 2.659706001 140.9495086669922 121.53882598876953
6.0 2.659706001 174.28997802734375 49.67207717895508
7.0 2.659706001 219.58493041992188 82.53141784667969
8.0 2.659706001 153.564697265625 66.43524169921875
9.0 2.659706001 175.45301818847656 49.88438415527344
10.0 2.659706001 159.77928161621094 50.24076461791992
11.0 2.659706001 -1068.29833984375 145.5414276123047
12.0 2.659706001 -30679.330078125 -55961.421875
13.0 2.659706001 167.45404052734375 54.15276336669922
14.0 2.659706001 173.48216247558594 53.99479675292969
15.0 2.659706001 161.29541015625 54.744937896728516
0.0 2.703771001 226.4318389892578 133.58253479003906
1.0 2.703771001 145.2552032470703 120.70939636230469
2.0 2.703771001 177.9353790283203 48.571407318115234
3.0 2.703771001 162.8067626953125 49.279296875
4.0 2.703771001 222.75485229492188 80.83650207519531
5.0 2.703771001 144.8293914794922 120.2892074584961
6.0 2.703771001 177.6851348876953 48.539710998535156
7.0 2.703771001 222.73464965820312 81.23418426513672
8.0 2.703771001 156.93048095703125 65.55062866210938
9.0 2.703771001 178.84950256347656 48.755672454833984
10.0 2.703771001 163.2677764892578 49.1303596496582
11.0 2.703771001 -1095.2957763671875 151.05166625976562
12.0 2.703771001 -30379.330078125 -56261.421875
13.0 2.703771001 170.86886596679688 53.02613067626953
14.0 2.703771001 176.8743133544922 52.83917999267578
15.0 2.703771001 164.78761291503906 53.61430358886719
0.0 2.747836001 229.09991455078125 133.0401611328125
1.0 2.747836001 148.3155059814453 120.8165512084961
2.0 2.747836001 180.3990478515625 48.6714973449707
3.0 2.747836001 165.34616088867188 49.48666000366211
4.0 2.747836001 225.0778350830078 80.57437133789062
5.0 2.747836001 147.8920440673828 120.38597106933594
6.0 2.747836001 180.1495819091797 48.6375617980957
7.0 2.747836001 225.06800842285156 80.96067810058594
8.0 2.747836001 159.91749572753906 66.0524673461914
9.0 2.747836001 181.32052612304688 48.8699836730957
10.0 2.747836001 165.7860870361328 49.343841552734375
11.0 2.747836001 -1123.4576416015625 152.67440795898438
12.0 2.747836001 -30404.330078125 -56211.421875
13.0 2.747836001 173.37791442871094 53.187713623046875
14.0 2.747836001 179.34469604492188 52.93992614746094
15.0 2.747836001 167.37246704101562 53.76946258544922
0.0 2.791902 231.56800842285156 131.0830841064453
1.0 2.791902 151.08067321777344 119.70925903320312
2.0 2.791902 182.20314025878906 47.48374938964844
3.0 2.791902 167.21646118164062 48.40195846557617
4.0 2.791902 227.09378051757812 78.71813201904297
5.0 2.791902 150.65528869628906 119.30058288574219
6.0 2.791902 181.94175720214844 47.44956970214844
7.0 2.791902 227.07669067382812 79.12237548828125
8.0 2.791902 161.32119750976562 64.88690185546875
9.0 2.791902 183.1272735595703 47.68001174926758
10.0 2.791902 167.6620330810547 48.260406494140625
11.0 2.791902 -1152.4232177734375 153.6182403564453
12.0 2.791902 -30504.330078125 -56111.421875
13.0 2.791902 175.2379913330078 51.996063232421875
14.0 2.791902 181.1748046875 51.66682434082031
15.0 2.791902 169.28797912597656 52.645179748535156
0.0 2.835967001 233.29278564453125 129.26219177246094
1.0 2.835967001 152.7427520751953 118.35527038574219
2.0 2.835967001 183.42868041992188 46.145938873291016
3.0 2.835967001 168.42425537109375 47.050106048583984
4.0 2.835967001 228.2793426513672 77.1385269165039
5.0 2.835967001 152.3308563232422 117.93760681152344
6.0 2.835967001 183.17437744140625 46.1060676574707
7.0 2.835967001 228.27322387695312 77.51691436767578
8.0 2.835967001 161.89366149902344 63.502864837646484
9.0 2.835967001 184.36627197265625 46.34649658203125
10.0 2.835967001 168.8762969970703 46.895851135253906
11.0 2.835967001 -1181.0352783203125 153.32371520996094
12.0 2.835967001 -30454.330078125 -56111.421875
13.0 2.835967001 176.4589080810547 50.640159606933594
14.0 2.835967001 182.4114990234375 50.284271240234375
15.0 2.835967001 170.54458618164062 51.324005126953125
0.0 2.880033 235.46156311035156 129.4540557861328
1.0 2.880033 153.81842041015625 119.05213928222656
2.0 2.880033 184.34359741210938 46.791603088378906
3.0 2.880033 169.4300079345703 47.80033493041992
4.0 2.880033 229.20260620117188 77.64261627197266
5.0 2.880033 153.40887451171875 118.61787414550781
6.0 2.880033 184.0823211669922 46.75050735473633
7.0 2.880033 229.1913299560547 78.0431137084961
8.0 2.880033 162.78346252441406 64.51054382324219
9.0 2.880033 185.2843780517578 47.01117706298828
10.0 2.880033 169.88217163085938 47.65473556518555
11.0 2.880033 -1210.21923828125 154.96888732910156
12.0 2.880033 -30541.830078125 -56098.921875
13.0 2.880033 177.3922119140625 51.359718322753906
14.0 2.880033 183.3125 50.946834564208984
15.0 2.880033 171.5764617919922 52.00473403930664
0.0 2.924098 241.90077209472656 132.68893432617188
1.0 2.924098 153.90048217773438 119.37029266357422
2.0 2.924098 184.5411376953125 47.284873962402344
3.0 2.924098 169.67823791503906 48.22971725463867
4.0 2.924098 229.30316162109375 78.21981811523438
5.0 2.924098 153.4763946533203 118.94829559326172
6.0 2.924098 184.2839813232422 47.24382400512695
7.0 2.924098 229.3031463623047 78.59500885009766
8.0 2.924098 162.92213439941406 65.0194091796875
9.0 2.924098 185.4896697998047 47.49806213378906
10.0 2.924098 170.1485137939453 48.0798454284668
11.0 2.924098 -1239.9794921875 153.36019897460938
12.0 2.924098 -30641.830078125 -56048.921875
13.0 2.924098 177.55596923828125 51.74595260620117
14.0 2.924098 183.50241088867188 51.35097885131836
15.0 2.924098 171.82952880859375 52.37561798095703
0.0 2.968163 257.8733215332031 238.6380157470703
1.0 2.968163 152.99940490722656 119.84407806396484
2.0 2.968163 183.8847198486328 47.9005241394043
3.0 2.968163 169.05224609375 48.815032958984375
4.0 2.968163 228.68716430664062 78.86197662353516
5.0 2.968163 152.5680389404297 119.41948699951172
6.0 2.968163 183.62359619140625 47.86044692993164
7.0 2.968163 228.67520141601562 79.26326751708984
8.0 2.968163 162.4571533203125 65.73084259033203
9.0 2.968163 184.8427734375 48.15485382080078
10.0 2.968163 169.5136260986328 48.66475296020508
11.0 2.968163 -1268.2021484375 157.42408752441406
12.0 2.968163 -30841.830078125 -56048.921875
13.0 2.968163 176.86476135253906 52.35041046142578
14.0 2.968163 182.8176727294922 51.94430923461914
15.0 2.968163 171.22726440429688 52.929962158203125
0.0 3.012229001 185.87332153320312 396.63800048828125
1.0 3.012229001 151.48069763183594 120.7537841796875
2.0 3.012229001 182.76414489746094 48.86666488647461
3.0 3.012229001 167.91554260253906 49.762046813964844
4.0 3.012229001 227.60549926757812 80.01200866699219
5.0 3.012229001 151.05020141601562 120.29296875
6.0 3.012229001 182.50668334960938 48.82411193847656
7.0 3.012229001 227.60130310058594 80.40050506591797
8.0 3.012229001 161.8257598876953 66.9552001953125
9.0 3.012229001 183.72906494140625 49.12663269042969
10.0 3.012229001 168.38771057128906 49.61642837524414
11.0 3.012229001 -1297.5633544921875 158.84254455566406
12.0 3.012229001 -30841.830078125 -56148.921875
13.0 3.012229001 175.67755126953125 53.28834915161133
14.0 3.012229001 181.664794921875 52.897212982177734
15.0 3.012229001 170.09030151367188 53.83169174194336
0.0 3.056294001 186.9988555908203 427.4088134765625
1.0 3.056294001 150.44207763671875 120.55622863769531
2.0 3.056294001 181.5923309326172 48.56702423095703
3.0 3.056294001 166.7076416015625 49.54884338378906
4.0 3.056294001 226.79319763183594 79.51701354980469
5.0 3.056294001 150.00328063964844 120.09468078613281
6.0 3.056294001 181.33230590820312 48.5239372253418
7.0 3.056294001 226.79226684570312 79.89546203613281
8.0 3.056294001 160.57083129882812 66.7153091430664
9.0 3.056294001 182.56117248535156 48.80910873413086
10.0 3.056294001 167.1858367919922 49.41032791137695
11.0 3.056294001 -1325.8907470703125 159.54269409179688
12.0 3.056294001 -30891.830078125 -56148.921875
13.0 3.056294001 174.4829864501953 53.006324768066406
14.0 3.056294001 180.49761962890625 52.58440017700195
15.0 3.056294001 168.89300537109375 53.57748031616211
0.0 3.100359 188.09178161621094 459.69281005859375
1.0 3.100359 149.5247039794922 120.24964141845703
2.0 3.100359 180.50343322753906 48.13396453857422
3.0 3.100359 165.6168212890625 49.10308837890625
4.0 3.100359 226.17361450195312 78.85337829589844
5.0 3.100359 149.09202575683594 119.78540802001953
6.0 3.100359 180.2342071533203 48.084415435791016
7.0 3.100359 226.15792846679688 79.25324249267578
8.0 3.100359 159.3260955810547 66.37210845947266
9.0 3.100359 181.4837188720703 48.38327407836914
10.0 3.100359 166.0977020263672 48.95149230957031
11.0 3.100359 -1351.69287109375 172.750732421875
12.0 3.100359 -30966.830078125 -56098.921875
13.0 3.100359 173.39569091796875 52.513771057128906
14.0 3.100359 179.41526794433594 52.05127716064453
15.0 3.100359 167.8307342529297 53.12601089477539
0.0 3.144425001 187.3178253173828 491.5784606933594
1.0 3.144425001 148.03794860839844 120.75970458984375
2.0 3.144425001 179.23794555664062 48.501220703125
3.0 3.144425001 164.32708740234375 49.61221694946289
4.0 3.144425001 225.23214721679688 79.44345092773438
5.0 3.144425001 147.59352111816406 120.3260498046875
6.0 3.144425001 178.95286560058594 48.45589828491211
7.0 3.144425001 225.2255859375 79.81634521484375
8.0 3.144425001 158.37681579589844 67.04635620117188
9.0 3.144425001 180.2191925048828 48.75027084350586
10.0 3.144425001 164.79312133789062 49.470733642578125
11.0 3.144425001 -1377.888671875 215.9420166015625
12.0 3.144425001 -30979.330078125 -56148.921875
13.0 3.144425001 172.0462646484375 52.9415283203125
14.0 3.144425001 178.10995483398438 52.473941802978516
15.0 3.144425001 166.5479278564453 53.56147384643555
0.0 3.188490001 184.42555236816406 523.8530883789062
1.0 3.188490001 144.13685607910156 120.47935485839844
2.0 3.188490001 175.85015869140625 48.301246643066406
3.0 3.188490001 160.80941772460938 49.3016357421875
4.0 3.188490001 222.17428588867188 79.37906646728516
5.0 3.188490001 143.67974853515625 120.03457641601562
6.0 3.188490001 175.57443237304688 48.25714111328125
7.0 3.188490001 222.1627197265625 79.74932098388672
8.0 3.188490001 154.65576171875 66.74202728271484
9.0 3.188490001 176.8389892578125 48.559715270996094
10.0 3.188490001 161.3013153076172 49.160797119140625
11.0 3.188490001 -1390.388671875 240.9420166015625
12.0 3.188490001 -30279.330078125 -56848.921875
13.0 3.188490001 168.5401153564453 52.62739181518555
14.0 3.188490001 174.70338439941406 52.210655212402344
15.0 3.188490001 163.04515075683594 53.24003219604492
0.0 3.232555001 181.09249877929688 558.140869140625
1.0 3.232555001 139.5618438720703 120.29169464111328
2.0 3.232555001 171.43646240234375 47.88825225830078
3.0 3.232555001 156.3272247314453 48.94478988647461
4.0 3.232555001 218.36550903320312 78.87528991699219
5.0 3.232555001 139.12286376953125 119.81917572021484
6.0 3.232555001 171.15853881835938 47.83475112915039
7.0 3.232555001 218.33750915527344 79.27271270751953
8.0 3.232555001 150.00282287597656 66.32360076904297
9.0 3.232555001 172.43267822265625 48.17302322387695
10.0 3.232555001 156.80296325683594 48.79128646850586
11.0 3.232555001 -1421.638671875 290.9420166015625
12.0 3.232555001 -30329.330078125 -56898.921875
13.0 3.232555001 164.0474395751953 52.20685958862305
14.0 3.232555001 170.25709533691406 51.76633071899414
15.0 3.232555001 158.55857849121094 52.83668518066406
0.0 3.276621 174.36131286621094 589.6771240234375
1.0 3.276621 133.48866271972656 121.07240295410156
2.0 3.276621 165.6129913330078 48.47746658325195
3.0 3.276621 150.4537353515625 49.638214111328125
4.0 3.276621 213.08726501464844 79.60357666015625
5.0 3.276621 133.04246520996094 120.58869171142578
6.0 3.276621 165.3382568359375 48.42787170410156
7.0 3.276621 213.05783081054688 79.99006652832031
8.0 3.276621 143.9002227783203 66.94865417480469
9.0 3.276621 166.60888671875 48.740264892578125
10.0 3.276621 150.938232421875 49.49557113647461
11.0 3.276621 -1421.638671875 415.9420166015625
12.0 3.276621 -30129.330078125 -56898.921875
13.0 3.276621 158.1722869873047 52.7790641784668
14.0 3.276621 164.40542602539062 52.36836624145508
15.0 3.276621 152.6861572265625 53.454471588134766
0.0 3.320686001 167.5977325439453 625.331787109375
1.0 3.320686001 127.43862915039062 121.41273498535156
2.0 3.320686001 159.7613983154297 48.6318244934082
3.0 3.320686001 144.55026245117188 49.84303665161133
4.0 3.320686001 207.79168701171875 79.70925903320312
5.0 3.320686001 126.97818756103516 120.93888854980469
6.0 3.320686001 159.48423767089844 48.58207702636719
7.0 3.320686001 207.75265502929688 80.10456848144531
8.0 3.320686001 137.90113830566406 67.23651123046875
9.0 3.320686001 160.76206970214844 48.90650177001953
10.0 3.320686001 145.04420471191406 49.69743728637695
11.0 3.320686001 -921.638671875 915.9420166015625
12.0 3.320686001 -30129.330078125 -56898.921875
13.0 3.320686001 152.2608642578125 52.9159049987793
14.0 3.320686001 158.52639770507812 52.49028015136719
15.0 3.320686001 146.7789306640625 53.61930465698242
0.0 3.364751001 161.73292541503906 661.060546875
1.0 3.364751001 121.11359405517578 121.86366271972656
2.0 3.364751001 153.23358154296875 48.706912994384766
3.0 3.364751001 137.9856719970703 50.09510040283203
4.0 3.364751001 202.0068359375 79.54959106445312
5.0 3.364751001 120.65061950683594 121.40860748291016
6.0 3.364751001 152.93942260742188 48.658058166503906
7.0 3.364751001 201.96607971191406 79.93148040771484
8.0 3.364751001 130.5172882080078 57.95039367675781
9.0 3.364751001 154.23294067382812 48.993709564208984
10.0 3.364751001 138.48167419433594 49.930931091308594
11.0 3.364751001 -959.138671875 965.9420166015625
12.0 3.364751001 -30129.330078125 -56973.921875
13.0 3.364751001 145.69667053222656 53.02626419067383
14.0 3.364751001 151.97129821777344 52.53831481933594
15.0 3.364751001 140.23123168945312 53.786285400390625
0.0 3.408817 176.07559204101562 692.3908081054688
1.0 3.408817 114.77962493896484 121.59904479980469
2.0 3.408817 146.91354370117188 48.22078323364258
3.0 3.408817 131.58084106445312 49.69302749633789
4.0 3.408817 196.36854553222656 78.76383209228516
5.0 3.408817 114.32811737060547 121.14630889892578
6.0 3.408817 146.6238555908203 48.17332458496094
7.0 3.408817 196.32302856445312 79.16120910644531
8.0 3.408817 124.32325744628906 58.04701232910156
9.0 3.408817 147.9148712158203 48.497249603271484
10.0 3.408817 132.08316040039062 49.545589447021484
11.0 3.408817 -996.638671875 990.9420166015625
12.0 3.408817 -29929.330078125 -57273.921875
13.0 3.408817 139.35989379882812 52.52252960205078
14.0 3.408817 145.6381378173828 51.99427795410156
15.0 3.408817 133.84283447265625 53.36024475097656
0.0 3.452882 168.8895721435547 725.57861328125
1.0 3.452882 108.38893127441406 122.12743377685547
2.0 3.452882 140.86451721191406 48.56318283081055
3.0 3.452882 125.53484344482422 50.09577178955078
4.0 3.452882 190.76275634765625 79.21349334716797
5.0 3.452882 107.91351318359375 121.63587188720703
6.0 3.452882 140.57774353027344 48.520774841308594
7.0 3.452882 190.72732543945312 79.58489990234375
8.0 3.452882 118.35664367675781 58.83881378173828
9.0 3.452882 141.86041259765625 48.843406677246094
10.0 3.452882 126.03804779052734 49.92918014526367
11.0 3.452882 -996.638671875 990.9420166015625
12.0 3.452882 -30004.330078125 -57273.921875
13.0 3.452882 133.2957305908203 52.87681579589844
14.0 3.452882 139.56678771972656 52.3557014465332
15.0 3.452882 127.7765121459961 53.71978759765625
0.0 3.496948001 161.07293701171875 757.3580932617188
1.0 3.496948001 101.17082214355469 121.77296447753906
2.0 3.496948001 134.42788696289062 48.352840423583984
3.0 3.496948001 118.99595642089844 49.789764404296875
4.0 3.496948001 184.4777069091797 79.3011245727539
5.0 3.496948001 100.68827819824219 121.3033218383789
6.0 3.496948001 134.13490295410156 48.30778121948242
7.0 3.496948001 184.4415283203125 79.67041015625
8.0 3.496948001 111.85968017578125 59.114356994628906
9.0 3.496948001 135.427734375 48.63664245605469
10.0 3.496948001 119.50048065185547 49.63825607299805
11.0 3.496948001 -1121.638671875 940.9420166015625
12.0 3.496948001 -30804.330078125 -56473.921875
13.0 3.496948001 126.7332763671875 52.576175689697266
14.0 3.496948001 133.07171630859375 52.09943771362305
15.0 3.496948001 121.24207305908203 53.40789794921875
0.0 3.541013001 156.5012664794922 789.5282592773438
1.0 3.541013001 94.15534210205078 121.6800537109375
2.0 3.541013001 127.8616714477539 48.2647819519043
3.0 3.541013001 112.40699768066406 49.689579010009766
4.0 3.541013001 178.19552612304688 79.38531494140625
5.0 3.541013001 93.66819763183594 121.2088394165039
6.0 3.541013001 127.56421661376953 48.22391891479492
7.0 3.541013001 178.15597534179688 79.75521087646484
8.0 3.541013001 105.28662872314453 59.60309982299805
9.0 3.541013001 128.86155700683594 48.55404281616211
10.0 3.541013001 112.9041519165039 49.53973388671875
11.0 3.541013001 -1121.638671875 890.9420166015625
12.0 3.541013001 -30816.830078125 -56536.421875
13.0 3.541013001 120.11764526367188 52.45821762084961
14.0 3.541013001 126.46088409423828 52.00033950805664
15.0 3.541013001 114.63398742675781 53.288055419921875
0.0 3.585078 145.57174682617188 821.5266723632812
1.0 3.585078 86.57481384277344 120.3553466796875
2.0 3.585078 121.42483520507812 47.29179000854492
3.0 3.585078 105.89141845703125 48.59823226928711
4.0 3.585078 171.55751037597656 78.96356201171875
5.0 3.585078 86.10872650146484 119.8497543334961
6.0 3.585078 121.12378692626953 47.24540328979492
7.0 3.585078 171.5087432861328 79.35131072998047
8.0 3.585078 98.72924041748047 58.94072341918945
9.0 3.585078 122.42581176757812 47.5847053527832
10.0 3.585078 106.40444946289062 48.44697189331055
11.0 3.585078 -1321.638671875 840.9420166015625
12.0 3.585078 -30816.830078125 -56486.421875
13.0 3.585078 113.53833770751953 51.40227127075195
14.0 3.585078 119.93934631347656 51.0282096862793
15.0 3.585078 108.11357879638672 52.15303039550781
0.0 3.629144001 42.02719497680664 847.4692993164062
1.0 3.629144001 78.7116470336914 118.91454315185547
2.0 3.629144001 114.86952209472656 46.4405517578125
3.0 3.629144001 99.33183288574219 47.50661087036133
4.0 3.629144001 164.57289123535156 78.8460693359375
5.0 3.629144001 78.25921630859375 118.40768432617188
6.0 3.629144001 114.56700897216797 46.3933219909668
7.0 3.629144001 164.51687622070312 79.24097442626953
8.0 3.629144001 92.05119323730469 58.53382873535156
9.0 3.629144001 115.86112213134766 46.7342529296875
10.0 3.629144001 99.83589172363281 47.35854721069336
11.0 3.629144001 -1340.388671875 890.9420166015625
12.0 3.629144001 -30866.830078125 -56511.421875
13.0 3.629144001 106.89217376708984 50.39717483520508
14.0 3.629144001 113.32936096191406 50.16265869140625
15.0 3.629144001 101.51004791259766 51.0546989440918
0.0 3.673209001 47.631046295166016 881.922607421875
1.0 3.673209001 71.15922546386719 119.02999877929688
2.0 3.673209001 107.11538696289062 46.540645599365234
3.0 3.673209001 91.66596984863281 47.68967819213867
4.0 3.673209001 156.99583435058594 78.73615264892578
5.0 3.673209001 70.67662048339844 118.50951385498047
6.0 3.673209001 106.79924011230469 46.48854064941406
7.0 3.673209001 156.9331817626953 79.13323974609375
8.0 3.673209001 84.36689758300781 59.137752532958984
9.0 3.673209001 108.1055679321289 46.83213806152344
10.0 3.673209001 92.18785095214844 47.54261016845703
11.0 3.673209001 -1365.388671875 915.9420166015625
12.0 3.673209001 -30966.830078125 -56361.421875
13.0 3.673209001 99.23202514648438 50.531951904296875
14.0 3.673209001 105.53079223632812 50.260738372802734
15.0 3.673209001 93.8395767211914 51.223575592041016
0.0 3.717274001 48.30246353149414 914.094482421875
1.0 3.717274001 63.99067306518555 117.98779296875
2.0 3.717274001 99.3308334350586 45.40134048461914
3.0 3.717274001 83.88899230957031 46.739925384521484
4.0 3.717274001 149.49282836914062 76.9408187866211
5.0 3.717274001 63.51985168457031 117.4674072265625
6.0 3.717274001 99.0184326171875 45.34408950805664
7.0 3.717274001 149.4399871826172 77.3288803100586
8.0 3.717274001 76.6060562133789 58.584625244140625
9.0 3.717274001 100.32621765136719 45.6843147277832
10.0 3.717274001 84.4092788696289 46.588008880615234
11.0 3.717274001 -1415.388671875 940.9420166015625
12.0 3.717274001 -30466.830078125 -56861.421875
13.0 3.717274001 91.48565673828125 49.480621337890625
14.0 3.717274001 97.73507690429688 49.139312744140625
15.0 3.717274001 86.08478546142578 50.225067138671875
0.0 3.76134 39.32333755493164 945.4357299804688
1.0 3.76134 56.36124801635742 117.64036560058594
2.0 3.76134 91.37641143798828 44.96581268310547
3.0 3.76134 76.01913452148438 46.4926643371582
4.0 3.76134 141.59657287597656 76.18595886230469
5.0 3.76134 55.84641647338867 117.08846282958984
6.0 3.76134 91.0650634765625 44.904518127441406
7.0 3.76134 141.5529327392578 76.55683898925781
8.0 3.76134 68.73222351074219 58.82146072387695
9.0 3.76134 92.37486267089844 45.25339126586914
10.0 3.76134 76.53033447265625 46.3382568359375
11.0 3.76134 -1465.388671875 1015.9420166015625
12.0 3.76134 -30516.830078125 -56786.421875
13.0 3.76134 83.61820220947266 49.15153503417969
14.0 3.76134 89.75848388671875 48.727691650390625
15.0 3.76134 78.23197937011719 49.92130661010742
0.0 3.805405 38.731754302978516 976.9280395507812
1.0 3.805405 48.95064163208008 116.94562530517578
2.0 3.805405 84.40531158447266 44.699039459228516
3.0 3.805405 69.12362670898438 46.15410614013672
4.0 3.805405 134.19873046875 76.01642608642578
5.0 3.805405 48.46641540527344 116.39684295654297
6.0 3.805405 84.0931167602539 44.63593673706055
7.0 3.805405 134.15081787109375 76.39576721191406
8.0 3.805405 61.742244720458984 58.814613342285156
9.0 3.805405 85.40185546875 44.98179244995117
10.0 3.805405 69.62937927246094 45.98829650878906
11.0 3.805405 -1465.388671875 1090.9420166015625
12.0 3.805405 -30616.830078125 -56786.421875
13.0 3.805405 76.66384887695312 48.835784912109375
14.0 3.805405 82.75308990478516 48.46146774291992
15.0 3.805405 71.30675506591797 49.57416534423828
0.0 3.849471001 36.99002456665039 1008.5712890625
1.0 3.849471001 42.42277526855469 116.93146514892578
2.0 3.849471001 78.05838775634766 45.05162811279297
3.0 3.849471001 62.859561920166016 46.48545455932617
4.0 3.849471001 127.34403228759766 76.517333984375
5.0 3.849471001 41.90788269042969 116.33194732666016
6.0 3.849471001 77.73104858398438 44.986358642578125
7.0 3.849471001 127.29780578613281 76.89295959472656
8.0 3.849471001 55.444557189941406 59.537940979003906
9.0 3.849471001 79.0600357055664 45.33034896850586
10.0 3.849471001 63.37807846069336 46.33366775512695
11.0 3.849471001 -1490.388671875 1128.4420166015625
12.0 3.849471001 -30691.830078125 -56798.921875
13.0 3.849471001 70.3790512084961 49.2115592956543
14.0 3.849471001 76.36663055419922 48.8161735534668
15.0 3.849471001 65.04747772216797 49.89848327636719
0.0 3.893536 34.240116119384766 1039.9189453125
1.0 3.893536 35.946712493896484 116.8488540649414
2.0 3.893536 71.567626953125 45.28129196166992
3.0 3.893536 56.525238037109375 46.6861572265625
4.0 3.893536 120.4186782836914 76.7015151977539
5.0 3.893536 35.45441436767578 116.28353118896484
6.0 3.893536 71.25196838378906 45.21836471557617
7.0 3.893536 120.36251068115234 77.09333801269531
8.0 3.893536 49.00125503540039 60.30120849609375
9.0 3.893536 72.57496643066406 45.54175567626953
10.0 3.893536 57.038658142089844 46.53054428100586
11.0 3.893536 -1190.388671875 1478.4420166015625
12.0 3.893536 -30729.330078125 -56848.921875
13.0 3.893536 63.96656799316406 49.430110931396484
14.0 3.893536 69.82897186279297 49.03387451171875
15.0 3.893536 58.673057556152344 50.10322570800781
