0.0 7.298831 200.0 140.0
1.0 7.298831 144.0 49.0
2.0 7.298831 195.0 81.0
3.0 7.298831 194.0 104.0
4.0 7.298831 129.0 50.0
5.0 7.298831 109.20000457763672 124.80000305175781
6.0 7.298831 144.0 49.20000076293945
7.0 7.298831 128.40000915527344 50.400001525878906
8.0 7.298831 145.20001220703125 56.400001525878906
9.0 7.298831 109.44000244140625 125.2800064086914
10.0 7.298831 128.16000366210938 50.400001525878906
11.0 7.298831 57.60000228881836 51.840003967285156
12.0 7.298831 144.0 56.160003662109375
0.0 7.342897001 199.8592071533203 138.90237426757812
1.0 7.342897001 143.65402221679688 47.972137451171875
2.0 7.342897001 194.74830627441406 79.94225311279297
3.0 7.342897001 193.8053436279297 103.0252456665039
4.0 7.342897001 128.6034698486328 49.064571380615234
5.0 7.342897001 109.02699279785156 123.84161376953125
6.0 7.342897001 143.6581573486328 48.168697357177734
7.0 7.342897001 127.98782348632812 49.4445686340332
8.0 7.342897001 144.9194793701172 55.551551818847656
9.0 7.342897001 109.27857971191406 124.3313217163086
10.0 7.342897001 127.74141693115234 49.44326400756836
11.0 7.342897001 57.321441650390625 51.156700134277344
12.0 7.342897001 143.6815643310547 55.23323440551758
0.0 7.386962001 199.6622314453125 138.04498291015625
1.0 7.386962001 143.48257446289062 47.041343688964844
2.0 7.386962001 194.6108856201172 79.05839538574219
3.0 7.386962001 193.68443298339844 102.22762298583984
4.0 7.386962001 128.4256134033203 48.12453079223633
5.0 7.386962001 108.81934356689453 122.89125061035156
6.0 7.386962001 143.48895263671875 47.22732925415039
7.0 7.386962001 127.79533386230469 48.47533416748047
8.0 7.386962001 144.7965850830078 54.715389251708984
9.0 7.386962001 109.07962036132812 123.36183166503906
10.0 7.386962001 127.5570297241211 48.47734832763672
11.0 7.386962001 57.145782470703125 50.247318267822266
12.0 7.386962001 143.52566528320312 54.34426498413086
0.0 7.431027 199.20880126953125 137.04039001464844
1.0 7.431027 143.345458984375 45.82925033569336
2.0 7.431027 194.3258514404297 78.13162994384766
3.0 7.431027 193.4680633544922 101.39827728271484
4.0 7.431027 128.21751403808594 46.91939926147461
5.0 7.431027 108.41749572753906 121.59880065917969
6.0 7.431027 143.35385131835938 46.002864837646484
7.0 7.431027 127.57708740234375 47.27022171020508
8.0 7.431027 144.70175170898438 53.676666259765625
9.0 7.431027 108.6594009399414 122.0711898803711
10.0 7.431027 127.33998107910156 47.274906158447266
11.0 7.431027 57.00922393798828 48.89825439453125
12.0 7.431027 143.38780212402344 53.234283447265625
0.0 7.475093001 199.41366577148438 136.12062072753906
1.0 7.475093001 143.267578125 45.07852554321289
2.0 7.475093001 194.41004943847656 77.17585754394531
3.0 7.475093001 193.5889129638672 100.56685638427734
4.0 7.475093001 128.1483154296875 46.188232421875
5.0 7.475093001 108.59423065185547 120.86896514892578
6.0 7.475093001 143.2794647216797 45.23891830444336
7.0 7.475093001 127.50652313232422 46.50644302368164
8.0 7.475093001 144.726806640625 53.03537368774414
9.0 7.475093001 108.8396224975586 121.33074951171875
10.0 7.475093001 127.27139282226562 46.5140266418457
11.0 7.475093001 56.972930908203125 48.428226470947266
12.0 7.475093001 143.35498046875 52.511016845703125
0.0 7.519158001 199.2371368408203 134.42648315429688
1.0 7.519158001 143.11463928222656 43.39170455932617
2.0 7.519158001 194.24188232421875 75.55449676513672
3.0 7.519158001 193.44119262695312 98.9277572631836
4.0 7.519158001 127.93219757080078 44.52883529663086
5.0 7.519158001 108.44339752197266 119.1684341430664
6.0 7.519158001 143.12667846679688 43.53044128417969
7.0 7.519158001 127.29314422607422 44.83005905151367
8.0 7.519158001 144.6436004638672 51.5053825378418
9.0 7.519158001 108.68487548828125 119.62715911865234
10.0 7.519158001 127.05231475830078 44.83964920043945
11.0 7.519158001 56.83702087402344 46.897823333740234
12.0 7.519158001 143.23049926757812 50.92014694213867
0.0 7.563223001 199.74034118652344 133.991455078125
1.0 7.563223001 143.53794860839844 43.03242111206055
2.0 7.563223001 194.700927734375 75.1341323852539
3.0 7.563223001 193.93116760253906 98.5763931274414
4.0 7.563223001 128.3671417236328 44.17889404296875
5.0 7.563223001 108.97035217285156 118.72840881347656
6.0 7.563223001 143.5542449951172 43.16874694824219
7.0 7.563223001 127.70310974121094 44.45957946777344
8.0 7.563223001 145.18516540527344 51.2757682800293
9.0 7.563223001 109.22882080078125 119.21482849121094
10.0 7.563223001 127.47357940673828 44.46965408325195
11.0 7.563223001 57.31487274169922 46.61713409423828
12.0 7.563223001 143.68572998046875 50.60940170288086
0.0 7.607289001 200.124755859375 133.38108825683594
1.0 7.607289001 143.75379943847656 42.529781341552734
2.0 7.607289001 195.00912475585938 74.57524871826172
3.0 7.607289001 194.23497009277344 97.96463775634766
4.0 7.607289001 128.57315063476562 43.718448638916016
5.0 7.607289001 109.37015533447266 118.28965759277344
6.0 7.607289001 143.771484375 42.64964294433594
7.0 7.607289001 127.9090576171875 43.99907684326172
8.0 7.607289001 145.49014282226562 50.89992141723633
9.0 7.607289001 109.61450958251953 118.7535400390625
10.0 7.607289001 127.66930389404297 44.008785247802734
11.0 7.607289001 57.557884216308594 46.32405471801758
12.0 7.607289001 143.9378662109375 50.18395233154297
0.0 7.651354001 200.4609375 132.89602661132812
1.0 7.651354001 144.75575256347656 41.70640182495117
2.0 7.651354001 195.69943237304688 74.15111541748047
3.0 7.651354001 194.9798583984375 97.65619659423828
4.0 7.651354001 129.53500366210938 42.81899642944336
5.0 7.651354001 109.8430404663086 117.17899322509766
6.0 7.651354001 144.77432250976562 41.821319580078125
7.0 7.651354001 128.86611938476562 43.0980224609375
8.0 7.651354001 146.53955078125 50.234066009521484
9.0 7.651354001 110.10921478271484 117.64292907714844
10.0 7.651354001 128.6260986328125 43.1073112487793
11.0 7.651354001 58.55149459838867 44.961517333984375
12.0 7.651354001 144.9235382080078 49.425174713134766
0.0 7.69542 199.9217529296875 133.40269470214844
1.0 7.69542 145.8292694091797 41.405452728271484
2.0 7.69542 196.18869018554688 74.62655639648438
3.0 7.69542 195.19117736816406 98.12711334228516
4.0 7.69542 130.5810546875 42.217308044433594
5.0 7.69542 109.5973892211914 116.27655029296875
6.0 7.69542 145.8474578857422 41.50973892211914
7.0 7.69542 129.91030883789062 42.46163558959961
8.0 7.69542 147.64353942871094 50.083404541015625
9.0 7.69542 109.84818267822266 116.73417663574219
10.0 7.69542 129.6698455810547 42.467926025390625
11.0 7.69542 59.59693908691406 43.17741775512695
12.0 7.69542 145.95797729492188 49.17972183227539
0.0 7.739485001 199.76181030273438 133.89935302734375
1.0 7.739485001 147.06536865234375 41.20974349975586
2.0 7.739485001 196.8101806640625 75.24378967285156
3.0 7.739485001 195.80828857421875 98.85242462158203
4.0 7.739485001 131.7830352783203 41.771812438964844
5.0 7.739485001 109.72647094726562 115.52737426757812
6.0 7.739485001 147.0840301513672 41.30851745605469
7.0 7.739485001 131.11666870117188 42.01722717285156
8.0 7.739485001 148.9092254638672 49.992149353027344
9.0 7.739485001 109.98323822021484 115.99248504638672
10.0 7.739485001 130.86585998535156 42.024478912353516
11.0 7.739485001 60.84187316894531 41.68562316894531
12.0 7.739485001 147.14340209960938 48.9617805480957
0.0 7.783550001 198.86598205566406 134.5038299560547
1.0 7.783550001 148.63308715820312 40.66429138183594
2.0 7.783550001 197.34683227539062 75.93632507324219
3.0 7.783550001 196.12295532226562 99.6212158203125
4.0 7.783550001 133.31497192382812 40.78329086303711
5.0 7.783550001 109.31838989257812 113.96726989746094
6.0 7.783550001 148.64968872070312 40.75105667114258
7.0 7.783550001 132.63040161132812 41.01172637939453
8.0 7.783550001 150.4763946533203 49.550350189208984
9.0 7.783550001 109.55781555175781 114.43968963623047
10.0 7.783550001 132.39602661132812 41.0191650390625
11.0 7.783550001 62.4446907043457 38.84657669067383
12.0 7.783550001 148.64288330078125 48.43856430053711
0.0 7.827616 197.24497985839844 135.71124267578125
1.0 7.827616 150.90423583984375 40.14414596557617
2.0 7.827616 197.912109375 77.34436798095703
3.0 7.827616 196.3392333984375 101.07537841796875
4.0 7.827616 135.56297302246094 39.5667839050293
5.0 7.827616 108.54405975341797 111.85581970214844
6.0 7.827616 150.9200439453125 40.22886276245117
7.0 7.827616 134.8829803466797 39.75508117675781
8.0 7.827616 152.6533966064453 49.1342887878418
9.0 7.827616 108.77284240722656 112.32605743408203
10.0 7.827616 134.6448516845703 39.756282806396484
11.0 7.827616 64.88139343261719 34.777671813964844
12.0 7.827616 150.7598876953125 47.88145065307617
0.0 7.871681 195.83303833007812 137.51939392089844
1.0 7.871681 153.31646728515625 40.47512435913086
2.0 7.871681 198.59426879882812 79.44776153564453
3.0 7.871681 196.66123962402344 103.197509765625
4.0 7.871681 137.97024536132812 39.18231964111328
5.0 7.871681 108.08331298828125 110.44589233398438
6.0 7.871681 153.329345703125 40.54830551147461
7.0 7.871681 137.29537963867188 39.3636589050293
8.0 7.871681 154.96383666992188 49.507259368896484
9.0 7.871681 108.30951690673828 110.93848419189453
10.0 7.871681 137.0543975830078 39.35808563232422
11.0 7.871681 67.60128784179688 31.603221893310547
12.0 7.871681 153.04043579101562 48.138023376464844
0.0 7.915746 193.6952667236328 138.46142578125
1.0 7.915746 154.9449920654297 40.10266876220703
2.0 7.915746 198.49301147460938 80.73970794677734
3.0 7.915746 196.2141876220703 104.4488296508789
4.0 7.915746 139.68869018554688 38.165313720703125
5.0 7.915746 106.96178436279297 108.25627136230469
6.0 7.915746 154.9568634033203 40.17782211303711
7.0 7.915746 139.00367736816406 38.31599044799805
8.0 7.915746 156.5160369873047 49.199615478515625
9.0 7.915746 107.18080139160156 108.73912811279297
10.0 7.915746 138.76266479492188 38.309513092041016
11.0 7.915746 69.73848724365234 27.87677764892578
12.0 7.915746 154.54238891601562 47.70155715942383
0.0 7.959812 191.39830017089844 140.17410278320312
1.0 7.959812 157.5950164794922 40.4061164855957
2.0 7.959812 198.76577758789062 83.05368041992188
3.0 7.959812 196.0561981201172 106.82193756103516
4.0 7.959812 142.47743225097656 37.576026916503906
5.0 7.959812 106.17894744873047 106.11530303955078
6.0 7.959812 157.6035919189453 40.47140121459961
7.0 7.959812 141.78448486328125 37.6970329284668
8.0 7.959812 159.00497436523438 49.50413513183594
9.0 7.959812 106.36882781982422 106.59442138671875
10.0 7.959812 141.5527801513672 37.69291687011719
11.0 7.959812 73.19703674316406 23.764892578125
12.0 7.959812 157.0149688720703 47.85286331176758
0.0 8.003877 188.5183563232422 142.1063232421875
1.0 8.003877 159.8237762451172 41.16305923461914
2.0 8.003877 198.45220947265625 85.72785949707031
3.0 8.003877 195.3070526123047 109.49055480957031
4.0 8.003877 144.85708618164062 37.500465393066406
5.0 8.003877 105.04901885986328 104.15290832519531
6.0 8.003877 159.8296356201172 41.23086929321289
7.0 8.003877 144.187744140625 37.59879684448242
8.0 8.003877 161.08665466308594 50.250038146972656
9.0 8.003877 105.22844696044922 104.63015747070312
10.0 8.003877 143.9464874267578 37.58595657348633
11.0 8.003877 76.52964782714844 20.163692474365234
12.0 8.003877 159.0692138671875 48.44069290161133
0.0 8.047942 186.46800231933594 143.72030639648438
1.0 8.047942 162.26116943359375 41.91146469116211
2.0 8.047942 198.64112854003906 88.0866928100586
3.0 8.047942 195.15585327148438 111.7991714477539
4.0 8.047942 147.5447998046875 37.56126403808594
5.0 8.047942 104.6925048828125 102.50404357910156
6.0 8.047942 162.26731872558594 41.97868728637695
7.0 8.047942 146.8735809326172 37.635040283203125
8.0 8.047942 163.4062957763672 51.040283203125
9.0 8.047942 104.8524169921875 102.97824096679688
10.0 8.047942 146.64219665527344 37.62275314331055
11.0 8.047942 80.04022979736328 17.16200828552246
12.0 8.047942 161.3496551513672 49.022491455078125
0.0 8.092008 184.17564392089844 145.7957305908203
1.0 8.092008 165.02110290527344 43.3212890625
2.0 8.092008 198.76681518554688 91.1001968383789
3.0 8.092008 194.77064514160156 114.807861328125
4.0 8.092008 150.58865356445312 38.1574592590332
5.0 8.092008 104.427734375 100.95577239990234
6.0 8.092008 165.02574157714844 43.38493728637695
7.0 8.092008 149.93692016601562 38.211280822753906
8.0 8.092008 166.06576538085938 52.50121307373047
9.0 8.092008 104.56815338134766 101.42237091064453
10.0 8.092008 149.70652770996094 38.196292877197266
11.0 8.092008 84.23643493652344 14.255876541137695
12.0 8.092008 163.99977111816406 50.291019439697266
0.0 8.136073 181.97715759277344 148.11416625976562
1.0 8.136073 167.92916870117188 45.131595611572266
2.0 8.136073 198.8646697998047 94.47282409667969
3.0 8.136073 194.58106994628906 118.22886657714844
4.0 8.136073 153.91635131835938 39.1895866394043
5.0 8.136073 104.4004135131836 99.55615997314453
6.0 8.136073 167.93057250976562 45.19858169555664
7.0 8.136073 153.27407836914062 39.230464935302734
8.0 8.136073 168.778564453125 54.173553466796875
9.0 8.136073 104.52669525146484 100.02931213378906
10.0 8.136073 153.0499725341797 39.21061706542969
11.0 8.136073 88.90259552001953 11.66077995300293
12.0 8.136073 166.7482452392578 51.783226013183594
0.0 8.180139001 179.19529724121094 149.95254516601562
1.0 8.180139001 171.050048828125 46.66962814331055
2.0 8.180139001 198.81178283691406 97.5595474243164
3.0 8.180139001 193.87400817871094 121.13935852050781
4.0 8.180139001 157.4846649169922 39.88441467285156
5.0 8.180139001 104.46953582763672 97.4344711303711
6.0 8.180139001 171.05142211914062 46.73257064819336
7.0 8.180139001 156.8228302001953 39.91997146606445
8.0 8.180139001 171.7924346923828 55.731422424316406
9.0 8.180139001 104.57344055175781 97.89701843261719
10.0 8.180139001 156.5970916748047 39.886348724365234
11.0 8.180139001 94.11888885498047 8.587018013000488
12.0 8.180139001 169.76437377929688 53.063533782958984
0.0 8.224204 176.35906982421875 152.6321563720703
1.0 8.224204 174.82302856445312 49.44462203979492
2.0 8.224204 198.90484619140625 101.84635925292969
3.0 8.224204 193.63983154296875 125.54023742675781
4.0 8.224204 161.8385467529297 41.7252082824707
5.0 8.224204 105.07640075683594 95.89450073242188
6.0 8.224204 174.8223114013672 49.5076789855957
7.0 8.224204 161.1731414794922 41.7390251159668
8.0 8.224204 175.44406127929688 58.37467956542969
9.0 8.224204 105.16620635986328 96.34881591796875
10.0 8.224204 160.9340057373047 41.70024108886719
11.0 8.224204 100.62711334228516 6.232066631317139
12.0 8.224204 173.47332763671875 55.53974914550781
0.0 8.268269 173.77816772460938 154.7853546142578
1.0 8.268269 177.82510375976562 52.081077575683594
2.0 8.268269 198.62185668945312 105.60101318359375
3.0 8.268269 192.82974243164062 129.17904663085938
4.0 8.268269 165.38360595703125 43.53909683227539
5.0 8.268269 105.53572082519531 94.50414276123047
6.0 8.268269 177.82191467285156 52.149085998535156
7.0 8.268269 164.6807861328125 43.533653259277344
8.0 8.268269 178.3427276611328 60.961307525634766
9.0 8.268269 105.60819244384766 94.94342803955078
10.0 8.268269 164.45083618164062 43.48111343383789
11.0 8.268269 106.32632446289062 3.810289144515991
12.0 8.268269 176.41909790039062 57.89091110229492
0.0 8.312335001 171.29331970214844 157.13381958007812
1.0 8.312335001 181.23092651367188 55.12983322143555
2.0 8.312335001 198.50411987304688 109.63754272460938
3.0 8.312335001 192.22900390625 133.1828155517578
4.0 8.312335001 169.38516235351562 45.839847564697266
5.0 8.312335001 106.50286102294922 93.28260803222656
6.0 8.312335001 181.2263946533203 55.19718933105469
7.0 8.312335001 168.66177368164062 45.80568313598633
8.0 8.312335001 181.60289001464844 63.95573043823242
9.0 8.312335001 106.55696105957031 93.70099639892578
10.0 8.312335001 168.4275360107422 45.732669830322266
11.0 8.312335001 112.66988372802734 0.4906467795372009
12.0 8.312335001 179.77146911621094 60.73652648925781
0.0 8.356400001 168.7165985107422 159.83001708984375
1.0 8.356400001 184.6107177734375 58.956851959228516
2.0 8.356400001 198.23385620117188 114.3629379272461
3.0 8.356400001 191.60153198242188 137.9473114013672
4.0 8.356400001 173.4754180908203 48.95968246459961
5.0 8.356400001 107.77882385253906 92.56756591796875
6.0 8.356400001 184.60595703125 59.025604248046875
7.0 8.356400001 172.73187255859375 48.88771438598633
8.0 8.356400001 184.89898681640625 67.69776916503906
9.0 8.356400001 107.82561492919922 92.98194885253906
10.0 8.356400001 172.49224853515625 48.793880462646484
11.0 8.356400001 119.25804901123047 -22.87947654724121
12.0 8.356400001 183.1859893798828 64.3851318359375
0.0 8.400465001 167.3483123779297 161.91900634765625
1.0 8.400465001 187.3584747314453 62.05815887451172
2.0 8.400465001 198.36178588867188 117.88693237304688
3.0 8.400465001 191.4431915283203 141.4776611328125
4.0 8.400465001 176.7049560546875 51.51332473754883
5.0 8.400465001 109.15473937988281 92.37100982666016
6.0 8.400465001 187.35227966308594 62.125694274902344
7.0 8.400465001 175.95510864257812 51.42322540283203
8.0 8.400465001 187.55711364746094 70.72506713867188
9.0 8.400465001 109.18423461914062 92.77018737792969
10.0 8.400465001 175.69711303710938 51.32525634765625
11.0 8.400465001 124.06963348388672 -53.585670471191406
12.0 8.400465001 185.90780639648438 67.3516845703125
0.0 8.444531001 165.27232360839844 163.63279724121094
1.0 8.444531001 189.76113891601562 65.00049591064453
2.0 8.444531001 197.86782836914062 121.21609497070312
3.0 8.444531001 190.65907287597656 144.82716369628906
4.0 8.444531001 179.72866821289062 53.95639419555664
5.0 8.444531001 110.22613525390625 91.63186645507812
6.0 8.444531001 189.75460815429688 65.06820678710938
7.0 8.444531001 178.97120666503906 53.819454193115234
8.0 8.444531001 189.9230194091797 73.65503692626953
9.0 8.444531001 110.25565338134766 92.03594970703125
10.0 8.444531001 178.69937133789062 53.699562072753906
11.0 8.444531001 129.3255615234375 -83.5062026977539
12.0 8.444531001 188.36669921875 70.16024017333984
0.0 8.488596001 162.79063415527344 166.08218383789062
1.0 8.488596001 192.42535400390625 69.1490707397461
2.0 8.488596001 197.16258239746094 125.6229248046875
3.0 8.488596001 189.62669372558594 149.30526733398438
4.0 8.488596001 183.07212829589844 57.50510025024414
5.0 8.488596001 111.51431274414062 91.4837875366211
6.0 8.488596001 192.41900634765625 69.2136459350586
7.0 8.488596001 182.2941436767578 57.34257125854492
8.0 8.488596001 192.46942138671875 77.70197296142578
9.0 8.488596001 111.5272445678711 91.87385559082031
10.0 8.488596001 182.0172119140625 57.22006607055664
11.0 8.488596001 135.13412475585938 -112.54510498046875
12.0 8.488596001 191.0010986328125 74.24508666992188
0.0 8.532661001 161.8145751953125 167.57167053222656
1.0 8.532661001 194.33697509765625 71.7668685913086
2.0 8.532661001 197.18162536621094 128.2749481201172
3.0 8.532661001 189.47166442871094 152.06747436523438
4.0 8.532661001 185.41281127929688 59.829254150390625
5.0 8.532661001 112.83209228515625 91.54683685302734
6.0 8.532661001 194.331787109375 71.8297119140625
7.0 8.532661001 184.60952758789062 59.63779067993164
8.0 8.532661001 194.33522033691406 80.29158020019531
9.0 8.532661001 112.83881378173828 91.93753051757812
10.0 8.532661001 184.34963989257812 59.499473571777344
11.0 8.532661001 138.74127197265625 -142.50314331054688
12.0 8.532661001 192.9169464111328 76.783935546875
0.0 8.576727001 162.3451690673828 169.1240997314453
1.0 8.576727001 195.5189208984375 73.60073852539062
2.0 8.576727001 197.85543823242188 130.06268310546875
3.0 8.576727001 190.18568420410156 154.00942993164062
4.0 8.576727001 186.75140380859375 61.630821228027344
5.0 8.576727001 113.99588012695312 92.6848373413086
6.0 8.576727001 195.5143585205078 73.6611328125
7.0 8.576727001 185.94589233398438 61.437461853027344
8.0 8.576727001 195.50550842285156 82.17989349365234
9.0 8.576727001 114.0003662109375 93.08229064941406
10.0 8.576727001 185.67062377929688 61.29182815551758
11.0 8.576727001 139.8304443359375 -174.75221252441406
12.0 8.576727001 194.14028930664062 78.58475494384766
0.0 8.620792001 163.21961975097656 170.08587646484375
1.0 8.620792001 195.6079864501953 74.32197570800781
2.0 8.620792001 198.44583129882812 130.68515014648438
3.0 8.620792001 190.76649475097656 154.71817016601562
4.0 8.620792001 186.7534942626953 62.52377700805664
5.0 8.620792001 114.3593978881836 93.96609497070312
6.0 8.620792001 195.60354614257812 74.3824234008789
7.0 8.620792001 185.94088745117188 62.33264923095703
8.0 8.620792001 195.5808563232422 83.03887176513672
9.0 8.620792001 114.34817504882812 94.36461639404297
10.0 8.620792001 185.65768432617188 62.18375778198242
11.0 8.620792001 138.8119659423828 -206.47439575195312
12.0 8.620792001 194.24472045898438 79.29444885253906
0.0 8.664858 165.68797302246094 170.5775604248047
1.0 8.664858 194.72555541992188 73.66841125488281
2.0 8.664858 199.71334838867188 129.75888061523438
3.0 8.664858 192.21527099609375 154.0332794189453
4.0 8.664858 185.44244384765625 62.329734802246094
5.0 8.664858 114.441162109375 95.95795440673828
6.0 8.664858 194.72195434570312 73.728515625
7.0 8.664858 184.62149047851562 62.17378234863281
8.0 8.664858 194.72906494140625 82.69452667236328
9.0 8.664858 114.4283447265625 96.35398864746094
10.0 8.664858 184.3448486328125 62.03033447265625
11.0 8.664858 134.66470336914062 -237.19322204589844
12.0 8.664858 193.38693237304688 78.63296508789062
0.0 8.708923 169.4705810546875 169.7699737548828
1.0 8.708923 192.2091064453125 70.96646881103516
2.0 8.708923 201.3216094970703 126.44120025634766
3.0 8.708923 194.13616943359375 150.95382690429688
4.0 8.708923 182.1078643798828 60.479312896728516
5.0 8.708923 113.72998809814453 98.3375015258789
6.0 8.708923 192.20654296875 71.02899169921875
7.0 8.708923 181.30935668945312 60.36027908325195
8.0 8.708923 192.36239624023438 80.3746566772461
9.0 8.708923 113.72364044189453 98.71569061279297
10.0 8.708923 181.0189971923828 60.25004959106445
11.0 8.708923 126.47991943359375 -267.40203857421875
12.0 8.708923 190.853759765625 75.93907165527344
0.0 8.752988001 172.61866760253906 167.72927856445312
1.0 8.752988001 188.72647094726562 67.42359161376953
2.0 8.752988001 201.92181396484375 122.09066772460938
3.0 8.752988001 195.11041259765625 146.68505859375
4.0 8.752988001 177.88104248046875 57.842376708984375
5.0 8.752988001 112.62676239013672 99.71219635009766
6.0 8.752988001 188.72525024414062 67.48153686523438
7.0 8.752988001 177.1024169921875 57.76063537597656
8.0 8.752988001 189.0529022216797 77.32687377929688
9.0 8.752988001 112.62792205810547 100.10343170166016
10.0 8.752988001 176.80320739746094 57.66765213012695
11.0 8.752988001 117.45702362060547 -300.10577392578125
12.0 8.752988001 187.4029083251953 72.44136810302734
0.0 8.797054 174.5430450439453 164.17431640625
1.0 8.797054 185.32809448242188 62.924041748046875
2.0 8.797054 201.78465270996094 116.73624420166016
3.0 8.797054 195.2163543701172 141.39512634277344
4.0 8.797054 173.90603637695312 54.104881286621094
5.0 8.797054 111.0853271484375 99.21309661865234
6.0 8.797054 185.32838439941406 62.984222412109375
7.0 8.797054 173.14718627929688 54.056400299072266
8.0 8.797054 185.77845764160156 73.20155334472656
9.0 8.797054 111.08503723144531 99.58380889892578
10.0 8.797054 172.84568786621094 53.97210693359375
11.0 8.797054 110.6213607788086 -335.53033447265625
12.0 8.797054 183.97647094726562 67.96331024169922
0.0 8.841119 177.98524475097656 161.72457885742188
1.0 8.841119 181.3769989013672 59.63327407836914
2.0 8.841119 202.19497680664062 112.05503845214844
3.0 8.841119 195.9462127685547 136.6448974609375
4.0 8.841119 169.27525329589844 51.85105514526367
5.0 8.841119 110.21831512451172 100.98527526855469
6.0 8.841119 181.3782958984375 59.687320709228516
7.0 8.841119 168.5317840576172 51.83781814575195
8.0 8.841119 182.08755493164062 70.36714172363281
9.0 8.841119 110.22437286376953 101.36280059814453
10.0 8.841119 168.24758911132812 51.774234771728516
11.0 8.841119 99.46398162841797 -365.91046142578125
12.0 8.841119 180.02346801757812 64.72544860839844
0.0 8.885184 181.8514404296875 157.89285278320312
1.0 8.885184 175.0948486328125 55.534812927246094
2.0 8.885184 201.63487243652344 105.63253021240234
3.0 8.885184 196.27330017089844 130.44317626953125
4.0 8.885184 162.18128967285156 49.24127960205078
5.0 8.885184 108.63406372070312 103.58322143554688
6.0 8.885184 175.0982208251953 55.586647033691406
7.0 8.885184 161.4810333251953 49.2543830871582
8.0 8.885184 176.1767578125 66.83136749267578
9.0 8.885184 108.656982421875 103.97966766357422
10.0 8.885184 161.20394897460938 49.21612548828125
11.0 8.885184 -20.37213134765625 -370.5758056640625
12.0 8.885184 173.72718811035156 60.758766174316406
0.0 8.92925 185.53622436523438 151.48651123046875
1.0 8.92925 168.84579467773438 49.71564865112305
2.0 8.92925 200.86746215820312 97.0660171508789
3.0 8.92925 196.27426147460938 121.97286224365234
4.0 8.92925 155.32081604003906 44.8895263671875
5.0 8.92925 107.66215515136719 103.99095153808594
6.0 8.92925 168.85218811035156 49.76498031616211
7.0 8.92925 154.643310546875 44.91603469848633
8.0 8.92925 170.45230102539062 61.624935150146484
9.0 8.92925 107.7021484375 104.38300323486328
10.0 8.92925 154.3720245361328 44.88950729370117
11.0 8.92925 -45.37213134765625 -445.5758056640625
12.0 8.92925 167.5168914794922 55.075008392333984
0.0 8.973315 187.96205139160156 145.3147430419922
1.0 8.973315 162.36705017089844 44.932621002197266
2.0 8.973315 198.99652099609375 89.31428527832031
3.0 8.973315 195.05615234375 114.39779663085938
4.0 8.973315 148.3741912841797 41.48759460449219
5.0 8.973315 106.37177276611328 104.233154296875
6.0 8.973315 162.3744659423828 44.980838775634766
7.0 8.973315 147.69163513183594 41.5242805480957
8.0 8.973315 164.43780517578125 57.36172866821289
9.0 8.973315 106.43135833740234 104.63516235351562
10.0 8.973315 147.41053771972656 41.50865173339844
11.0 8.973315 -70.37213134765625 -458.0758056640625
12.0 8.973315 161.08607482910156 50.48374938964844
0.0 9.01738 190.64559936523438 139.72537231445312
1.0 9.01738 155.11566162109375 41.74017333984375
2.0 9.01738 196.64581298828125 82.40247344970703
3.0 9.01738 193.49314880371094 107.49932861328125
4.0 9.01738 140.8976593017578 39.85359573364258
5.0 9.01738 105.47354125976562 106.13841247558594
6.0 9.01738 155.12796020507812 41.779537200927734
7.0 9.01738 140.19540405273438 39.922698974609375
8.0 9.01738 157.76210021972656 54.59223175048828
9.0 9.01738 105.56004333496094 106.54777526855469
10.0 9.01738 139.88595581054688 39.92099380493164
11.0 9.01738 -566.3721313476562 37.9241943359375
12.0 9.01738 153.96336364746094 47.485660552978516
0.0 9.061446 193.22476196289062 131.96031188964844
1.0 9.061446 147.05868530273438 37.78974533081055
2.0 9.061446 193.55982971191406 73.66629791259766
3.0 9.061446 191.37721252441406 98.89458465576172
4.0 9.061446 132.75668334960938 37.63651657104492
5.0 9.061446 105.01333618164062 107.02371215820312
6.0 9.061446 147.0703887939453 37.82820510864258
7.0 9.061446 131.99502563476562 37.756587982177734
8.0 9.061446 150.57763671875 51.074188232421875
9.0 9.061446 105.14231872558594 107.44227600097656
10.0 9.061446 131.66360473632812 37.772926330566406
11.0 9.061446 -594.3167724609375 34.991058349609375
12.0 9.061446 146.1758270263672 43.78840255737305
0.0 9.105511 194.63861083984375 122.89045715332031
1.0 9.105511 138.561767578125 33.4426155090332
2.0 9.105511 189.36119079589844 64.2220458984375
3.0 9.105511 188.09446716308594 89.45801544189453
4.0 9.105511 124.38005828857422 35.01228332519531
5.0 9.105511 104.32040405273438 106.54981994628906
6.0 9.105511 138.576171875 33.4754638671875
7.0 9.105511 123.56331634521484 35.22261428833008
8.0 9.105511 143.01197814941406 47.091102600097656
9.0 9.105511 104.47074890136719 106.96984100341797
10.0 9.105511 123.21944427490234 35.2685661315918
11.0 9.105511 -622.1464233398438 37.07196044921875
12.0 9.105511 138.00938415527344 39.69645690917969
0.0 9.149577001 195.46022033691406 115.97715759277344
1.0 9.149577001 131.62411499023438 31.1938419342041
2.0 9.149577001 185.59815979003906 57.39019012451172
3.0 9.149577001 185.05723571777344 82.59123992919922
4.0 9.149577001 117.73981475830078 34.08961868286133
5.0 9.149577001 104.01686096191406 106.66680908203125
6.0 9.149577001 131.642333984375 31.224821090698242
7.0 9.149577001 116.90924835205078 34.35816192626953
8.0 9.149577001 136.841552734375 44.84800338745117
9.0 9.149577001 104.2021255493164 107.09172058105469
10.0 9.149577001 116.55108642578125 34.42469787597656
11.0 9.149577001 -649.5619506835938 32.77186584472656
12.0 9.149577001 131.39981079101562 37.528934478759766
0.0 9.193642001 195.23049926757812 109.35113525390625
1.0 9.193642001 124.81855773925781 29.353225708007812
2.0 9.193642001 181.24554443359375 51.272010803222656
3.0 9.193642001 181.37115478515625 76.44865417480469
4.0 9.193642001 111.25310516357422 33.43088912963867
5.0 9.193642001 103.17627716064453 106.41783142089844
6.0 9.193642001 124.8404769897461 29.3809871673584
7.0 9.193642001 110.39867401123047 33.7437858581543
8.0 9.193642001 130.84942626953125 43.073246002197266
9.0 9.193642001 103.38226318359375 106.81848907470703
10.0 9.193642001 110.03331756591797 33.83561706542969
11.0 9.193642001 -677.0750732421875 34.801673889160156
12.0 9.193642001 124.93183898925781 35.78213119506836
0.0 9.237707 194.4506378173828 103.42636108398438
1.0 9.237707 119.37548065185547 27.349510192871094
2.0 9.237707 177.4318389892578 45.8448371887207
3.0 9.237707 178.07608032226562 71.04696655273438
4.0 9.237707 106.17013549804688 32.2431526184082
5.0 9.237707 102.30134582519531 105.3043441772461
6.0 9.237707 119.3987045288086 27.375398635864258
7.0 9.237707 105.29806518554688 32.6158447265625
8.0 9.237707 126.16958618164062 41.06475067138672
9.0 9.237707 102.51646423339844 105.6836929321289
10.0 9.237707 104.93421173095703 32.728729248046875
11.0 9.237707 -705.5723266601562 34.890052795410156
12.0 9.237707 119.73326873779297 33.77131652832031
0.0 9.281773001 194.33096313476562 98.99491882324219
1.0 9.281773001 115.5959243774414 26.337818145751953
2.0 9.281773001 174.78012084960938 42.02888488769531
3.0 9.281773001 175.93075561523438 67.19263458251953
4.0 9.281773001 102.68611907958984 31.85085105895996
5.0 9.281773001 102.25784301757812 104.71489715576172
6.0 9.281773001 115.6213150024414 26.35777473449707
7.0 9.281773001 101.80783081054688 32.30083084106445
8.0 9.281773001 122.96467590332031 39.9640998840332
9.0 9.281773001 102.48048400878906 105.09941864013672
10.0 9.281773001 101.46765899658203 32.43358612060547
11.0 9.281773001 -734.3428955078125 35.71217346191406
12.0 9.281773001 116.11611938476562 32.67307662963867
0.0 9.325838001 194.8341522216797 93.76473236083984
1.0 9.325838001 112.03685760498047 25.36078453063965
2.0 9.325838001 172.4136962890625 37.61660385131836
3.0 9.325838001 174.0426788330078 62.7798957824707
4.0 9.325838001 99.43460083007812 31.63066291809082
5.0 9.325838001 102.98776245117188 103.95885467529297
6.0 9.325838001 112.0665283203125 25.37981414794922
7.0 9.325838001 98.55127716064453 32.13312530517578
8.0 9.325838001 120.11006164550781 38.851051330566406
9.0 9.325838001 103.25605773925781 104.34407043457031
10.0 9.325838001 98.21862030029297 32.29538345336914
11.0 9.325838001 -762.0770263671875 34.66291809082031
12.0 9.325838001 112.8039321899414 31.67226791381836
0.0 9.369903001 195.18287658691406 87.08172607421875
1.0 9.369903001 107.38814544677734 24.44676399230957
2.0 9.369903001 169.0370330810547 32.212547302246094
3.0 9.369903001 171.30841064453125 57.32571029663086
4.0 9.369903001 95.3370361328125 31.601285934448242
5.0 9.369903001 104.17525482177734 103.19981384277344
6.0 9.369903001 107.41924285888672 24.46561050415039
7.0 9.369903001 94.46147918701172 32.17974090576172
8.0 9.369903001 116.20724487304688 37.707489013671875
9.0 9.369903001 104.45198822021484 103.55850982666016
10.0 9.369903001 94.14118194580078 32.36137008666992
11.0 9.369903001 -796.687744140625 50.68133544921875
12.0 9.369903001 108.48067474365234 30.725383758544922
0.0 9.413969001 196.07644653320312 81.42264556884766
1.0 9.413969001 103.81001281738281 24.82779884338379
2.0 9.413969001 166.35992431640625 28.063852310180664
3.0 9.413969001 169.2613067626953 53.1590576171875
4.0 9.413969001 92.36092376708984 32.81833267211914
5.0 9.413969001 106.19278717041016 103.262939453125
6.0 9.413969001 103.84378051757812 24.848876953125
7.0 9.413969001 91.49928283691406 33.489994049072266
8.0 9.413969001 113.34133911132812 37.7679328918457
9.0 9.413969001 106.48149108886719 103.6051025390625
10.0 9.413969001 91.19566345214844 33.69288635253906
11.0 9.413969001 -825.6158447265625 57.143798828125
12.0 9.413969001 105.19330596923828 31.12055015563965
0.0 9.458034001 196.56993103027344 76.56382751464844
1.0 9.458034001 99.85697937011719 26.77384376525879
2.0 9.458034001 162.97584533691406 25.106407165527344
3.0 9.458034001 166.57608032226562 50.021209716796875
4.0 9.458034001 89.14744567871094 35.577117919921875
5.0 9.458034001 108.37525939941406 104.5518569946289
6.0 9.458034001 99.89239501953125 26.79317283630371
7.0 9.458034001 88.30979919433594 36.32316207885742
8.0 9.458034001 110.1287841796875 39.40704345703125
9.0 9.458034001 108.65495300292969 104.8786392211914
10.0 9.458034001 88.01708984375 36.55046463012695
11.0 9.458034001 -856.2838134765625 68.0674819946289
12.0 9.458034001 101.5851821899414 33.06565856933594
0.0 9.5021 196.28158569335938 73.01551055908203
1.0 9.5021 96.43376159667969 29.06954574584961
2.0 9.5021 159.72613525390625 23.310882568359375
3.0 9.5021 163.79505920410156 48.12993240356445
4.0 9.5021 86.33394622802734 38.502777099609375
5.0 9.5021 109.75765991210938 105.9283218383789
6.0 9.5021 96.4676284790039 29.08557891845703
7.0 9.5021 85.50369262695312 39.3377571105957
8.0 9.5021 107.28086853027344 41.286598205566406
9.0 9.5021 110.08517456054688 106.26061248779297
10.0 9.5021 85.24295043945312 39.58516311645508
11.0 9.5021 -883.7036743164062 68.72997283935547
12.0 9.5021 98.42774200439453 35.29115295410156
0.0 9.546165001 195.66600036621094 70.60670471191406
1.0 9.546165001 93.74185180664062 31.07899284362793
2.0 9.546165001 157.02272033691406 22.32415199279785
3.0 9.546165001 161.38462829589844 47.05467987060547
4.0 9.546165001 84.11634826660156 40.92781448364258
5.0 9.546165001 110.52928161621094 107.1104736328125
6.0 9.546165001 93.77680206298828 31.093351364135742
7.0 9.546165001 83.3066177368164 41.80419921875
8.0 9.546165001 105.25597381591797 42.79738235473633
9.0 9.546165001 110.85894775390625 107.42371368408203
10.0 9.546165001 83.0477066040039 42.075077056884766
11.0 9.546165001 -909.9639892578125 68.10193634033203
12.0 9.546165001 95.93490600585938 37.240169525146484
0.0 9.590230001 194.58682250976562 68.83013916015625
1.0 9.590230001 91.62667083740234 31.92278289794922
2.0 9.590230001 154.74705505371094 21.460161209106445
3.0 9.590230001 159.38230895996094 46.13078689575195
4.0 9.590230001 82.26231384277344 41.98823547363281
5.0 9.590230001 110.31917572021484 107.38887786865234
6.0 9.590230001 91.661376953125 31.937328338623047
7.0 9.590230001 81.45301818847656 42.90953826904297
8.0 9.590230001 103.85712432861328 42.970279693603516
9.0 9.590230001 110.64093017578125 107.6924057006836
10.0 9.590230001 81.21395111083984 43.188785552978516
11.0 9.590230001 -938.341064453125 70.82369995117188
12.0 9.590230001 93.9271011352539 38.01897048950195
0.0 9.634296 193.45257568359375 67.4529800415039
1.0 9.634296 90.32403564453125 31.3116512298584
2.0 9.634296 153.37759399414062 20.36738395690918
3.0 9.634296 158.1713409423828 45.07802200317383
4.0 9.634296 80.97852325439453 41.36130142211914
5.0 9.634296 109.2598876953125 106.47209167480469
6.0 9.634296 90.35897827148438 31.323287963867188
7.0 9.634296 80.1871566772461 42.309200286865234
8.0 9.634296 102.66767120361328 42.25748062133789
9.0 9.634296 109.590576171875 106.77880096435547
10.0 9.634296 79.92951202392578 42.5795783996582
11.0 9.634296 -967.4357299804688 71.63740539550781
12.0 9.634296 92.60902404785156 37.34627914428711
0.0 9.678361 193.49378967285156 69.94035339355469
1.0 9.678361 92.09272766113281 30.466875076293945
2.0 9.678361 154.9888153076172 21.874601364135742
3.0 9.678361 159.82540893554688 46.64882278442383
4.0 9.678361 82.32673645019531 40.07326126098633
5.0 9.678361 108.04570007324219 106.20726776123047
6.0 9.678361 92.12847900390625 30.477720260620117
7.0 9.678361 81.50101470947266 40.98590087890625
8.0 9.678361 104.33756256103516 41.44316101074219
9.0 9.678361 108.40240478515625 106.52786254882812
10.0 9.678361 81.26483917236328 41.26277542114258
11.0 9.678361 -995.11181640625 67.8665771484375
12.0 9.678361 94.0435562133789 36.37880325317383
0.0 9.722426 193.69517517089844 74.51342010498047
1.0 9.722426 95.4144515991211 29.386507034301758
2.0 9.722426 158.00909423828125 24.793792724609375
3.0 9.722426 162.7263946533203 49.66716003417969
4.0 9.722426 84.96644592285156 38.19935989379883
5.0 9.722426 106.29950714111328 105.90239715576172
6.0 9.722426 95.44734191894531 29.396913528442383
7.0 9.722426 84.12628173828125 39.05463409423828
8.0 9.722426 107.58450317382812 40.45098876953125
9.0 9.722426 106.63925170898438 106.24119567871094
10.0 9.722426 83.856201171875 39.32472610473633
11.0 9.722426 -1027.0771484375 78.1276626586914
12.0 9.722426 96.86597442626953 35.13990783691406
0.0 9.766492 193.95147705078125 79.45671844482422
1.0 9.766492 100.21410369873047 27.14457130432129
2.0 9.766492 162.3690643310547 27.63612937927246
3.0 9.766492 166.58404541015625 52.795867919921875
4.0 9.766492 88.98664855957031 34.88468933105469
5.0 9.766492 104.52482604980469 104.33781433105469
6.0 9.766492 100.246337890625 27.154802322387695
7.0 9.766492 88.11566925048828 35.67750930786133
8.0 9.766492 112.15878295898438 38.61668395996094
9.0 9.766492 104.8715591430664 104.6649398803711
10.0 9.766492 87.83335876464844 35.923091888427734
11.0 9.766492 -1055.7418212890625 180.2642822265625
12.0 9.766492 101.1060562133789 32.66378402709961
0.0 9.810557 194.12680053710938 84.38314819335938
1.0 9.810557 105.33128356933594 25.259084701538086
2.0 9.810557 166.66444396972656 30.802873611450195
3.0 9.810557 170.41676330566406 56.188812255859375
4.0 9.810557 93.4575424194336 31.91985321044922
5.0 9.810557 103.13961029052734 102.60401153564453
6.0 9.810557 105.36126708984375 25.26873779296875
7.0 9.810557 92.54014587402344 32.656368255615234
8.0 9.810557 116.99950408935547 37.16277313232422
9.0 9.810557 103.47393798828125 102.97261047363281
10.0 9.810557 92.27500915527344 32.876197814941406
11.0 9.810557 -1081.9732666015625 227.5213623046875
12.0 9.810557 105.70083618164062 30.572927474975586
0.0 9.854622 194.301025390625 88.41249084472656
1.0 9.854622 110.13983917236328 23.73089027404785
2.0 9.854622 170.4501495361328 33.5980224609375
3.0 9.854622 173.71900939941406 59.12614440917969
4.0 9.854622 97.72452545166016 29.484527587890625
5.0 9.854622 102.37096405029297 100.87348937988281
6.0 9.854622 110.16920471191406 23.740434646606445
7.0 9.854622 96.78147888183594 30.163379669189453
8.0 9.854622 121.65089416503906 36.07026672363281
9.0 9.854622 102.69664001464844 101.24754333496094
10.0 9.854622 96.51271057128906 30.366262435913086
11.0 9.854622 -1081.9732666015625 227.5213623046875
12.0 9.854622 110.10363006591797 28.891450881958008
0.0 9.898688 193.3009033203125 90.892578125
1.0 9.898688 113.75840759277344 21.278955459594727
2.0 9.898688 172.98780822753906 35.0902214050293
3.0 9.898688 175.7001495361328 60.75489044189453
4.0 9.898688 100.9437255859375 26.113487243652344
5.0 9.898688 100.73007202148438 97.86377716064453
6.0 9.898688 113.78535461425781 21.288768768310547
7.0 9.898688 99.98993682861328 26.729700088500977
8.0 9.898688 124.9635238647461 34.07809066772461
9.0 9.898688 101.07490539550781 98.24334716796875
10.0 9.898688 99.7000503540039 26.91181755065918
11.0 9.898688 -1106.9732666015625 302.5213623046875
12.0 9.898688 113.38627624511719 26.3197021484375
0.0 9.942753 190.87506103515625 95.35570526123047
1.0 9.942753 118.19094848632812 19.54500961303711
2.0 9.942753 175.3429412841797 38.54830551147461
3.0 9.942753 177.33782958984375 64.42594909667969
4.0 9.942753 104.8899154663086 23.146833419799805
5.0 9.942753 98.04784393310547 94.98335266113281
6.0 9.942753 118.21735382080078 19.555068969726562
7.0 9.942753 103.89644622802734 23.681880950927734
8.0 9.942753 129.02828979492188 33.013633728027344
9.0 9.942753 98.38150787353516 95.38745880126953
10.0 9.942753 103.61266326904297 23.831260681152344
11.0 9.942753 -1131.9732666015625 377.5213623046875
12.0 9.942753 117.38488006591797 24.459514617919922
0.0 9.986819001 189.07049560546875 102.99402618408203
1.0 9.986819001 125.27023315429688 20.519012451171875
2.0 9.986819001 179.29661560058594 45.52470779418945
3.0 9.986819001 180.3651580810547 71.60423278808594
4.0 9.986819001 111.60865020751953 22.501644134521484
5.0 9.986819001 96.79319763183594 93.83973693847656
6.0 9.986819001 125.29669952392578 20.529577255249023
7.0 9.986819001 110.59374237060547 22.92240333557129
8.0 9.986819001 135.4712677001953 34.79763412475586
9.0 9.986819001 97.11078643798828 94.25118255615234
10.0 9.986819001 110.31658172607422 23.05775260925293
11.0 9.986819001 -1181.9732666015625 477.5213623046875
12.0 9.986819001 123.956298828125 25.236927032470703
0.0 10.030884 186.56588745117188 110.4974136352539
1.0 10.030884 132.65167236328125 22.09260368347168
2.0 10.030884 182.83230590820312 53.02901840209961
3.0 10.030884 182.87539672851562 79.17849731445312
4.0 10.030884 118.80915069580078 22.33138084411621
5.0 10.030884 95.77922058105469 92.2362060546875
6.0 10.030884 132.678466796875 22.1071720123291
7.0 10.030884 117.79713439941406 22.63286018371582
8.0 10.030884 141.99815368652344 37.1769905090332
9.0 10.030884 96.08502197265625 92.654541015625
10.0 10.030884 117.51827239990234 22.727752685546875
11.0 10.030884 -1231.9732666015625 427.5213623046875
12.0 10.030884 130.8953399658203 26.567644119262695
0.0 10.074949 184.08802795410156 115.12793731689453
1.0 10.074949 138.55899047851562 22.73870849609375
2.0 10.074949 185.14698791503906 58.044044494628906
3.0 10.074949 184.37631225585938 84.2699203491211
4.0 10.074949 124.64813995361328 21.56168556213379
5.0 10.074949 95.18742370605469 89.53726196289062
6.0 10.074949 138.58566284179688 22.75294303894043
7.0 10.074949 123.64104461669922 21.77384376525879
8.0 10.074949 129.96832275390625 37.50809097290039
9.0 10.074949 95.44571685791016 90.00211334228516
10.0 10.074949 123.36397552490234 21.847679138183594
11.0 10.074949 -1206.9732666015625 527.5213623046875
12.0 10.074949 136.5030517578125 27.035966873168945
0.0 10.119015001 181.73703002929688 119.38202667236328
1.0 10.119015001 143.8461151123047 24.178466796875
2.0 10.119015001 187.0091552734375 62.986141204833984
3.0 10.119015001 185.43093872070312 89.28285217285156
4.0 10.119015001 130.08811950683594 21.678232192993164
5.0 10.119015001 94.97618865966797 87.53640747070312
6.0 10.119015001 143.873046875 24.195825576782227
7.0 10.119015001 129.11061096191406 21.821760177612305
8.0 10.119015001 133.9679718017578 37.753177642822266
9.0 10.119015001 95.22762298583984 88.0141372680664
10.0 10.119015001 128.82110595703125 21.87503433227539
11.0 10.119015001 -1206.9732666015625 602.5213623046875
12.0 10.119015001 141.57106018066406 28.245620727539062
0.0 10.163080001 178.65451049804688 124.31586456298828
1.0 10.163080001 149.7379150390625 26.61030387878418
2.0 10.163080001 188.5718536376953 69.08660888671875
3.0 10.163080001 186.0992431640625 95.39705657958984
4.0 10.163080001 136.27410888671875 22.667869567871094
5.0 10.163080001 94.95283508300781 85.47266387939453
6.0 10.163080001 149.7627716064453 26.62818145751953
7.0 10.163080001 135.34593200683594 22.746795654296875
8.0 10.163080001 138.56387329101562 38.730377197265625
9.0 10.163080001 95.1735610961914 85.93899536132812
10.0 10.163080001 135.06979370117188 22.776681900024414
11.0 10.163080001 -1169.4732666015625 702.5213623046875
12.0 10.163080001 147.30606079101562 30.44582748413086
0.0 10.207145001 175.00474548339844 129.14175415039062
1.0 10.207145001 155.0487060546875 29.704151153564453
2.0 10.207145001 189.3648681640625 75.42857360839844
3.0 10.207145001 186.09474182128906 101.74465942382812
4.0 10.207145001 142.0787353515625 24.39934539794922
5.0 10.207145001 94.83207702636719 83.64913177490234
6.0 10.207145001 155.0749969482422 29.72389030456543
7.0 10.207145001 141.19857788085938 24.440635681152344
8.0 10.207145001 142.8457794189453 40.18391418457031
9.0 10.207145001 95.02783203125 84.09803009033203
10.0 10.207145001 140.92471313476562 24.44632339477539
11.0 10.207145001 -1269.4732666015625 677.5213623046875
12.0 10.207145001 152.47918701171875 33.2973518371582
0.0 10.251211001 171.68484497070312 133.67404174804688
1.0 10.251211001 159.89193725585938 33.34724426269531
2.0 10.251211001 189.91087341308594 81.60171508789062
3.0 10.251211001 185.8775634765625 107.89220428466797
4.0 10.251211001 147.50506591796875 26.861173629760742
5.0 10.251211001 95.19830322265625 82.43601989746094
6.0 10.251211001 159.91664123535156 33.37034606933594
7.0 10.251211001 146.62879943847656 26.893320083618164
8.0 10.251211001 147.08619689941406 42.31029510498047
9.0 10.251211001 95.34849548339844 82.89181518554688
10.0 10.251211001 146.3744354248047 26.887470245361328
11.0 10.251211001 -1344.4732666015625 752.5213623046875
12.0 10.251211001 157.26145935058594 36.67938995361328
0.0 10.295276001 168.6077880859375 137.2764892578125
1.0 10.295276001 163.86363220214844 36.71696472167969
2.0 10.295276001 190.0432586669922 86.85443115234375
3.0 10.295276001 185.32081604003906 113.11295318603516
4.0 10.295276001 152.06800842285156 29.300004959106445
5.0 10.295276001 95.66777038574219 81.32867431640625
6.0 10.295276001 163.8863525390625 36.74131393432617
7.0 10.295276001 151.1817626953125 29.316574096679688
8.0 10.295276001 150.55862426757812 44.309303283691406
9.0 10.295276001 95.79492950439453 81.76041412353516
10.0 10.295276001 150.90911865234375 29.303438186645508
11.0 10.295276001 -944.4732666015625 1152.5213623046875
12.0 10.295276001 161.1752471923828 39.826473236083984
0.0 10.339341001 164.9492950439453 140.6226348876953
1.0 10.339341001 167.7847900390625 40.28962326049805
2.0 10.339341001 189.63540649414062 92.19062042236328
3.0 10.339341001 184.31521606445312 118.46818542480469
4.0 10.339341001 156.76144409179688 31.8518123626709
5.0 10.339341001 96.14289093017578 79.79788970947266
6.0 10.339341001 167.80484008789062 40.3161735534668
7.0 10.339341001 155.83229064941406 31.840137481689453
8.0 10.339341001 154.28311157226562 46.53647232055664
9.0 10.339341001 96.24652862548828 80.23745727539062
10.0 10.339341001 155.5605926513672 31.81171417236328
11.0 10.339341001 -844.4732666015625 1252.5213623046875
12.0 10.339341001 165.06088256835938 43.14326477050781
0.0 10.383407001 161.0858917236328 144.7146759033203
1.0 10.383407001 171.51524353027344 45.22439193725586
2.0 10.383407001 188.89566040039062 98.50084686279297
3.0 10.383407001 182.95945739746094 124.84123229980469
4.0 10.383407001 161.30764770507812 35.863197326660156
5.0 10.383407001 96.76788330078125 79.40140533447266
6.0 10.383407001 171.53271484375 45.25249099731445
7.0 10.383407001 160.32974243164062 35.80622482299805
8.0 10.383407001 152.70535278320312 23.73910140991211
9.0 10.383407001 96.8450927734375 79.81178283691406
10.0 10.383407001 160.0460205078125 35.7674560546875
11.0 10.383407001 -944.4732666015625 1252.5213623046875
12.0 10.383407001 168.74050903320312 47.821720123291016
0.0 10.427472001 155.92779541015625 147.34361267089844
1.0 10.427472001 174.23748779296875 49.21356201171875
2.0 10.427472001 186.7781524658203 103.64692687988281
3.0 10.427472001 180.52078247070312 130.216064453125
4.0 10.427472001 164.9866943359375 38.99365234375
5.0 10.427472001 96.7124252319336 77.4788589477539
6.0 10.427472001 174.25460815429688 49.24335861206055
7.0 10.427472001 163.94985961914062 38.87356948852539
8.0 10.427472001 156.6891326904297 26.459903717041016
9.0 10.427472001 96.77410125732422 77.8742904663086
10.0 10.427472001 163.6551513671875 38.81053161621094
11.0 10.427472001 -994.4732666015625 1202.5213623046875
12.0 10.427472001 171.46371459960938 51.5451774597168
0.0 10.471538 150.08831787109375 150.3305206298828
1.0 10.471538 177.83316040039062 54.754451751708984
2.0 10.471538 184.3168487548828 110.12398529052734
3.0 10.471538 177.6696319580078 136.7943115234375
4.0 10.471538 169.84046936035156 43.49666976928711
5.0 10.471538 97.57782745361328 75.57160186767578
6.0 10.471538 177.84957885742188 54.786006927490234
7.0 10.471538 168.7455291748047 43.312278747558594
8.0 10.471538 161.88783264160156 30.47345542907715
9.0 10.471538 97.62298583984375 75.94297790527344
10.0 10.471538 168.44032287597656 43.23713302612305
11.0 10.471538 -1019.4732666015625 1302.5213623046875
12.0 10.471538 175.106201171875 56.72447967529297
0.0 10.515603 145.23452758789062 152.71559143066406
1.0 10.515603 180.68524169921875 59.94735336303711
2.0 10.515603 181.9330596923828 115.6763916015625
3.0 10.515603 174.8455352783203 142.2862091064453
4.0 10.515603 173.8032684326172 47.99832534790039
5.0 10.515603 98.6745834350586 74.31970977783203
6.0 10.515603 180.69956970214844 59.98123550415039
7.0 10.515603 172.66749572753906 47.69187545776367
8.0 10.515603 166.34596252441406 34.57758331298828
9.0 10.515603 98.6859359741211 74.64472198486328
10.0 10.515603 172.35594177246094 47.587745666503906
11.0 10.515603 -1169.4732666015625 1202.5213623046875
12.0 10.515603 177.95941162109375 61.637542724609375
0.0 10.559668001 141.28468322753906 153.5952606201172
1.0 10.559668001 182.13714599609375 63.14384460449219
2.0 10.559668001 179.59423828125 118.91522216796875
3.0 10.559668001 172.15872192382812 145.3233642578125
4.0 10.559668001 176.09788513183594 50.78669357299805
5.0 10.559668001 99.2223892211914 72.79346466064453
6.0 10.559668001 182.15126037597656 63.1779899597168
7.0 10.559668001 174.92178344726562 50.43168258666992
8.0 10.559668001 168.9549560546875 36.85528564453125
9.0 10.559668001 99.22213745117188 73.11613464355469
10.0 10.559668001 174.5923614501953 50.31047058105469
11.0 10.559668001 -1231.9732666015625 1227.5213623046875
12.0 10.559668001 179.43638610839844 64.60254669189453
0.0 10.603734 136.7416229248047 155.01846313476562
1.0 10.603734 183.30819702148438 67.4954833984375
2.0 10.603734 176.5941619873047 123.02925872802734
3.0 10.603734 168.7078094482422 149.27114868164062
4.0 10.603734 178.2017822265625 54.74960708618164
5.0 10.603734 99.7331771850586 71.88079833984375
6.0 10.603734 183.3208465576172 67.52976989746094
7.0 10.603734 177.01368713378906 54.313934326171875
8.0 10.603734 171.387939453125 40.33811569213867
9.0 10.603734 99.70953369140625 72.17644500732422
10.0 10.603734 176.65921020507812 54.160465240478516
11.0 10.603734 -1281.9732666015625 1277.5213623046875
12.0 10.603734 180.64218139648438 68.73529052734375
0.0 10.647799 133.80551147460938 157.15615844726562
1.0 10.647799 183.83987426757812 71.63721466064453
2.0 10.647799 174.42657470703125 126.91288757324219
3.0 10.647799 166.33314514160156 153.0109100341797
4.0 10.647799 179.4033203125 58.79142379760742
5.0 10.647799 100.08305358886719 72.68408966064453
6.0 10.647799 183.85240173339844 71.6722412109375
7.0 10.647799 178.2133331298828 58.2874755859375
8.0 10.647799 172.81634521484375 43.867183685302734
9.0 10.647799 100.08358001708984 72.9519271850586
10.0 10.647799 177.839599609375 58.10783386230469
11.0 10.647799 -1381.9732666015625 1327.5213623046875
12.0 10.647799 181.24330139160156 72.71199035644531
0.0 10.691864 133.51246643066406 158.3419647216797
1.0 10.691864 184.78387451171875 73.54792785644531
2.0 10.691864 174.37478637695312 128.67698669433594
3.0 10.691864 166.17031860351562 154.68104553222656
4.0 10.691864 180.61888122558594 60.71207809448242
5.0 10.691864 101.1286392211914 73.32793426513672
6.0 10.691864 184.79617309570312 73.58274841308594
7.0 10.691864 179.4225311279297 60.17636489868164
8.0 10.691864 173.97665405273438 46.08538055419922
9.0 10.691864 101.08451843261719 73.56332397460938
10.0 10.691864 179.06053161621094 59.97908020019531
11.0 10.691864 -1413.2232666015625 1365.0213623046875
12.0 10.691864 182.2075958251953 74.55875396728516
0.0 10.73593 134.36643981933594 160.61053466796875
1.0 10.73593 185.2062530517578 75.50743103027344
2.0 10.73593 174.93624877929688 130.6598663330078
3.0 10.73593 166.8121795654297 156.83070373535156
4.0 10.73593 180.91075134277344 62.771854400634766
5.0 10.73593 101.74656677246094 75.57862091064453
6.0 10.73593 185.21847534179688 75.54256439208984
7.0 10.73593 179.6876220703125 62.2264289855957
8.0 10.73593 174.3146209716797 47.58748245239258
9.0 10.73593 101.6966323852539 75.80554962158203
10.0 10.73593 179.33851623535156 62.029518127441406
11.0 10.73593 -1363.2232666015625 1415.0213623046875
12.0 10.73593 182.6154022216797 76.494140625
0.0 10.779995 136.9769744873047 161.4132843017578
1.0 10.779995 185.67092895507812 74.96094512939453
2.0 10.779995 176.8306427001953 130.29806518554688
3.0 10.779995 168.89346313476562 156.64483642578125
4.0 10.779995 181.1010284423828 62.41093444824219
5.0 10.779995 102.66392517089844 76.79991912841797
6.0 10.779995 185.68304443359375 74.99806213378906
7.0 10.779995 179.85772705078125 61.88100814819336
8.0 10.779995 175.0631103515625 46.21327209472656
9.0 10.779995 102.61434173583984 77.02410888671875
10.0 10.779995 179.50454711914062 61.682064056396484
11.0 10.779995 -1388.2232666015625 1465.0213623046875
12.0 10.779995 183.1036834716797 75.9874038696289
0.0 10.824061001 139.42491149902344 162.95501708984375
1.0 10.824061001 185.6282501220703 75.08370971679688
2.0 10.824061001 178.48800659179688 130.53968811035156
3.0 10.824061001 170.64260864257812 157.07240295410156
4.0 10.824061001 180.720703125 62.762229919433594
5.0 10.824061001 103.14550018310547 78.98162078857422
6.0 10.824061001 185.6415557861328 75.1200180053711
7.0 10.824061001 179.4808349609375 62.27721405029297
8.0 10.824061001 174.1903076171875 46.11738967895508
9.0 10.824061001 103.03408813476562 79.191650390625
10.0 10.824061001 179.1156463623047 62.089508056640625
11.0 10.824061001 -1438.2232666015625 1565.0213623046875
12.0 10.824061001 183.04940795898438 76.17998504638672
