0.0 21.390900999 112.0 124.0
1.0 21.390900999 176.0 134.0
2.0 21.390900999 171.0 122.0
3.0 21.390900999 100.0 108.0
4.0 21.390900999 93.0 127.0
5.0 21.390900999 170.40000915527344 122.4000015258789
6.0 21.390900999 176.40000915527344 133.20001220703125
7.0 21.390900999 112.80000305175781 124.80000305175781
8.0 21.390900999 99.60000610351562 108.00000762939453
9.0 21.390900999 110.8800048828125 123.84000396728516
10.0 21.390900999 100.80000305175781 109.44000244140625
11.0 21.390900999 171.36000061035156 122.4000015258789
12.0 21.390900999 178.5600128173828 93.60000610351562
13.0 21.390900999 100.22400665283203 108.864013671875
14.0 21.390900999 177.98402404785156 93.31201171875
15.0 21.390900999 167.6160125732422 91.5840072631836
16.0 21.390900999 163.81442260742188 85.01760864257812
0.0 21.434965999 99.6558837890625 123.11978149414062
1.0 21.434965999 162.5687255859375 132.2584228515625
2.0 21.434965999 157.61842346191406 120.54876708984375
3.0 21.434965999 87.85810089111328 107.46607208251953
4.0 21.434965999 81.10932159423828 126.3193130493164
5.0 21.434965999 157.01963806152344 120.93073272705078
6.0 21.434965999 162.95326232910156 131.4663848876953
7.0 21.434965999 100.47714233398438 123.9090805053711
8.0 21.434965999 87.47014617919922 107.44490814208984
9.0 21.434965999 98.55766296386719 122.97200775146484
10.0 21.434965999 88.67593383789062 108.91197204589844
11.0 21.434965999 157.96775817871094 120.92738342285156
12.0 21.434965999 164.61428833007812 92.43683624267578
13.0 21.434965999 88.09542083740234 108.32239532470703
14.0 21.434965999 164.05551147460938 92.14251708984375
15.0 21.434965999 153.85623168945312 90.4589614868164
16.0 21.434965999 150.20863342285156 84.23867797851562
0.0 21.479030999 91.28072357177734 121.6075439453125
1.0 21.479030999 152.94566345214844 130.3976593017578
2.0 21.479030999 148.02761840820312 118.89808654785156
3.0 21.479030999 79.69287872314453 106.15877532958984
4.0 21.479030999 73.01018524169922 124.8506088256836
5.0 21.479030999 147.43777465820312 119.3068618774414
6.0 21.479030999 153.3311004638672 129.612060546875
7.0 21.479030999 92.09283447265625 122.4021987915039
8.0 21.479030999 79.3103256225586 106.11947631835938
9.0 21.479030999 90.17857360839844 121.47217559814453
10.0 21.479030999 80.52108001708984 107.58917236328125
11.0 21.479030999 148.38706970214844 119.29991912841797
12.0 21.479030999 154.88674926757812 91.3124008178711
13.0 21.479030999 79.93026733398438 106.99822235107422
14.0 21.479030999 154.3535614013672 91.00035095214844
15.0 21.479030999 144.3109588623047 89.32170104980469
16.0 21.479030999 140.74256896972656 83.3574447631836
0.0 21.523097 85.7885513305664 119.80741882324219
1.0 21.523097 146.05369567871094 129.71707153320312
2.0 21.523097 141.3143310546875 118.41346740722656
3.0 21.523097 74.64009094238281 104.43621826171875
4.0 21.523097 67.77094268798828 122.8818588256836
5.0 21.523097 140.70330810546875 118.8025131225586
6.0 21.523097 146.45281982421875 128.94078063964844
7.0 21.523097 86.59383392333984 120.60669708251953
8.0 21.523097 74.26415252685547 104.38360595703125
9.0 21.523097 84.6788558959961 119.65593719482422
10.0 21.523097 75.44735717773438 105.87919616699219
11.0 21.523097 141.65289306640625 118.80226135253906
12.0 21.523097 148.9276123046875 91.38823699951172
13.0 21.523097 74.8683853149414 105.27552032470703
14.0 21.523097 148.403564453125 91.07183074951172
15.0 21.523097 138.61386108398438 89.42178344726562
16.0 21.523097 135.1325225830078 83.70670318603516
0.0 21.567162 82.49272155761719 117.77449035644531
1.0 21.567162 141.52706909179688 128.9161834716797
2.0 21.567162 136.8979949951172 117.77238464355469
3.0 21.567162 71.77400207519531 102.5031509399414
4.0 21.567162 64.72975158691406 120.62295532226562
5.0 21.567162 136.30625915527344 118.17374420166016
6.0 21.567162 141.92080688476562 128.1515350341797
7.0 21.567162 83.29901885986328 118.58446502685547
8.0 21.567162 71.40660858154297 102.44445037841797
9.0 21.567162 81.38233947753906 117.61665344238281
10.0 21.567162 72.54972076416016 103.9638900756836
11.0 21.567162 137.25405883789062 118.17787170410156
12.0 21.567162 145.39889526367188 91.3852767944336
13.0 21.567162 72.00293731689453 103.34226989746094
14.0 21.567162 144.87057495117188 91.0699234008789
15.0 21.567162 135.2610321044922 89.37764739990234
16.0 21.567162 131.8227081298828 83.92698669433594
0.0 21.611226999 77.89552307128906 116.69139099121094
1.0 21.611226999 135.72686767578125 128.26638793945312
2.0 21.611226999 131.16195678710938 117.2902603149414
3.0 21.611226999 67.3463363647461 101.50517272949219
4.0 21.611226999 60.192867279052734 119.44205474853516
5.0 21.611226999 130.55213928222656 117.68067169189453
6.0 21.611226999 136.1284942626953 127.49198150634766
7.0 21.611226999 78.70318603515625 117.50564575195312
8.0 21.611226999 66.96963500976562 101.4180679321289
9.0 21.611226999 76.78267669677734 116.52863311767578
10.0 21.611226999 68.10577392578125 102.95370483398438
11.0 21.611226999 131.5000762939453 117.68653869628906
12.0 21.611226999 140.00059509277344 91.41423034667969
13.0 21.611226999 67.55973052978516 102.35518646240234
14.0 21.611226999 139.4917755126953 91.08296203613281
15.0 21.611226999 130.01405334472656 89.39051818847656
16.0 21.611226999 126.64787292480469 84.18167877197266
0.0 21.655293 73.68453979492188 114.7989730834961
1.0 21.655293 130.504150390625 126.56442260742188
2.0 21.655293 126.0034408569336 115.75244140625
3.0 21.655293 63.31309127807617 99.71772003173828
4.0 21.655293 56.09121322631836 117.52471923828125
5.0 21.655293 125.4092025756836 116.1632080078125
6.0 21.655293 130.90008544921875 125.7995376586914
7.0 21.655293 74.49283599853516 115.61214447021484
8.0 21.655293 62.942840576171875 99.62580871582031
9.0 21.655293 72.57101440429688 114.63177490234375
10.0 21.655293 64.06404113769531 101.17138671875
11.0 21.655293 126.35240173339844 116.16636657714844
12.0 21.655293 135.04478454589844 90.33148956298828
13.0 21.655293 63.527183532714844 100.56377410888672
14.0 21.655293 134.54690551757812 89.98872375488281
15.0 21.655293 125.21660614013672 88.28199005126953
16.0 21.655293 121.90791320800781 83.30026245117188
0.0 21.699358 69.30477905273438 112.33757019042969
1.0 21.699358 125.04166412353516 124.69063568115234
2.0 21.699358 120.56916046142578 113.96125793457031
3.0 21.699358 59.0242919921875 97.17739868164062
4.0 21.699358 51.61614227294922 114.89605712890625
5.0 21.699358 119.96517181396484 114.34720611572266
6.0 21.699358 125.44673156738281 123.9292221069336
7.0 21.699358 70.12036895751953 113.16873931884766
8.0 21.699358 58.66068649291992 97.10712432861328
9.0 21.699358 68.1923599243164 112.15110778808594
10.0 21.699358 59.76066207885742 98.64168548583984
11.0 21.699358 120.90513610839844 114.3557357788086
12.0 21.699358 130.11373901367188 89.07764434814453
13.0 21.699358 59.24673843383789 98.02534484863281
14.0 21.699358 129.59829711914062 88.73706817626953
15.0 21.699358 120.39042663574219 87.0069351196289
16.0 21.699358 117.1529312133789 82.22464752197266
0.0 21.743423 67.61356353759766 109.58828735351562
1.0 21.743423 122.70025634765625 121.89569091796875
2.0 21.743423 118.29263305664062 111.263916015625
3.0 21.743423 57.47994613647461 94.56378936767578
4.0 21.743423 50.02981948852539 112.23531341552734
5.0 21.743423 117.68341827392578 111.65377044677734
6.0 21.743423 123.10919189453125 121.13096618652344
7.0 21.743423 68.43829345703125 110.41827392578125
8.0 21.743423 57.13325500488281 94.46195983886719
9.0 21.743423 66.49729919433594 109.4066390991211
10.0 21.743423 58.2154655456543 96.03913879394531
11.0 21.743423 118.61702728271484 111.65717315673828
12.0 21.743423 127.81839752197266 86.80192565917969
13.0 21.743423 57.688541412353516 95.40229034423828
14.0 21.743423 127.31298828125 86.47557830810547
15.0 21.743423 118.29830169677734 84.73023986816406
16.0 21.743423 115.07254028320312 80.10228729248047
0.0 21.787489 67.12676239013672 103.48380279541016
1.0 21.787489 121.86036682128906 114.97698211669922
2.0 21.787489 117.4948501586914 104.42735290527344
3.0 21.787489 56.993106842041016 88.56752014160156
4.0 21.787489 49.58314895629883 106.32965850830078
5.0 21.787489 116.89151763916016 104.81412506103516
6.0 21.787489 122.27005004882812 114.20677947998047
7.0 21.787489 67.95048522949219 104.301513671875
8.0 21.787489 56.63920593261719 88.48776245117188
9.0 21.787489 66.0102767944336 103.3121566772461
10.0 21.787489 57.72386932373047 90.0632553100586
11.0 21.787489 117.81946563720703 104.81523895263672
12.0 21.787489 126.58506774902344 80.29684448242188
13.0 21.787489 57.219966888427734 89.42019653320312
14.0 21.787489 126.09266662597656 79.96257019042969
15.0 21.787489 117.14509582519531 78.24739074707031
16.0 21.787489 113.94535827636719 73.70783996582031
0.0 21.831554 71.2703628540039 97.02314758300781
1.0 21.831554 126.00325012207031 107.283203125
2.0 21.831554 121.60209655761719 96.88613891601562
3.0 21.831554 60.93675994873047 82.29713439941406
4.0 21.831554 53.47649002075195 100.32926177978516
5.0 21.831554 121.01165771484375 97.2813491821289
6.0 21.831554 126.39885711669922 106.50382232666016
7.0 21.831554 72.09208679199219 97.81507873535156
8.0 21.831554 60.591983795166016 82.21295166015625
9.0 21.831554 70.14847564697266 96.85453033447266
10.0 21.831554 61.686038970947266 83.75989532470703
11.0 21.831554 121.9321517944336 97.27554321289062
12.0 21.831554 129.89999389648438 72.94210815429688
13.0 21.831554 61.17966842651367 83.12696838378906
14.0 21.831554 129.39146423339844 72.61451721191406
15.0 21.831554 120.4150390625 70.89777374267578
16.0 21.831554 117.27982330322266 66.49573516845703
0.0 21.875619999 75.44718933105469 93.5628662109375
1.0 21.875619999 130.07276916503906 103.44718170166016
2.0 21.875619999 125.666015625 93.08943939208984
3.0 21.875619999 64.96874237060547 78.78153991699219
4.0 21.875619999 57.4544677734375 96.85928344726562
5.0 21.875619999 125.07623291015625 93.48274230957031
6.0 21.875619999 130.46597290039062 102.66336822509766
7.0 21.875619999 76.2897720336914 94.36259460449219
8.0 21.875619999 64.622802734375 78.69190979003906
9.0 21.875619999 74.33223724365234 93.40437316894531
10.0 21.875619999 65.72089385986328 80.24439239501953
11.0 21.875619999 125.9868392944336 93.4644546508789
12.0 21.875619999 133.73760986328125 69.31805419921875
13.0 21.875619999 65.21841430664062 79.60199737548828
14.0 21.875619999 133.25250244140625 68.98370361328125
15.0 21.875619999 124.22584533691406 67.24923706054688
16.0 21.875619999 121.08824920654297 62.90047836303711
0.0 21.919685 78.22904968261719 92.93940734863281
1.0 21.919685 132.76805114746094 102.85794830322266
2.0 21.919685 128.3340606689453 92.48831939697266
3.0 21.919685 67.59173583984375 78.05168151855469
4.0 21.919685 60.03514862060547 96.23478698730469
5.0 21.919685 127.73210144042969 92.88853454589844
6.0 21.919685 133.1707305908203 102.07666015625
7.0 21.919685 79.07157897949219 93.74021911621094
8.0 21.919685 67.2613754272461 77.93599700927734
9.0 21.919685 77.09571075439453 92.76138305664062
10.0 21.919685 68.36060333251953 79.49846649169922
11.0 21.919685 128.64537048339844 92.8723373413086
12.0 21.919685 136.4590301513672 68.8497314453125
13.0 21.919685 67.83521270751953 78.85137939453125
14.0 21.919685 135.93052673339844 68.5393295288086
15.0 21.919685 126.85942840576172 66.72993469238281
16.0 21.919685 123.72857666015625 62.464935302734375
0.0 21.96375 81.97103881835938 91.9508285522461
1.0 21.96375 136.60047912597656 101.74188232421875
2.0 21.96375 132.13182067871094 91.36457824707031
3.0 21.96375 71.18756103515625 76.94056701660156
4.0 21.96375 63.4827995300293 95.32977294921875
5.0 21.96375 131.53636169433594 91.76924133300781
6.0 21.96375 136.99728393554688 100.95526123046875
7.0 21.96375 82.82284545898438 92.74738311767578
8.0 21.96375 70.83827209472656 76.81999206542969
9.0 21.96375 80.8299789428711 91.7674789428711
10.0 21.96375 71.93984985351562 78.38050842285156
11.0 21.96375 132.44525146484375 91.74710845947266
12.0 21.96375 140.12440490722656 67.79203796386719
13.0 21.96375 71.43193054199219 77.7500991821289
14.0 21.96375 139.59384155273438 67.47735595703125
15.0 21.96375 130.50767517089844 65.65467834472656
16.0 21.96375 127.36992645263672 61.42738723754883
0.0 22.007815999 87.11869812011719 92.5650634765625
1.0 22.007815999 141.9067840576172 102.39024353027344
2.0 22.007815999 137.37313842773438 91.93038940429688
3.0 22.007815999 76.14630126953125 77.3984146118164
4.0 22.007815999 68.33773040771484 95.95809173583984
5.0 22.007815999 136.7822265625 92.33785247802734
6.0 22.007815999 142.30332946777344 101.59056091308594
7.0 22.007815999 87.99076080322266 93.37382507324219
8.0 22.007815999 75.79967498779297 77.282470703125
9.0 22.007815999 85.98431396484375 92.39041137695312
10.0 22.007815999 76.90292358398438 78.84284210205078
11.0 22.007815999 137.68569946289062 92.31512451171875
12.0 22.007815999 145.33033752441406 68.38969421386719
13.0 22.007815999 76.39803314208984 78.21206665039062
14.0 22.007815999 144.80970764160156 68.06755065917969
15.0 22.007815999 135.60057067871094 66.16523742675781
16.0 22.007815999 132.44996643066406 61.949989318847656
0.0 22.051880999 92.35292053222656 95.39594268798828
1.0 22.051880999 147.19129943847656 106.04582977294922
2.0 22.051880999 142.59669494628906 95.53236389160156
3.0 22.051880999 81.31204986572266 79.9478530883789
4.0 22.051880999 73.32044982910156 98.60308837890625
5.0 22.051880999 142.0081787109375 95.92237091064453
6.0 22.051880999 147.57177734375 105.2497787475586
7.0 22.051880999 93.24095916748047 96.21793365478516
8.0 22.051880999 80.9791259765625 79.80488586425781
9.0 22.051880999 91.22049713134766 95.20358276367188
10.0 22.051880999 82.0683822631836 81.39102935791016
11.0 22.051880999 142.90907287597656 95.90589141845703
12.0 22.051880999 151.0308837890625 72.00175476074219
13.0 22.051880999 81.55792236328125 80.74772644042969
14.0 22.051880999 150.4988250732422 71.67526245117188
15.0 22.051880999 141.34576416015625 69.7161636352539
16.0 22.051880999 138.17005920410156 65.50885009765625
0.0 22.095945999 97.77364349365234 99.32278442382812
1.0 22.095945999 152.51467895507812 111.22608947753906
2.0 22.095945999 147.9558563232422 100.6463394165039
3.0 22.095945999 86.73461151123047 83.55244445800781
4.0 22.095945999 78.43099212646484 102.27360534667969
5.0 22.095945999 147.37289428710938 101.0599594116211
6.0 22.095945999 152.90670776367188 110.41545867919922
7.0 22.095945999 98.66304016113281 100.16350555419922
8.0 22.095945999 86.42251586914062 83.43073272705078
9.0 22.095945999 96.63627624511719 99.10850524902344
10.0 22.095945999 87.48705291748047 85.01617431640625
11.0 22.095945999 148.27938842773438 101.0418930053711
12.0 22.095945999 157.1097412109375 77.16232299804688
13.0 22.095945999 86.9892578125 84.34385681152344
14.0 22.095945999 156.58975219726562 76.82395935058594
15.0 22.095945999 147.5115509033203 74.8204574584961
16.0 22.095945999 144.31716918945312 70.60298919677734
0.0 22.140011999 101.64557647705078 103.57532501220703
1.0 22.140011999 156.05447387695312 117.26213073730469
2.0 22.140011999 151.5513916015625 106.5965576171875
3.0 22.140011999 90.72502899169922 87.33036804199219
4.0 22.140011999 81.86254119873047 106.1999282836914
5.0 22.140011999 150.95310974121094 106.99156951904297
6.0 22.140011999 156.46841430664062 116.43742370605469
7.0 22.140011999 102.53289031982422 104.44084167480469
8.0 22.140011999 90.4188003540039 87.20284271240234
9.0 22.140011999 100.5002670288086 103.34585571289062
10.0 22.140011999 91.44414520263672 88.79698181152344
11.0 22.140011999 151.8570556640625 106.98458099365234
12.0 22.140011999 161.9021453857422 83.33208465576172
13.0 22.140011999 90.96434020996094 88.12916564941406
14.0 22.140011999 161.4102783203125 82.98629760742188
15.0 22.140011999 152.37950134277344 80.9332275390625
16.0 22.140011999 149.15272521972656 76.69259643554688
0.0 22.184076999 103.65760040283203 106.67991638183594
1.0 22.184076999 157.45025634765625 122.75898742675781
2.0 22.184076999 153.052490234375 112.05384826660156
3.0 22.184076999 92.96258544921875 89.93547821044922
4.0 22.184076999 83.47846221923828 108.72371673583984
5.0 22.184076999 152.44195556640625 112.45429229736328
6.0 22.184076999 157.88088989257812 121.92632293701172
7.0 22.184076999 104.53446197509766 107.57455444335938
8.0 22.184076999 92.64996337890625 89.8072738647461
9.0 22.184076999 102.504638671875 106.42342376708984
10.0 22.184076999 93.6305160522461 91.41505432128906
11.0 22.184076999 153.35400390625 112.45355224609375
12.0 22.184076999 164.9980926513672 89.12106323242188
13.0 22.184076999 93.18507385253906 90.74787139892578
14.0 22.184076999 164.49676513671875 88.76111602783203
15.0 22.184076999 155.62530517578125 86.70211029052734
16.0 22.184076999 152.36097717285156 82.44474029541016
0.0 22.228141999 107.31178283691406 108.44891357421875
1.0 22.228141999 160.59259033203125 126.06920623779297
2.0 22.228141999 156.24566650390625 115.39823913574219
3.0 22.228141999 96.75518798828125 91.30220031738281
4.0 22.228141999 86.67239379882812 110.13150024414062
5.0 22.228141999 155.6234130859375 115.7840805053711
6.0 22.228141999 161.02809143066406 125.22628021240234
7.0 22.228141999 108.1883773803711 109.36064147949219
8.0 22.228141999 96.45581817626953 91.17005920410156
9.0 22.228141999 106.1599349975586 108.1798324584961
10.0 22.228141999 97.3931884765625 92.7723159790039
11.0 22.228141999 156.53997802734375 115.79474639892578
12.0 22.228141999 169.4187469482422 92.67677307128906
13.0 22.228141999 96.95760345458984 92.10253143310547
14.0 22.228141999 168.91151428222656 92.3418197631836
15.0 22.228141999 160.0384521484375 90.25457000732422
16.0 22.228141999 156.72006225585938 85.9947280883789
0.0 22.272207999 111.95008087158203 109.79167938232422
1.0 22.272207999 164.31678771972656 129.5835418701172
2.0 22.272207999 160.06219482421875 118.86579895019531
3.0 22.272207999 101.66751861572266 92.16888427734375
4.0 22.272207999 90.95808410644531 110.8074722290039
5.0 22.272207999 159.438232421875 119.2620620727539
6.0 22.272207999 164.76495361328125 128.71810913085938
7.0 22.272207999 112.81315612792969 110.7233657836914
8.0 22.272207999 101.376220703125 92.03186798095703
9.0 22.272207999 110.77810668945312 109.48560333251953
10.0 22.272207999 102.26041412353516 93.62335205078125
11.0 22.272207999 160.3586883544922 119.28561401367188
12.0 22.272207999 174.90603637695312 96.74989318847656
13.0 22.272207999 101.84019470214844 92.96417236328125
14.0 22.272207999 174.4149932861328 96.39639282226562
15.0 22.272207999 165.64349365234375 94.3128890991211
16.0 22.272207999 162.2924346923828 89.98600769042969
0.0 22.316272999 117.02574157714844 114.563232421875
1.0 22.316272999 168.21726989746094 136.74119567871094
2.0 22.316272999 164.11158752441406 125.94094848632812
3.0 22.316272999 107.15664672851562 96.4158706665039
4.0 22.316272999 95.76485443115234 114.85669708251953
5.0 22.316272999 163.4644317626953 126.32275390625
6.0 22.316272999 168.69395446777344 135.8441162109375
7.0 22.316272999 117.86900329589844 115.52047729492188
8.0 22.316272999 106.85678100585938 96.27826690673828
9.0 22.316272999 115.8602066040039 114.2262954711914
10.0 22.316272999 107.6798324584961 97.86715698242188
11.0 22.316272999 164.38912963867188 126.35979461669922
12.0 22.316272999 180.72476196289062 104.57353973388672
13.0 22.316272999 107.30277252197266 97.21498107910156
14.0 22.316272999 180.25057983398438 104.21426391601562
15.0 22.316272999 171.71336364746094 102.20020294189453
16.0 22.316272999 168.28372192382812 97.73436737060547
0.0 22.360339 121.29566955566406 116.40149688720703
1.0 22.360339 170.98504638671875 141.04725646972656
2.0 22.360339 167.07867431640625 130.2218475341797
3.0 22.360339 111.95683288574219 97.69355773925781
4.0 22.360339 99.7301254272461 115.89422607421875
5.0 22.360339 166.41615295410156 130.57473754882812
6.0 22.360339 171.50697326660156 140.09486389160156
7.0 22.360339 122.12975311279297 117.39643859863281
8.0 22.360339 111.6669692993164 97.5660400390625
9.0 22.360339 120.14472198486328 116.03358459472656
10.0 22.360339 112.43555450439453 99.1356201171875
11.0 22.360339 167.34451293945312 130.62881469726562
12.0 22.360339 185.67189025878906 109.95265197753906
13.0 22.360339 112.07848358154297 98.47669219970703
14.0 22.360339 185.19837951660156 109.58304595947266
15.0 22.360339 176.80313110351562 107.63333892822266
16.0 22.360339 173.31570434570312 103.05626678466797
0.0 22.404403999 122.01370239257812 125.15595245361328
1.0 22.404403999 170.76060485839844 150.65609741210938
2.0 22.404403999 166.95188903808594 139.8912811279297
3.0 22.404403999 113.02845764160156 106.01922607421875
4.0 22.404403999 100.44984436035156 124.21939086914062
5.0 22.404403999 166.2993927001953 140.25897216796875
6.0 22.404403999 171.31259155273438 149.65721130371094
7.0 22.404403999 122.82740783691406 126.1592788696289
8.0 22.404403999 112.73665618896484 105.88213348388672
9.0 22.404403999 120.84806060791016 124.74800872802734
10.0 22.404403999 113.46735382080078 107.44075012207031
11.0 22.404403999 167.2249755859375 140.31517028808594
12.0 22.404403999 186.5571746826172 120.23645782470703
13.0 22.404403999 113.12936401367188 106.79331970214844
14.0 22.404403999 186.09059143066406 119.86107635498047
15.0 22.404403999 177.90777587890625 118.00244903564453
16.0 22.404403999 174.43096923828125 113.40595245361328
0.0 22.448468999 119.89269256591797 133.39532470703125
1.0 22.448468999 168.21348571777344 158.93096923828125
2.0 22.448468999 164.50941467285156 148.3225555419922
3.0 22.448468999 111.04553985595703 114.0657730102539
4.0 22.448468999 98.078857421875 132.2088165283203
5.0 22.448468999 163.83505249023438 148.66416931152344
6.0 22.448468999 168.763427734375 157.88197326660156
7.0 22.448468999 120.70458221435547 134.40438842773438
8.0 22.448468999 110.75801849365234 113.92964172363281
9.0 22.448468999 118.74449157714844 132.97914123535156
10.0 22.448468999 111.46430969238281 115.46100616455078
11.0 22.448468999 164.75950622558594 148.7204132080078
12.0 22.448468999 184.5438690185547 128.97938537597656
13.0 22.448468999 111.13701629638672 114.82923889160156
14.0 22.448468999 184.07308959960938 128.6114044189453
15.0 22.448468999 175.9630889892578 126.82548522949219
16.0 22.448468999 172.4927978515625 122.25152587890625
0.0 22.492535 117.4505386352539 141.0426788330078
1.0 22.492535 165.350830078125 166.54078674316406
2.0 22.492535 161.6837158203125 156.03268432617188
3.0 22.492535 108.66973114013672 121.51002502441406
4.0 22.492535 95.35430145263672 139.61952209472656
5.0 22.492535 161.007568359375 156.37998962402344
6.0 22.492535 165.91151428222656 165.45851135253906
7.0 22.492535 118.26687622070312 142.06813049316406
8.0 22.492535 108.40336608886719 121.36965942382812
9.0 22.492535 116.29156494140625 140.61807250976562
10.0 22.492535 109.0799789428711 122.86257934570312
11.0 22.492535 161.92718505859375 156.4353790283203
12.0 22.492535 182.27120971679688 137.02777099609375
13.0 22.492535 108.75008392333984 122.2679443359375
14.0 22.492535 181.794189453125 136.65301513671875
15.0 22.492535 173.58502197265625 134.8841094970703
16.0 22.492535 170.1279754638672 130.33766174316406
0.0 22.5366 116.92853546142578 144.763427734375
1.0 22.5366 164.49464416503906 170.29754638671875
2.0 22.5366 160.89041137695312 159.88624572753906
3.0 22.5366 108.15862274169922 125.12413024902344
4.0 22.5366 94.51974487304688 143.1512451171875
5.0 22.5366 160.22076416015625 160.2508087158203
6.0 22.5366 165.08575439453125 169.1569366455078
7.0 22.5366 117.745361328125 145.79351806640625
8.0 22.5366 107.87944030761719 124.98284912109375
9.0 22.5366 115.7651596069336 144.33843994140625
10.0 22.5366 108.5325927734375 126.46994018554688
11.0 22.5366 161.14332580566406 160.30726623535156
12.0 22.5366 181.99623107910156 141.240966796875
13.0 22.5366 108.22909545898438 125.86886596679688
14.0 22.5366 181.55343627929688 140.84291076660156
15.0 22.5366 173.298828125 139.1200714111328
16.0 22.5366 169.74903869628906 134.4641876220703
0.0 22.580665 117.4435043334961 144.70706176757812
1.0 22.580665 164.98870849609375 170.16891479492188
2.0 22.580665 161.42579650878906 159.8621063232422
3.0 22.580665 108.6338119506836 124.89411926269531
4.0 22.580665 94.69216918945312 142.9461212158203
5.0 22.580665 160.73731994628906 160.22268676757812
6.0 22.580665 165.591796875 168.9434356689453
7.0 22.580665 118.27978515625 145.74822998046875
8.0 22.580665 108.37198638916016 124.75072479248047
9.0 22.580665 116.28285217285156 144.28091430664062
10.0 22.580665 109.00251007080078 126.20410919189453
11.0 22.580665 161.66168212890625 160.28431701660156
12.0 22.580665 182.85113525390625 141.3748016357422
13.0 22.580665 108.69168090820312 125.63008880615234
14.0 22.580665 182.42611694335938 140.98338317871094
15.0 22.580665 174.1255340576172 139.27992248535156
16.0 22.580665 170.52426147460938 134.54855346679688
0.0 22.624731 118.54810333251953 142.8622283935547
1.0 22.624731 166.0299530029297 168.3155517578125
2.0 22.624731 162.52108764648438 158.0179443359375
3.0 22.624731 109.75064849853516 122.842529296875
4.0 22.624731 95.49466705322266 141.01473999023438
5.0 22.624731 161.8209686279297 158.37203979492188
6.0 22.624731 166.6612091064453 167.00662231445312
7.0 22.624731 119.38378143310547 143.9085235595703
8.0 22.624731 109.4893569946289 122.70681762695312
9.0 22.624731 117.38117218017578 142.42974853515625
10.0 22.624731 110.10354614257812 124.14237213134766
11.0 22.624731 162.74288940429688 158.43153381347656
12.0 22.624731 184.22494506835938 139.6547088623047
13.0 22.624731 109.79902648925781 123.5720443725586
14.0 22.624731 183.77886962890625 139.27806091308594
15.0 22.624731 175.5303497314453 137.57437133789062
16.0 22.624731 171.91842651367188 132.79977416992188
0.0 22.668796 119.16182708740234 137.9858856201172
1.0 22.668796 165.72213745117188 165.0968780517578
2.0 22.668796 162.2730712890625 154.81703186035156
3.0 22.668796 110.79486083984375 117.53744506835938
4.0 22.668796 95.97232818603516 135.45565795898438
5.0 22.668796 161.56887817382812 155.1692657470703
6.0 22.668796 166.3744659423828 163.76524353027344
7.0 22.668796 119.97370910644531 139.067138671875
8.0 22.668796 110.53556823730469 117.40877532958984
9.0 22.668796 117.98743438720703 137.5284881591797
10.0 22.668796 111.10773468017578 118.81989288330078
11.0 22.668796 162.49305725097656 155.2431182861328
12.0 22.668796 185.4627685546875 137.36660766601562
13.0 22.668796 110.82113647460938 118.262939453125
14.0 22.668796 185.04200744628906 136.98094177246094
15.0 22.668796 176.7413330078125 135.26669311523438
16.0 22.668796 173.11636352539062 130.39210510253906
0.0 22.712862 120.56465148925781 133.98387145996094
1.0 22.712862 165.8361358642578 163.2073516845703
2.0 22.712862 162.511474609375 153.0181884765625
3.0 22.712862 112.81124877929688 113.0949935913086
4.0 22.712862 97.24727630615234 130.73104858398438
5.0 22.712862 161.78224182128906 153.3433074951172
6.0 22.712862 166.50233459472656 161.85047912597656
7.0 22.712862 121.35567474365234 135.078125
8.0 22.712862 112.55467224121094 112.96849060058594
9.0 22.712862 119.40821075439453 133.494140625
10.0 22.712862 113.08049774169922 114.35515594482422
11.0 22.712862 162.70498657226562 153.43447875976562
12.0 22.712862 187.3549041748047 136.7347412109375
13.0 22.712862 112.8082275390625 113.79460144042969
14.0 22.712862 186.93043518066406 136.35684204101562
15.0 22.712862 178.55137634277344 134.55706787109375
16.0 22.712862 174.9347381591797 129.64430236816406
0.0 22.756927 122.67951202392578 128.88760375976562
1.0 22.756927 167.23110961914062 159.44415283203125
2.0 22.756927 163.99908447265625 149.2300567626953
3.0 22.756927 115.29756164550781 107.69298553466797
4.0 22.756927 99.20719146728516 125.21246337890625
5.0 22.756927 163.2808380126953 149.5465087890625
6.0 22.756927 167.92352294921875 158.00335693359375
7.0 22.756927 123.46907806396484 129.99497985839844
8.0 22.756927 115.0440444946289 107.55879211425781
9.0 22.756927 121.52864074707031 128.38507080078125
10.0 22.756927 115.52616882324219 108.95169067382812
11.0 22.756927 164.20423889160156 149.64523315429688
12.0 22.756927 189.80340576171875 133.8426513671875
13.0 22.756927 115.28070831298828 108.39256286621094
14.0 22.756927 189.40902709960938 133.44143676757812
15.0 22.756927 180.97300720214844 131.6298370361328
16.0 22.756927 177.36180114746094 126.62694549560547
0.0 22.800992 124.90664672851562 121.50115203857422
1.0 22.800992 169.38491821289062 152.5731201171875
2.0 22.800992 166.1864013671875 142.36416625976562
3.0 22.800992 117.64940643310547 99.90351867675781
4.0 22.800992 101.17291259765625 117.51150512695312
5.0 22.800992 165.4623565673828 142.67152404785156
6.0 22.800992 170.08790588378906 151.12283325195312
7.0 22.800992 125.6926040649414 122.60523986816406
8.0 22.800992 117.40235137939453 99.77916717529297
9.0 22.800992 123.76092529296875 120.97266387939453
10.0 22.800992 117.87026977539062 101.13396453857422
11.0 22.800992 166.38876342773438 142.77877807617188
12.0 22.800992 192.42861938476562 127.46430969238281
13.0 22.800992 117.62164306640625 100.58826446533203
14.0 22.800992 192.0339813232422 127.07240295410156
15.0 22.800992 183.56158447265625 125.17418670654297
16.0 22.800992 179.88587951660156 120.03783416748047
0.0 22.845057999 125.11695861816406 115.11196899414062
1.0 22.845057999 169.48138427734375 146.74649047851562
2.0 22.845057999 166.2652130126953 136.57821655273438
3.0 22.845057999 117.95189666748047 93.05655670166016
4.0 22.845057999 101.05782318115234 110.67304229736328
5.0 22.845057999 165.54933166503906 136.88494873046875
6.0 22.845057999 170.16943359375 145.32998657226562
7.0 22.845057999 125.88693237304688 116.24907684326172
8.0 22.845057999 117.69390869140625 92.94788360595703
9.0 22.845057999 123.96009063720703 114.56014251708984
10.0 22.845057999 118.15699768066406 94.2740707397461
11.0 22.845057999 166.4778594970703 137.0061798095703
12.0 22.845057999 193.0291748046875 122.01846313476562
13.0 22.845057999 117.90800476074219 93.72689056396484
14.0 22.845057999 192.65736389160156 121.59403991699219
15.0 22.845057999 184.11178588867188 119.65869140625
16.0 22.845057999 180.38426208496094 114.4096450805664
0.0 22.889122999 127.34952545166016 109.55926513671875
1.0 22.889122999 172.0374298095703 141.31558227539062
2.0 22.889122999 168.89425659179688 131.099853515625
3.0 22.889122999 120.16947937011719 87.21440124511719
4.0 22.889122999 102.94100952148438 105.12126159667969
5.0 22.889122999 168.1679229736328 131.41172790527344
6.0 22.889122999 172.74081420898438 139.82273864746094
7.0 22.889122999 128.1328582763672 110.70804595947266
8.0 22.889122999 119.9145278930664 87.10269165039062
9.0 22.889122999 126.21074676513672 109.016845703125
10.0 22.889122999 120.34858703613281 88.41737365722656
11.0 22.889122999 169.0806427001953 131.51730346679688
12.0 22.889122999 195.5958709716797 116.64752960205078
13.0 22.889122999 120.11910247802734 87.87303924560547
14.0 22.889122999 195.2301788330078 116.24421691894531
15.0 22.889122999 186.58761596679688 114.2567367553711
16.0 22.889122999 182.8003387451172 108.89042663574219
0.0 22.933188 129.34686279296875 102.00257873535156
1.0 22.933188 174.46072387695312 133.91595458984375
2.0 22.933188 171.32330322265625 123.70966339111328
3.0 22.933188 122.09040832519531 79.30680847167969
4.0 22.933188 104.59415435791016 97.38823699951172
5.0 22.933188 170.6005859375 124.02523040771484
6.0 22.933188 175.16128540039062 132.44796752929688
7.0 22.933188 130.12930297851562 103.17176055908203
8.0 22.933188 121.83424377441406 79.20736694335938
9.0 22.933188 128.1912841796875 101.44011688232422
10.0 22.933188 122.26643371582031 80.48680877685547
11.0 22.933188 171.51071166992188 124.13841247558594
12.0 22.933188 197.95265197753906 109.30829620361328
13.0 22.933188 122.03582763671875 79.95795440673828
14.0 22.933188 197.6046905517578 108.86621856689453
15.0 22.933188 188.91668701171875 106.83113098144531
16.0 22.933188 185.05599975585938 101.30620574951172
0.0 22.977253999 131.5060577392578 99.24002075195312
1.0 22.977253999 177.05072021484375 131.06907653808594
2.0 22.977253999 173.8870086669922 120.91524505615234
3.0 22.977253999 124.161865234375 76.32206726074219
4.0 22.977253999 106.46426391601562 94.57904815673828
5.0 22.977253999 173.16310119628906 121.24059295654297
6.0 22.977253999 177.7353515625 129.60052490234375
7.0 22.977253999 132.29507446289062 100.42057800292969
8.0 22.977253999 123.90743255615234 76.2208251953125
9.0 22.977253999 130.35748291015625 98.64450073242188
10.0 22.977253999 124.32577514648438 77.47781372070312
11.0 22.977253999 174.06968688964844 121.34014129638672
12.0 22.977253999 200.36264038085938 106.34378814697266
13.0 22.977253999 124.10286712646484 76.96155548095703
14.0 22.977253999 200.0030059814453 105.92973327636719
15.0 22.977253999 191.2589874267578 103.84383392333984
16.0 22.977253999 187.32391357421875 98.21669006347656
0.0 23.021318999 133.4129180908203 100.5941162109375
1.0 23.021318999 179.5119171142578 131.99661254882812
2.0 23.021318999 176.30514526367188 121.79327392578125
3.0 23.021318999 125.8348617553711 77.43708801269531
4.0 23.021318999 108.06317901611328 95.8458480834961
5.0 23.021318999 175.5782928466797 122.11984252929688
6.0 23.021318999 180.20721435546875 130.53146362304688
7.0 23.021318999 134.21998596191406 101.79649353027344
8.0 23.021318999 125.5931625366211 77.34651184082031
9.0 23.021318999 132.26063537597656 100.0008316040039
10.0 23.021318999 125.99553680419922 78.55976104736328
11.0 23.021318999 176.48782348632812 122.219482421875
12.0 23.021318999 202.32115173339844 106.91976928710938
13.0 23.021318999 125.77115631103516 78.08280944824219
14.0 23.021318999 201.95559692382812 106.51187133789062
15.0 23.021318999 193.18368530273438 104.4053955078125
16.0 23.021318999 189.12750244140625 98.60921478271484
0.0 23.065383999 137.10533142089844 104.9927749633789
1.0 23.065383999 184.03575134277344 135.30841064453125
2.0 23.065383999 180.77938842773438 124.96205139160156
3.0 23.065383999 129.12844848632812 81.85759735107422
4.0 23.065383999 111.64059448242188 100.53334045410156
5.0 23.065383999 180.04367065429688 125.28746795654297
6.0 23.065383999 184.75160217285156 133.75006103515625
7.0 23.065383999 137.91110229492188 106.20344543457031
8.0 23.065383999 128.8744659423828 81.76309204101562
9.0 23.065383999 135.9202117919922 104.38517761230469
10.0 23.065383999 129.29139709472656 82.98220825195312
11.0 23.065383999 180.94882202148438 125.37505340576172
12.0 23.065383999 205.7753143310547 109.45806121826172
13.0 23.065383999 129.06671142578125 82.49115753173828
14.0 23.065383999 205.43716430664062 109.02826690673828
15.0 23.065383999 196.65426635742188 106.94686889648438
16.0 23.065383999 192.45370483398438 100.99890899658203
0.0 23.109449999 139.68365478515625 107.97322845458984
1.0 23.109449999 187.91236877441406 136.28150939941406
2.0 23.109449999 184.53346252441406 125.86201477050781
3.0 23.109449999 131.0738067626953 85.02197265625
4.0 23.109449999 113.99955749511719 104.08121490478516
5.0 23.109449999 183.7950439453125 126.20686340332031
6.0 23.109449999 188.65367126464844 134.64732360839844
7.0 23.109449999 140.53640747070312 109.1766586303711
8.0 23.109449999 130.8206329345703 84.93226623535156
9.0 23.109449999 138.48709106445312 107.37298583984375
10.0 23.109449999 131.2587127685547 86.13552856445312
11.0 23.109449999 184.7047119140625 126.27359771728516
12.0 23.109449999 207.92291259765625 109.32684326171875
13.0 23.109449999 131.018798828125 85.6496810913086
14.0 23.109449999 207.58399963378906 108.88069915771484
15.0 23.109449999 198.89776611328125 106.90026092529297
16.0 23.109449999 194.51942443847656 100.80299377441406
0.0 23.153514999 141.66172790527344 108.24191284179688
1.0 23.153514999 191.09329223632812 134.5214385986328
2.0 23.153514999 187.6293182373047 124.04239654541016
3.0 23.153514999 132.4222412109375 85.56961059570312
4.0 23.153514999 115.80286407470703 104.9903335571289
5.0 23.153514999 186.8864288330078 124.39390563964844
6.0 23.153514999 191.8494110107422 132.7906494140625
7.0 23.153514999 142.5491943359375 109.42620086669922
8.0 23.153514999 132.185302734375 85.47191619873047
9.0 23.153514999 140.45701599121094 107.65158081054688
10.0 23.153514999 132.61630249023438 86.677001953125
11.0 23.153514999 187.79380798339844 124.43724060058594
12.0 23.153514999 209.3636016845703 106.5185317993164
13.0 23.153514999 132.3855438232422 86.21915435791016
14.0 23.153514999 209.01832580566406 106.10092163085938
15.0 23.153514999 200.27789306640625 104.15196228027344
16.0 23.153514999 195.7435760498047 97.91849517822266
0.0 23.197580999 144.7697296142578 102.60436248779297
1.0 23.197580999 195.38748168945312 126.63104248046875
2.0 23.197580999 191.77398681640625 116.14069366455078
3.0 23.197580999 134.82557678222656 80.3150405883789
4.0 23.197580999 118.78895568847656 100.26213836669922
5.0 23.197580999 191.04730224609375 116.50006103515625
6.0 23.197580999 196.15554809570312 124.85494232177734
7.0 23.197580999 145.69512939453125 103.77098083496094
8.0 23.197580999 134.5848846435547 80.23102569580078
9.0 23.197580999 143.55682373046875 102.05219268798828
10.0 23.197580999 135.05784606933594 81.41057586669922
11.0 23.197580999 191.94790649414062 116.52243041992188
12.0 23.197580999 211.66644287109375 97.80857849121094
13.0 23.197580999 134.80650329589844 80.96629333496094
14.0 23.197580999 211.32208251953125 97.38434600830078
15.0 23.197580999 202.54135131835938 95.47186279296875
16.0 23.197580999 197.82861328125 89.09855651855469
0.0 23.241645999 148.86517333984375 99.43336486816406
1.0 23.241645999 200.20877075195312 121.72731018066406
2.0 23.241645999 196.48081970214844 111.01487731933594
3.0 23.241645999 138.39981079101562 77.39432525634766
4.0 23.241645999 122.78868103027344 97.55901336669922
5.0 23.241645999 195.73953247070312 111.38961791992188
6.0 23.241645999 200.9722137451172 119.80365753173828
7.0 23.241645999 149.80859375 100.587646484375
8.0 23.241645999 138.1592254638672 77.29774475097656
9.0 23.241645999 147.6394805908203 98.87490844726562
10.0 23.241645999 138.63185119628906 78.4986343383789
11.0 23.241645999 196.64495849609375 111.3984146118164
12.0 23.241645999 214.84410095214844 92.30675506591797
13.0 23.241645999 138.39488220214844 78.05152893066406
14.0 23.241645999 214.50535583496094 91.86280822753906
15.0 23.241645999 205.4878387451172 89.90435791015625
16.0 23.241645999 200.63868713378906 83.43804168701172
0.0 23.285710999 155.8922882080078 98.17896270751953
1.0 23.285710999 207.9958953857422 118.20429229736328
2.0 23.285710999 204.1116180419922 107.2994384765625
3.0 23.285710999 144.7647705078125 76.62284088134766
4.0 23.285710999 129.807373046875 97.01904296875
5.0 23.285710999 203.392333984375 107.69029998779297
6.0 23.285710999 208.76287841796875 116.18866729736328
7.0 23.285710999 156.87303161621094 99.32128143310547
8.0 23.285710999 144.5246124267578 76.53517150878906
9.0 23.285710999 154.6382598876953 97.63563537597656
10.0 23.285710999 145.04234313964844 77.72846221923828
11.0 23.285710999 204.29014587402344 107.66957092285156
12.0 23.285710999 220.46055603027344 87.96973419189453
13.0 23.285710999 144.77745056152344 77.2870864868164
14.0 23.285710999 220.10195922851562 87.55424499511719
15.0 23.285710999 211.0127410888672 85.60533142089844
16.0 23.285710999 205.99964904785156 79.0399169921875
0.0 23.329777 161.81307983398438 95.14993286132812
1.0 23.329777 214.9864959716797 111.97804260253906
2.0 23.329777 210.8019256591797 100.73587036132812
3.0 23.329777 149.79281616210938 74.06336212158203
4.0 23.329777 135.64918518066406 94.95951080322266
5.0 23.329777 210.122314453125 101.15811157226562
6.0 23.329777 215.74501037597656 109.78314971923828
7.0 23.329777 162.84104919433594 96.2686767578125
8.0 23.329777 149.5509796142578 73.97406005859375
9.0 23.329777 160.5490264892578 94.63799285888672
10.0 23.329777 150.11729431152344 75.17967987060547
11.0 23.329777 210.99717712402344 101.10616302490234
12.0 23.329777 224.6562042236328 80.75650787353516
13.0 23.329777 149.8339385986328 74.72106170654297
14.0 23.329777 224.31175231933594 80.34967803955078
15.0 23.329777 215.0272674560547 78.3106918334961
16.0 23.329777 209.8611297607422 71.70712280273438
0.0 23.373842 162.24465942382812 91.94876861572266
1.0 23.373842 216.57518005371094 104.90972900390625
2.0 23.373842 212.0746307373047 93.51715850830078
3.0 23.373842 149.2976837158203 71.4462661743164
4.0 23.373842 136.2238006591797 92.76628875732422
5.0 23.373842 211.4121551513672 93.96591186523438
6.0 23.373842 217.28224182128906 102.64143371582031
7.0 23.373842 163.3228759765625 93.02301025390625
8.0 23.373842 149.04049682617188 71.34140014648438
9.0 23.373842 160.9459228515625 91.48651885986328
10.0 23.373842 149.66238403320312 72.58575439453125
11.0 23.373842 212.2766571044922 93.87870788574219
12.0 23.373842 223.115966796875 72.77204132080078
13.0 23.373842 149.37155151367188 72.12945556640625
14.0 23.373842 222.74697875976562 72.37294006347656
15.0 23.373842 213.3532257080078 70.38043975830078
16.0 23.373842 208.04034423828125 63.802223205566406
0.0 23.417907 166.36415100097656 92.51116180419922
1.0 23.417907 221.8339080810547 101.07315063476562
2.0 23.417907 216.91407775878906 89.43148040771484
3.0 23.417907 152.42568969726562 72.84136962890625
4.0 23.417907 140.4810791015625 94.67605590820312
5.0 23.417907 216.3056640625 89.89669036865234
6.0 23.417907 222.4703826904297 98.76438903808594
7.0 23.417907 167.48251342773438 93.53775024414062
8.0 23.417907 152.1640167236328 72.74166870117188
9.0 23.417907 165.0888214111328 92.1021728515625
10.0 23.417907 152.85997009277344 73.97438049316406
11.0 23.417907 217.1345672607422 89.77308654785156
12.0 23.417907 224.5853271484375 68.02701568603516
13.0 23.417907 152.54144287109375 73.51336669921875
14.0 23.417907 224.21495056152344 67.63899993896484
15.0 23.417907 214.53392028808594 65.66020202636719
16.0 23.417907 209.1202850341797 59.10162353515625
0.0 23.461973 163.14195251464844 87.01344299316406
1.0 23.461973 219.45924377441406 91.72502136230469
2.0 23.461973 214.16021728515625 79.98259735107422
3.0 23.461973 148.39427185058594 67.98607635498047
4.0 23.461973 137.36196899414062 90.2809066772461
5.0 23.461973 213.56690979003906 80.47233581542969
6.0 23.461973 220.0163116455078 89.4561996459961
7.0 23.461973 164.30104064941406 87.98538208007812
8.0 23.461973 148.1221160888672 67.88140106201172
9.0 23.461973 161.82208251953125 86.63847351074219
10.0 23.461973 148.88636779785156 69.10926055908203
11.0 23.461973 214.38522338867188 80.32977294921875
12.0 23.461973 219.0638427734375 58.23243713378906
13.0 23.461973 148.5520477294922 68.64945220947266
14.0 23.461973 218.66514587402344 57.84568786621094
15.0 23.461973 208.82618713378906 55.982032775878906
16.0 23.461973 203.30470275878906 49.38886642456055
0.0 23.506038 162.7191162109375 86.84777069091797
1.0 23.506038 219.68568420410156 87.86674499511719
2.0 23.506038 213.93832397460938 76.00852966308594
3.0 23.506038 147.3341827392578 68.53620910644531
4.0 23.506038 137.13272094726562 91.27471923828125
5.0 23.506038 213.39920043945312 76.51194763183594
6.0 23.506038 220.17724609375 85.64696502685547
7.0 23.506038 163.91189575195312 87.7770004272461
8.0 23.506038 147.04896545410156 68.43570709228516
9.0 23.506038 161.4157257080078 86.51356506347656
10.0 23.506038 147.8740997314453 69.63575744628906
11.0 23.506038 214.18649291992188 76.34005737304688
12.0 23.506038 216.22044372558594 53.98823928833008
13.0 23.506038 147.5203399658203 69.19769287109375
14.0 23.506038 215.77481079101562 53.63726043701172
15.0 23.506038 205.64083862304688 51.829307556152344
16.0 23.506038 200.0567626953125 45.22470474243164
0.0 23.550103 154.52667236328125 86.8355941772461
1.0 23.550103 211.82736206054688 83.51775360107422
2.0 23.550103 205.68592834472656 71.75228118896484
3.0 23.550103 138.3226776123047 69.33992004394531
4.0 23.550103 129.15261840820312 92.35157775878906
5.0 23.550103 205.184326171875 72.26226043701172
6.0 23.550103 212.2509307861328 81.3946533203125
7.0 23.550103 155.74252319335938 87.70208740234375
8.0 23.550103 138.02183532714844 69.24352264404297
9.0 23.550103 153.2298583984375 86.54377746582031
10.0 23.550103 138.92457580566406 70.4024658203125
11.0 23.550103 205.925048828125 72.06358337402344
12.0 23.550103 205.27862548828125 49.624229431152344
13.0 23.550103 138.54693603515625 69.97985076904297
14.0 23.550103 204.79861450195312 49.30819320678711
15.0 23.550103 194.2711181640625 47.619407653808594
16.0 23.550103 188.67709350585938 41.042694091796875
0.0 23.594169 152.43115234375 84.4835433959961
1.0 23.594169 209.81288146972656 77.30892944335938
2.0 23.594169 203.3206329345703 65.4897232055664
3.0 23.594169 135.83587646484375 67.64307403564453
4.0 23.594169 127.61160278320312 91.10914611816406
5.0 23.594169 202.82032775878906 66.00656127929688
6.0 23.594169 210.1759033203125 75.2616195678711
7.0 23.594169 153.68162536621094 85.29084014892578
8.0 23.594169 135.54754638671875 67.5662612915039
9.0 23.594169 151.17176818847656 84.23054504394531
10.0 23.594169 136.49961853027344 68.70311737060547
11.0 23.594169 203.55291748046875 65.78888702392578
12.0 23.594169 200.1505584716797 43.73994064331055
13.0 23.594169 136.10043334960938 68.27618408203125
14.0 23.594169 199.646484375 43.44289016723633
15.0 23.594169 189.0143280029297 41.8541259765625
16.0 23.594169 183.36087036132812 35.11786651611328
0.0 23.638234 151.5426788330078 86.07797241210938
1.0 23.638234 208.78317260742188 76.27162170410156
2.0 23.638234 201.9243621826172 64.40833282470703
3.0 23.638234 134.65341186523438 69.77903747558594
4.0 23.638234 127.0323257446289 93.52326202392578
5.0 23.638234 201.4744873046875 64.9425048828125
6.0 23.638234 209.095458984375 74.31668853759766
7.0 23.638234 152.80126953125 86.82537841796875
8.0 23.638234 134.3658905029297 69.69561004638672
9.0 23.638234 150.29107666015625 85.83392333984375
10.0 23.638234 135.36163330078125 70.8075942993164
11.0 23.638234 202.17481994628906 64.69744873046875
12.0 23.638234 196.99810791015625 42.920291900634766
13.0 23.638234 134.93641662597656 70.38629150390625
14.0 23.638234 196.4740447998047 42.637760162353516
15.0 23.638234 185.59017944335938 41.22279739379883
16.0 23.638234 179.88507080078125 34.37311553955078
0.0 23.682299999 152.39454650878906 83.89177703857422
1.0 23.682299999 209.49725341796875 72.64143371582031
2.0 23.682299999 202.3577117919922 60.71242141723633
3.0 23.682299999 135.28407287597656 67.86526489257812
4.0 23.682299999 128.1113739013672 91.83798217773438
5.0 23.682299999 201.90609741210938 61.23623275756836
6.0 23.682299999 209.76271057128906 70.74545288085938
7.0 23.682299999 153.6550750732422 84.62202453613281
8.0 23.682299999 134.9784393310547 67.76087188720703
9.0 23.682299999 151.15176391601562 83.67354583740234
10.0 23.682299999 136.0038604736328 68.86613464355469
11.0 23.682299999 202.58877563476562 61.00192642211914
12.0 23.682299999 196.40406799316406 39.56690979003906
13.0 23.682299999 135.58453369140625 68.47455596923828
14.0 23.682299999 195.82931518554688 39.33158874511719
15.0 23.682299999 184.82931518554688 37.974178314208984
16.0 23.682299999 179.06344604492188 30.970481872558594
0.0 23.726365 152.70925903320312 83.62264251708984
1.0 23.726365 209.72335815429688 71.91040802001953
2.0 23.726365 202.44320678710938 60.034698486328125
3.0 23.726365 135.56495666503906 67.6728515625
4.0 23.726365 128.58084106445312 91.68505859375
5.0 23.726365 202.00253295898438 60.53762435913086
6.0 23.726365 209.97557067871094 70.11365509033203
7.0 23.726365 153.98287963867188 84.36085510253906
8.0 23.726365 135.27801513671875 67.58064270019531
9.0 23.726365 151.4859161376953 83.40184783935547
10.0 23.726365 136.31089782714844 68.6713638305664
11.0 23.726365 202.67723083496094 60.30944061279297
12.0 23.726365 196.2921600341797 38.904151916503906
13.0 23.726365 135.86924743652344 68.26644897460938
14.0 23.726365 195.6927032470703 38.67818832397461
15.0 23.726365 184.55331420898438 37.388118743896484
16.0 23.726365 178.75030517578125 30.286775588989258
0.0 23.77043 150.70497131347656 85.22756958007812
1.0 23.77043 207.8081512451172 74.12915802001953
2.0 23.77043 200.48841857910156 62.21122741699219
3.0 23.77043 133.7858123779297 69.24015045166016
4.0 23.77043 126.62753295898438 93.22938537597656
5.0 23.77043 200.0421905517578 62.71741485595703
6.0 23.77043 208.0741424560547 72.39527893066406
7.0 23.77043 151.991455078125 85.95887756347656
8.0 23.77043 133.497314453125 69.15064239501953
9.0 23.77043 149.50177001953125 84.96971893310547
10.0 23.77043 134.5363006591797 70.24244689941406
11.0 23.77043 200.71536254882812 62.48063278198242
12.0 23.77043 194.7449951171875 40.99266815185547
13.0 23.77043 134.1195068359375 69.82046508789062
14.0 23.77043 194.1680145263672 40.764034271240234
15.0 23.77043 183.08200073242188 39.480865478515625
16.0 23.77043 177.25460815429688 32.2447395324707
0.0 23.814495999 147.98397827148438 88.33094787597656
1.0 23.814495999 204.94200134277344 76.48971557617188
2.0 23.814495999 197.45907592773438 64.62818145751953
3.0 23.814495999 131.15084838867188 72.50529479980469
4.0 23.814495999 124.19174194335938 96.59033966064453
5.0 23.814495999 197.0218048095703 65.15052032470703
6.0 23.814495999 205.1973419189453 74.82968139648438
7.0 23.814495999 149.2830352783203 89.06784057617188
8.0 23.814495999 130.8408203125 72.40501403808594
9.0 23.814495999 146.8001251220703 88.08357238769531
10.0 23.814495999 131.90985107421875 73.50039672851562
11.0 23.814495999 197.6785888671875 64.89810180664062
12.0 23.814495999 191.47152709960938 43.453792572021484
13.0 23.814495999 131.47726440429688 73.1048355102539
14.0 23.814495999 190.83802795410156 43.269466400146484
15.0 23.814495999 179.675537109375 42.03639602661133
16.0 23.814495999 173.83543395996094 34.687198638916016
0.0 23.858560999 145.98133850097656 90.23810577392578
1.0 23.858560999 202.92709350585938 78.42271423339844
2.0 23.858560999 195.31893920898438 66.515869140625
3.0 23.858560999 129.1682891845703 74.41373443603516
4.0 23.858560999 122.32941436767578 98.54006958007812
5.0 23.858560999 194.8788299560547 67.04037475585938
6.0 23.858560999 203.1768798828125 76.82378387451172
7.0 23.858560999 147.29173278808594 90.96641540527344
8.0 23.858560999 128.8558807373047 74.30964660644531
9.0 23.858560999 144.81602478027344 89.9738540649414
10.0 23.858560999 129.94009399414062 75.4067611694336
11.0 23.858560999 195.53482055664062 66.77848815917969
12.0 23.858560999 189.4879913330078 45.25141143798828
13.0 23.858560999 129.50137329101562 75.0041732788086
14.0 23.858560999 188.83511352539062 45.08124542236328
15.0 23.858560999 177.55555725097656 43.85508728027344
16.0 23.858560999 171.72767639160156 36.42549133300781
0.0 23.902625999 143.6553955078125 94.01333618164062
1.0 23.902625999 200.7679443359375 82.79978942871094
2.0 23.902625999 193.06381225585938 70.8166732788086
3.0 23.902625999 126.98948669433594 78.07591247558594
4.0 23.902625999 119.93888092041016 102.40672302246094
5.0 23.902625999 192.6383056640625 71.3570785522461
6.0 23.902625999 201.0103759765625 81.2828140258789
7.0 23.902625999 144.921142578125 94.76084899902344
8.0 23.902625999 126.6908950805664 77.9780044555664
9.0 23.902625999 142.4803009033203 93.73609161376953
10.0 23.902625999 127.78463745117188 79.09005737304688
11.0 23.902625999 193.28369140625 71.09207153320312
12.0 23.902625999 187.70884704589844 49.4069709777832
13.0 23.902625999 127.35800170898438 78.66653442382812
14.0 23.902625999 187.06146240234375 49.254669189453125
15.0 23.902625999 175.89398193359375 48.0269775390625
16.0 23.902625999 170.0403289794922 40.42927169799805
0.0 23.946691999 142.19009399414062 98.18553924560547
1.0 23.946691999 199.57281494140625 87.2237319946289
2.0 23.946691999 191.76712036132812 75.20735931396484
3.0 23.946691999 125.65010070800781 82.18846893310547
4.0 23.946691999 118.52477264404297 106.5317611694336
5.0 23.946691999 191.35960388183594 75.72872924804688
6.0 23.946691999 199.80226135253906 85.75092315673828
7.0 23.946691999 143.48904418945312 98.93812561035156
8.0 23.946691999 125.3611831665039 82.07671356201172
9.0 23.946691999 141.0428466796875 97.88125610351562
10.0 23.946691999 126.45376586914062 83.19667053222656
11.0 23.946691999 191.979248046875 75.44917297363281
12.0 23.946691999 186.72299194335938 53.47298812866211
13.0 23.946691999 126.01189422607422 82.7451171875
14.0 23.946691999 186.0618896484375 53.33622360229492
15.0 23.946691999 174.78524780273438 52.132633209228516
16.0 23.946691999 168.90185546875 44.36696243286133
0.0 23.990756999 140.84469604492188 104.84132385253906
1.0 23.990756999 198.62655639648438 93.72801971435547
2.0 23.990756999 190.66441345214844 81.6208724975586
3.0 23.990756999 124.22315216064453 88.65682220458984
4.0 23.990756999 117.18462371826172 113.3497543334961
5.0 23.990756999 190.2578582763672 82.1546859741211
6.0 23.990756999 198.84608459472656 92.31640625
7.0 23.990756999 142.1285858154297 105.61669158935547
8.0 23.990756999 123.9140625 88.53042602539062
9.0 23.990756999 139.69674682617188 104.53430938720703
10.0 23.990756999 125.03023529052734 89.65521240234375
11.0 23.990756999 190.86468505859375 81.86795806884766
12.0 23.990756999 185.65133666992188 59.60293960571289
13.0 23.990756999 124.57872772216797 89.24544525146484
14.0 23.990756999 184.96432495117188 59.48629379272461
15.0 23.990756999 173.66888427734375 58.295631408691406
16.0 23.990756999 167.70578002929688 50.330570220947266
0.0 24.034822999 140.37265014648438 111.42007446289062
1.0 24.034822999 198.72265625 100.22377014160156
2.0 24.034822999 190.56666564941406 87.96439361572266
3.0 24.034822999 123.56436157226562 95.12604522705078
4.0 24.034822999 116.51776123046875 120.09386444091797
5.0 24.034822999 190.16299438476562 88.48519134521484
6.0 24.034822999 198.94422912597656 98.85125732421875
7.0 24.034822999 141.67172241210938 112.19882202148438
8.0 24.034822999 123.27365112304688 94.99811553955078
9.0 24.034822999 139.2518768310547 111.09842681884766
10.0 24.034822999 124.39732360839844 96.13072967529297
11.0 24.034822999 190.76388549804688 88.21070098876953
12.0 24.034822999 185.5867919921875 65.51972961425781
13.0 24.034822999 123.93755340576172 95.67865753173828
14.0 24.034822999 184.8831024169922 65.41787719726562
15.0 24.034822999 173.43038940429688 64.26266479492188
16.0 24.034822999 167.3560333251953 56.039737701416016
0.0 24.078887999 138.91690063476562 116.4944839477539
1.0 24.078887999 198.18270874023438 105.86587524414062
2.0 24.078887999 189.84341430664062 93.45836639404297
3.0 24.078887999 121.83876037597656 99.8228988647461
4.0 24.078887999 114.65479278564453 125.24744415283203
5.0 24.078887999 189.43853759765625 93.99803161621094
6.0 24.078887999 198.39144897460938 104.55491638183594
7.0 24.078887999 140.2178497314453 117.29054260253906
8.0 24.078887999 121.55168914794922 99.7003173828125
9.0 24.078887999 137.79421997070312 116.1627426147461
10.0 24.078887999 122.67910766601562 100.84367370605469
11.0 24.078887999 190.04067993164062 93.69097900390625
12.0 24.078887999 185.4657440185547 70.42807006835938
13.0 24.078887999 122.235107421875 100.41109466552734
14.0 24.078887999 184.7432403564453 70.33647155761719
15.0 24.078887999 173.0834503173828 69.24160766601562
16.0 24.078887999 166.89337158203125 60.721561431884766
0.0 24.122952999 138.98777770996094 123.34344482421875
1.0 24.122952999 199.35049438476562 113.45559692382812
2.0 24.122952999 190.81585693359375 100.77578735351562
3.0 24.122952999 121.6390380859375 106.17144012451172
4.0 24.122952999 114.34618377685547 132.07647705078125
5.0 24.122952999 190.4094696044922 101.32102966308594
6.0 24.122952999 199.5766143798828 112.18833923339844
7.0 24.122952999 140.305908203125 124.14408111572266
8.0 24.122952999 121.35221099853516 106.03422546386719
9.0 24.122952999 137.87472534179688 122.97028350830078
10.0 24.122952999 122.49121856689453 107.20780181884766
11.0 24.122952999 191.00022888183594 101.01626586914062
12.0 24.122952999 187.1483154296875 77.06045532226562
13.0 24.122952999 122.03624725341797 106.74032592773438
14.0 24.122952999 186.4331817626953 76.96134185791016
15.0 24.122952999 174.43215942382812 75.91004943847656
16.0 24.122952999 168.1374053955078 67.16088104248047
0.0 24.167019 140.95938110351562 128.15914916992188
1.0 24.167019 202.56785583496094 119.32889556884766
2.0 24.167019 193.8175811767578 106.38457489013672
3.0 24.167019 123.34654235839844 110.545654296875
4.0 24.167019 115.75469970703125 136.9112548828125
5.0 24.167019 193.4031219482422 106.9181900024414
6.0 24.167019 202.7940216064453 118.10626983642578
7.0 24.167019 142.28463745117188 128.98904418945312
8.0 24.167019 123.04905700683594 110.38640594482422
9.0 24.167019 139.82839965820312 127.7573013305664
10.0 24.167019 124.18656921386719 111.58208465576172
11.0 24.167019 194.00082397460938 106.60694122314453
12.0 24.167019 190.99276733398438 81.95390319824219
13.0 24.167019 123.72220611572266 111.13838958740234
14.0 24.167019 190.2913360595703 81.8460693359375
15.0 24.167019 178.0277862548828 80.81993103027344
16.0 24.167019 171.5335235595703 71.69776916503906
0.0 24.211084 145.76962280273438 134.85818481445312
1.0 24.211084 208.66551208496094 127.44450378417969
2.0 24.211084 199.71707153320312 114.17866516113281
3.0 24.211084 127.7429428100586 116.50482940673828
4.0 24.211084 119.8594741821289 143.47850036621094
5.0 24.211084 199.29632568359375 114.69783020019531
6.0 24.211084 208.8888397216797 126.26387786865234
7.0 24.211084 147.09384155273438 135.72015380859375
8.0 24.211084 127.46438598632812 116.36539459228516
9.0 24.211084 144.63291931152344 134.44447326660156
10.0 24.211084 128.59262084960938 117.56009674072266
11.0 24.211084 199.89279174804688 114.40164184570312
12.0 24.211084 198.04605102539062 89.05228424072266
13.0 24.211084 128.1449737548828 117.10671997070312
14.0 24.211084 197.35446166992188 88.93617248535156
15.0 24.211084 184.78977966308594 87.91472625732422
16.0 24.211084 178.12278747558594 78.49825286865234
0.0 24.255148999 150.14698791503906 139.50181579589844
1.0 24.255148999 214.36424255371094 133.18064880371094
2.0 24.255148999 205.22654724121094 119.5970230102539
3.0 24.255148999 131.8460235595703 120.6352767944336
4.0 24.255148999 123.54864501953125 148.01393127441406
5.0 24.255148999 204.78150939941406 120.13624572753906
6.0 24.255148999 214.59339904785156 132.02944946289062
7.0 24.255148999 151.47744750976562 140.387939453125
8.0 24.255148999 131.5631561279297 120.4933853149414
9.0 24.255148999 149.0424041748047 139.06906127929688
10.0 24.255148999 132.68545532226562 121.6991195678711
11.0 24.255148999 205.3931427001953 119.8302993774414
12.0 24.255148999 204.44580078125 93.8333740234375
13.0 24.255148999 132.2509307861328 121.24890899658203
14.0 24.255148999 203.74485778808594 93.72274780273438
15.0 24.255148999 190.91294860839844 92.746826171875
16.0 24.255148999 184.06951904296875 83.09757995605469
0.0 24.299215 152.85577392578125 142.11566162109375
1.0 24.299215 218.27586364746094 136.3759307861328
2.0 24.299215 208.9257354736328 122.43477630615234
3.0 24.299215 134.13462829589844 122.7747802734375
4.0 24.299215 125.57567596435547 150.70355224609375
5.0 24.299215 208.48403930664062 122.98094177246094
6.0 24.299215 218.50885009765625 135.25527954101562
7.0 24.299215 154.2051239013672 143.00987243652344
8.0 24.299215 133.83570861816406 122.6181869506836
9.0 24.299215 151.72593688964844 141.6515655517578
10.0 24.299215 134.96493530273438 123.82907104492188
11.0 24.299215 209.0945281982422 122.65829467773438
12.0 24.299215 208.65589904785156 96.21493530273438
13.0 24.299215 134.52993774414062 123.38821411132812
14.0 24.299215 207.9611053466797 96.10462188720703
15.0 24.299215 194.92300415039062 95.21944427490234
16.0 24.299215 187.85614013671875 85.26893615722656
0.0 24.34328 152.7780303955078 142.5340576171875
1.0 24.34328 219.33595275878906 137.62203979492188
2.0 24.34328 209.82310485839844 123.42388916015625
3.0 24.34328 133.74176025390625 122.72054290771484
4.0 24.34328 124.9527587890625 151.17037963867188
5.0 24.34328 209.3821258544922 123.96746826171875
6.0 24.34328 219.56314086914062 136.53504943847656
7.0 24.34328 154.12490844726562 143.4525909423828
8.0 24.34328 133.46351623535156 122.56864166259766
9.0 24.34328 151.67755126953125 142.05645751953125
10.0 24.34328 134.59234619140625 123.79330444335938
11.0 24.34328 209.9795379638672 123.63606262207031
12.0 24.34328 210.2796630859375 96.71114349365234
13.0 24.34328 134.1555938720703 123.3287353515625
14.0 24.34328 209.57212829589844 96.59281158447266
15.0 24.34328 196.28538513183594 95.70015716552734
16.0 24.34328 189.08851623535156 85.5468521118164
0.0 24.387345 149.16629028320312 144.06507873535156
1.0 24.387345 216.6728057861328 140.9866485595703
2.0 24.387345 207.22239685058594 126.61607360839844
3.0 24.387345 130.00714111328125 123.66615295410156
4.0 24.387345 120.64973449707031 152.38743591308594
5.0 24.387345 206.75283813476562 127.16374206542969
6.0 24.387345 216.9022674560547 139.920654296875
7.0 24.387345 150.50099182128906 145.0152587890625
8.0 24.387345 129.71820068359375 123.51944732666016
9.0 24.387345 148.03292846679688 143.5462646484375
10.0 24.387345 130.83969116210938 124.74816131591797
11.0 24.387345 207.37042236328125 126.84313201904297
12.0 24.387345 209.00607299804688 99.4511489868164
13.0 24.387345 130.4128875732422 124.29804992675781
14.0 24.387345 208.32968139648438 99.31069946289062
15.0 24.387345 194.88064575195312 98.34577941894531
16.0 24.387345 187.64759826660156 88.11699676513672
0.0 24.431411 142.90234375 147.9171905517578
1.0 24.431411 211.12388610839844 146.7819366455078
2.0 24.431411 201.7100372314453 132.25999450683594
3.0 24.431411 123.7283706665039 126.95116424560547
4.0 24.431411 113.83002471923828 155.92648315429688
5.0 24.431411 201.24581909179688 132.7845458984375
6.0 24.431411 211.36428833007812 145.74569702148438
7.0 24.431411 144.22911071777344 148.9031219482422
8.0 24.431411 123.45258331298828 126.78221893310547
9.0 24.431411 141.78048706054688 147.38453674316406
10.0 24.431411 124.55622863769531 128.03684997558594
11.0 24.431411 201.8572540283203 132.47366333007812
12.0 24.431411 204.9137725830078 104.853271484375
13.0 24.431411 124.13479614257812 127.55321502685547
14.0 24.431411 204.25436401367188 104.69483184814453
15.0 24.431411 190.70277404785156 103.64682006835938
16.0 24.431411 183.51234436035156 93.40406799316406
0.0 24.475476 138.92674255371094 147.41676330566406
1.0 24.475476 207.28102111816406 147.98622131347656
2.0 24.475476 197.93582153320312 133.38931274414062
3.0 24.475476 119.85039520263672 125.94375610351562
4.0 24.475476 109.44829559326172 155.00918579101562
5.0 24.475476 197.4600372314453 133.924072265625
6.0 24.475476 207.5164031982422 146.97256469726562
7.0 24.475476 140.25631713867188 148.42745971679688
8.0 24.475476 119.57010650634766 125.77478790283203
9.0 24.475476 137.818603515625 146.8365020751953
10.0 24.475476 120.66345977783203 127.04833221435547
11.0 24.475476 198.0868682861328 133.60687255859375
12.0 24.475476 202.38458251953125 105.93304443359375
13.0 24.475476 120.25389862060547 126.5654067993164
14.0 24.475476 201.71109008789062 105.76073455810547
15.0 24.475476 188.1506805419922 104.52487182617188
16.0 24.475476 181.0235595703125 94.36673736572266
0.0 24.519542 140.42071533203125 148.15087890625
1.0 24.519542 208.3929443359375 148.6188201904297
2.0 24.519542 199.10093688964844 134.08018493652344
3.0 24.519542 121.34124755859375 126.64602661132812
4.0 24.519542 110.79796600341797 155.90432739257812
5.0 24.519542 198.61331176757812 134.61224365234375
6.0 24.519542 208.6275177001953 147.62049865722656
7.0 24.519542 141.7401123046875 149.17474365234375
8.0 24.519542 121.04837036132812 126.4518051147461
9.0 24.519542 139.2920684814453 147.5663604736328
10.0 24.519542 122.15373992919922 127.7523422241211
11.0 24.519542 199.24610900878906 134.30435180664062
12.0 24.519542 203.534423828125 106.94847869873047
13.0 24.519542 121.71683502197266 127.27459716796875
14.0 24.519542 202.859375 106.77920532226562
15.0 24.519542 189.487060546875 105.5404052734375
16.0 24.519542 182.31149291992188 95.36761474609375
0.0 24.563607 142.00152587890625 144.94769287109375
1.0 24.563607 209.12962341308594 145.4791717529297
2.0 24.563607 199.90008544921875 131.02618408203125
3.0 24.563607 123.02198028564453 123.58125305175781
4.0 24.563607 112.32579040527344 152.94430541992188
5.0 24.563607 199.43014526367188 131.56436157226562
6.0 24.563607 209.36572265625 144.4927215576172
7.0 24.563607 143.33811950683594 145.97256469726562
8.0 24.563607 122.72984313964844 123.41622161865234
9.0 24.563607 140.87289428710938 144.37777709960938
10.0 24.563607 123.82508850097656 124.70086669921875
11.0 24.563607 200.04661560058594 131.2425994873047
12.0 24.563607 204.34197998046875 104.38448333740234
13.0 24.563607 123.41193389892578 124.23251342773438
14.0 24.563607 203.6548614501953 104.22673797607422
15.0 24.563607 190.5451202392578 103.1060791015625
16.0 24.563607 183.36558532714844 92.96719360351562
0.0 24.607672 144.48068237304688 142.0846405029297
1.0 24.607672 210.15695190429688 143.4403533935547
2.0 24.607672 201.17474365234375 129.24012756347656
3.0 24.607672 125.86930084228516 120.82111358642578
4.0 24.607672 114.8611831665039 149.86659240722656
5.0 24.607672 200.67333984375 129.77603149414062
6.0 24.607672 210.39553833007812 142.47149658203125
7.0 24.607672 145.78240966796875 143.12289428710938
8.0 24.607672 125.58940887451172 120.64662170410156
9.0 24.607672 143.3606414794922 141.49090576171875
10.0 24.607672 126.67355346679688 121.94249725341797
11.0 24.607672 201.30517578125 129.45718383789062
12.0 24.607672 206.1555938720703 103.32747650146484
13.0 24.607672 126.26701354980469 121.45464324951172
14.0 24.607672 205.4843292236328 103.15148162841797
15.0 24.607672 192.68270874023438 101.88327026367188
16.0 24.607672 185.6424102783203 91.99982452392578
0.0 24.651737999 146.09719848632812 140.72305297851562
1.0 24.651737999 209.9862518310547 142.1199493408203
2.0 24.651737999 201.1890869140625 128.22824096679688
3.0 24.651737999 127.75314331054688 119.80399322509766
4.0 24.651737999 116.74958801269531 148.47389221191406
5.0 24.651737999 200.68212890625 128.76576232910156
6.0 24.651737999 210.23265075683594 141.17225646972656
7.0 24.651737999 147.42739868164062 141.7817840576172
8.0 24.651737999 127.47528839111328 119.6229019165039
9.0 24.651737999 144.99588012695312 140.1218719482422
10.0 24.651737999 128.57017517089844 120.92327117919922
11.0 24.651737999 201.3136444091797 128.44277954101562
12.0 24.651737999 206.1573486328125 103.25182342529297
13.0 24.651737999 128.1566925048828 120.42642974853516
14.0 24.651737999 205.4969940185547 103.06031799316406
15.0 24.651737999 193.13528442382812 101.70002746582031
16.0 24.651737999 186.24658203125 92.11262512207031
0.0 24.695802999 146.56614685058594 137.7027130126953
1.0 24.695802999 208.4593505859375 138.84005737304688
2.0 24.695802999 199.84446716308594 125.36058807373047
3.0 24.695802999 128.56333923339844 117.29341888427734
4.0 24.695802999 117.69686889648438 145.5403289794922
5.0 24.695802999 199.36138916015625 125.89940643310547
6.0 24.695802999 208.696044921875 137.90481567382812
7.0 24.695802999 147.86441040039062 138.76210021972656
8.0 24.695802999 128.27976989746094 117.1060562133789
9.0 24.695802999 145.4781494140625 137.10195922851562
10.0 24.695802999 129.39453125 118.41690063476562
11.0 24.695802999 199.97080993652344 125.56344604492188
12.0 24.695802999 204.61155700683594 101.3631362915039
13.0 24.695802999 128.95941162109375 117.91072845458984
14.0 24.695802999 203.95083618164062 101.18531799316406
15.0 24.695802999 192.08963012695312 99.85325622558594
16.0 24.695802999 185.29432678222656 90.50141906738281
0.0 24.739868 146.9579315185547 134.02455139160156
1.0 24.739868 206.65260314941406 134.70443725585938
2.0 24.739868 198.2253875732422 121.73686981201172
3.0 24.739868 129.2718048095703 114.19281005859375
4.0 24.739868 118.53768157958984 141.9332275390625
5.0 24.739868 197.73828125 122.28260803222656
6.0 24.739868 206.88528442382812 133.77891540527344
7.0 24.739868 148.26101684570312 135.09144592285156
8.0 24.739868 128.96340942382812 113.9936294555664
9.0 24.739868 145.8359832763672 133.41294860839844
10.0 24.739868 130.10853576660156 115.3044662475586
11.0 24.739868 198.34872436523438 121.95130157470703
12.0 24.739868 202.6734619140625 98.7025375366211
13.0 24.739868 129.67178344726562 114.82078552246094
14.0 24.739868 202.0084686279297 98.5363998413086
15.0 24.739868 190.6584930419922 97.28559112548828
16.0 24.739868 183.9476776123047 88.15261840820312
0.0 24.783933999 145.93765258789062 130.4421844482422
1.0 24.783933999 203.4818572998047 130.8249053955078
2.0 24.783933999 195.26678466796875 118.3766098022461
3.0 24.783933999 128.65135192871094 111.06295013427734
4.0 24.783933999 118.11492156982422 138.29730224609375
5.0 24.783933999 194.7723846435547 118.90933227539062
6.0 24.783933999 203.71116638183594 129.92657470703125
7.0 24.783933999 147.2628936767578 131.5054473876953
8.0 24.783933999 128.36935424804688 110.87236022949219
9.0 24.783933999 144.8433380126953 129.8106231689453
10.0 24.783933999 129.49783325195312 112.18775939941406
11.0 24.783933999 195.38633728027344 118.57972717285156
12.0 24.783933999 199.55442810058594 96.32638549804688
13.0 24.783933999 129.0723876953125 111.67477416992188
14.0 24.783933999 198.88185119628906 96.14550018310547
15.0 24.783933999 187.91030883789062 94.74131774902344
16.0 24.783933999 181.42626953125 86.0892105102539
0.0 24.827998999 144.5858917236328 126.90367126464844
1.0 24.827998999 200.01490783691406 126.92312622070312
2.0 24.827998999 192.0084686279297 114.99344635009766
3.0 24.827998999 127.70368194580078 108.03701782226562
4.0 24.827998999 117.34098815917969 134.7078399658203
5.0 24.827998999 191.53919982910156 115.53328704833984
6.0 24.827998999 200.24240112304688 126.0528793334961
7.0 24.827998999 145.8984375 127.99220275878906
8.0 24.827998999 127.42047119140625 107.84239959716797
9.0 24.827998999 143.47865295410156 126.27701568603516
10.0 24.827998999 128.5608673095703 109.16776275634766
11.0 24.827998999 192.14004516601562 115.2015151977539
12.0 24.827998999 196.03517150878906 93.97218322753906
13.0 24.827998999 128.1382598876953 108.65727996826172
14.0 24.827998999 195.37213134765625 93.78152465820312
15.0 24.827998999 184.91647338867188 92.41824340820312
16.0 24.827998999 178.52069091796875 83.98839569091797
0.0 24.872063999 140.89443969726562 123.37576293945312
1.0 24.872063999 194.16905212402344 123.37922668457031
2.0 24.872063999 186.3985137939453 111.93775177001953
3.0 24.872063999 124.30888366699219 104.97464752197266
4.0 24.872063999 114.0544662475586 131.11590576171875
5.0 24.872063999 185.92616271972656 112.45906066894531
6.0 24.872063999 194.3809051513672 122.52033996582031
7.0 24.872063999 142.20541381835938 124.4583969116211
8.0 24.872063999 124.01001739501953 104.75579071044922
9.0 24.872063999 139.79946899414062 122.72237396240234
10.0 24.872063999 125.17693328857422 106.09857177734375
11.0 24.872063999 186.52029418945312 112.14120483398438
12.0 24.872063999 190.4294891357422 91.80733489990234
13.0 24.872063999 124.73400115966797 105.59644317626953
14.0 24.872063999 189.74917602539062 91.62904357910156
15.0 24.872063999 179.70201110839844 90.25604248046875
16.0 24.872063999 173.49493408203125 82.1708755493164
0.0 24.916129999 138.3282470703125 120.67911529541016
1.0 24.916129999 189.73458862304688 120.5689468383789
2.0 24.916129999 182.20132446289062 109.55020141601562
3.0 24.916129999 122.19662475585938 102.71409606933594
4.0 24.916129999 112.08453369140625 128.3837890625
5.0 24.916129999 181.7239227294922 110.08544921875
6.0 24.916129999 189.9443359375 119.72727966308594
7.0 24.916129999 139.63516235351562 121.77304077148438
8.0 24.916129999 121.88805389404297 102.51260375976562
9.0 24.916129999 137.2501983642578 120.02881622314453
10.0 24.916129999 123.06500244140625 103.84611511230469
11.0 24.916129999 182.32000732421875 109.7470474243164
12.0 24.916129999 186.14427185058594 90.2643051147461
13.0 24.916129999 122.6249008178711 103.35796356201172
14.0 24.916129999 185.47787475585938 90.0707015991211
15.0 24.916129999 175.7772979736328 88.66246032714844
16.0 24.916129999 169.75424194335938 80.95113372802734
