9.120943000
9.167007999
9.213073000
9.259139000
9.305203999
9.351268999
9.397334999
9.443400000
9.489466000
9.535530999
9.581596000
9.627662000
9.673726999
9.719791999
9.765858000
9.811923000
9.857987999
9.904053999
9.950119000
9.996185000
10.042249999
10.088315000
10.134381000
10.180445999
10.226510999
10.272576999
10.318642000
10.364706999
10.410772999
10.456838000
10.502904000
10.548968999
10.595033999
10.641100000
10.687165000
10.733229999
10.779295999
10.825361000
10.871427000
10.917491999
10.963557000
11.009623000
11.055688000
11.101752999
11.147818999
11.193884000
11.239948999
11.286014999
11.332080000
11.378146000
11.424210999
11.470275999
11.516342000
11.562407000
11.608471999
11.654537999
11.700603000
11.746667999
11.792733999
11.838799000
11.884865000
11.930930000
11.976994999
12.023060999
12.069126000
12.115190999
12.161256999
12.207322000
12.253388000
12.299452999
12.345517999
12.391583999
12.437649000
12.483713999
12.529779999
12.575845000
12.621911000
12.667975999
12.714040999
12.760107000
12.806172000
