15.202934000
15.249000000
15.295064999
15.341130000
15.387196000
15.433260999
15.479326999
15.525392000
15.571457000
15.617522999
15.663587999
15.709653000
15.755719000
15.801783999
15.847849000
15.893915000
15.939979999
15.986045999
16.032111000
16.078176000
16.124242000
16.170306999
16.216372000
16.262438000
16.308502999
16.354568999
16.400634000
16.446699000
16.492764999
16.538829999
16.584895000
16.630961000
16.677025999
16.723091000
16.769157000
16.815221999
16.861287999
16.907353000
16.953418000
16.999484000
17.045548999
17.091614000
17.137680000
17.183744999
17.229810000
17.275876000
17.321941000
17.368006999
17.414071999
17.460137000
17.506203000
17.552267999
17.598333000
17.644399000
17.690463999
17.736529999
17.782594999
17.828660000
17.874726000
17.920790999
17.966856000
18.012922000
18.058986999
18.105051999
18.151118000
18.197183000
18.243248999
18.289313999
18.335379000
18.381445000
18.427509999
18.473575000
18.519641000
18.565705999
18.611770999
18.657836999
18.703902000
18.749968000
18.796032999
18.842098000
18.888164000
