0.0 15.202934 26.0 45.0
1.0 15.202934 223.0 111.0
2.0 15.202934 157.0 6.0
3.0 15.202934 134.0 40.0
4.0 15.202934 196.0 99.0
5.0 15.202934 186.0 129.0
6.0 15.202934 50.0 53.0
7.0 15.202934 85.0 119.0
8.0 15.202934 150.0 131.0
9.0 15.202934 147.0 166.0
10.0 15.202934 80.0 73.0
11.0 15.202934 122.0 79.0
12.0 15.202934 57.0 104.0
13.0 15.202934 17.0 141.0
14.0 15.202934 121.0 164.0
15.0 15.202934 186.0 156.0
16.0 15.202934 112.0 125.0
17.0 15.202934 23.0 173.0
18.0 15.202934 33.0 121.0
19.0 15.202934 182.0 61.0
20.0 15.202934 97.0 92.0
21.0 15.202934 49.0 166.0
0.0 15.249 23.161596298217773 45.213714599609375
1.0 15.249 221.9634552001953 109.86100769042969
2.0 15.249 155.1304931640625 5.060456275939941
3.0 15.249 132.4746551513672 39.24433517456055
4.0 15.249 194.78005981445312 97.94437408447266
5.0 15.249 184.8662872314453 128.07540893554688
6.0 15.249 48.91107177734375 52.469974517822266
7.0 15.249 83.33112335205078 118.5364761352539
8.0 15.249 148.74937438964844 130.1952667236328
9.0 15.249 145.9150848388672 165.371826171875
10.0 15.249 78.39119720458984 72.6328125
11.0 15.249 120.44697570800781 78.4134750366211
12.0 15.249 55.594730377197266 103.75042724609375
13.0 15.249 15.697358131408691 141.21286010742188
14.0 15.249 119.86616516113281 163.4986572265625
15.0 15.249 184.88113403320312 155.3104705810547
16.0 15.249 110.67591094970703 124.41845703125
17.0 15.249 22.338232040405273 173.5596160888672
18.0 15.249 31.544055938720703 120.8958740234375
19.0 15.249 180.468994140625 59.98736572265625
20.0 15.249 95.54776763916016 91.43502807617188
21.0 15.249 47.88284683227539 165.96087646484375
0.0 15.295064999 19.736642837524414 44.18657302856445
1.0 15.295064999 220.00680541992188 107.14837646484375
2.0 15.295064999 152.4512939453125 2.5068044662475586
3.0 15.295064999 129.86224365234375 36.885475158691406
4.0 15.295064999 192.64288330078125 95.218505859375
5.0 15.295064999 182.74798583984375 125.4891586303711
6.0 15.295064999 46.8371696472168 50.41946029663086
7.0 15.295064999 80.82360076904297 116.54061889648438
8.0 15.295064999 146.51548767089844 127.74736022949219
9.0 15.295064999 143.92860412597656 163.0473175048828
10.0 15.295064999 75.83367156982422 70.71701049804688
11.0 15.295064999 117.98043823242188 76.1347427368164
12.0 15.295064999 53.15985107421875 101.80992126464844
13.0 15.295064999 13.70562744140625 140.0200958251953
14.0 15.295064999 117.71919250488281 161.3238067626953
15.0 15.295064999 182.8135986328125 152.94033813476562
16.0 15.295064999 108.36180877685547 122.19786071777344
17.0 15.295064999 20.77644157409668 172.79208374023438
18.0 15.295064999 29.089527130126953 119.27649688720703
19.0 15.295064999 178.05776977539062 57.257171630859375
20.0 15.295064999 93.10408782958984 89.08541870117188
21.0 15.295064999 45.86277389526367 164.5516815185547
0.0 15.34113 17.322370529174805 42.22465896606445
1.0 15.34113 217.8455810546875 105.30553436279297
2.0 15.34113 149.56692504882812 0.34336724877357483
3.0 15.34113 127.38153839111328 35.15925979614258
4.0 15.34113 190.410888671875 93.3056411743164
5.0 15.34113 180.489990234375 123.64803314208984
6.0 15.34113 43.90117645263672 49.0178108215332
7.0 15.34113 77.96337890625 115.01168060302734
8.0 15.34113 144.39263916015625 126.16895294189453
9.0 15.34113 141.6245574951172 161.48568725585938
10.0 15.34113 73.13800811767578 69.29618072509766
11.0 15.34113 115.39307403564453 74.54413604736328
12.0 15.34113 50.49066162109375 100.296142578125
13.0 15.34113 11.365771293640137 138.99063110351562
14.0 15.34113 115.4502944946289 159.76449584960938
15.0 15.34113 180.48385620117188 151.3842010498047
16.0 15.34113 105.8428726196289 120.62178802490234
17.0 15.34113 18.914886474609375 172.39019775390625
18.0 15.34113 26.313308715820312 117.99824523925781
19.0 15.34113 175.6190643310547 55.254486083984375
20.0 15.34113 90.47896575927734 87.42851257324219
21.0 15.34113 43.41976547241211 163.51040649414062
0.0 15.387196 15.024025917053223 41.486385345458984
1.0 15.387196 217.41708374023438 104.19371032714844
2.0 15.387196 149.19857788085938 -0.8299968242645264
3.0 15.387196 126.75299072265625 33.72151565551758
4.0 15.387196 190.05908203125 92.01288604736328
5.0 15.387196 179.99053955078125 122.58280181884766
6.0 15.387196 42.875030517578125 47.64822006225586
7.0 15.387196 77.3785171508789 113.72659301757812
8.0 15.387196 143.66592407226562 124.87213897705078
9.0 15.387196 141.03150939941406 160.28562927246094
10.0 15.387196 72.29315948486328 68.03616333007812
11.0 15.387196 114.63232421875 73.25393676757812
12.0 15.387196 49.631778717041016 98.92189025878906
13.0 15.387196 10.31249713897705 138.0006866455078
14.0 15.387196 114.78781127929688 158.529541015625
15.0 15.387196 179.72116088867188 150.41929626464844
16.0 15.387196 105.19033813476562 119.26995086669922
17.0 15.387196 18.21981430053711 171.6653289794922
18.0 15.387196 25.243253707885742 116.71004486083984
19.0 15.387196 175.27880859375 53.93992614746094
20.0 15.387196 89.7751693725586 85.8994369506836
21.0 15.387196 42.467445373535156 162.4904022216797
0.0 15.433260999 16.171476364135742 40.5551643371582
1.0 15.433260999 219.22845458984375 103.75497436523438
2.0 15.433260999 150.46424865722656 -1.9413422346115112
3.0 15.433260999 128.97962951660156 32.17486572265625
4.0 15.433260999 192.16001892089844 91.1615982055664
5.0 15.433260999 182.1034393310547 121.56189727783203
6.0 15.433260999 43.9412956237793 45.685813903808594
7.0 15.433260999 79.33379364013672 112.0548095703125
8.0 15.433260999 145.37832641601562 123.6060562133789
9.0 15.433260999 142.94354248046875 159.10952758789062
10.0 15.433260999 74.1302261352539 66.37409210205078
11.0 15.433260999 116.58985137939453 71.8689193725586
12.0 15.433260999 51.21706771850586 97.02854919433594
13.0 15.433260999 11.302231788635254 136.19580078125
14.0 15.433260999 116.5675277709961 157.17355346679688
15.0 15.433260999 181.2234649658203 149.6417236328125
16.0 15.433260999 107.2022933959961 117.86248016357422
17.0 15.433260999 19.237581253051758 170.08734130859375
18.0 15.433260999 26.354755401611328 114.86315155029297
19.0 15.433260999 177.79283142089844 53.04652786254883
20.0 15.433260999 91.74422454833984 84.25106811523438
21.0 15.433260999 43.56340408325195 160.76942443847656
0.0 15.479326999 20.523088455200195 38.081321716308594
1.0 15.479326999 224.96749877929688 103.03121948242188
2.0 15.479326999 156.48175048828125 -3.060575246810913
3.0 15.479326999 134.7935333251953 30.715700149536133
4.0 15.479326999 198.37376403808594 90.15215301513672
5.0 15.479326999 181.5299835205078 123.17340087890625
6.0 15.479326999 48.00072479248047 43.935123443603516
7.0 15.479326999 85.78270721435547 110.359130859375
8.0 15.479326999 144.677978515625 120.58867645263672
9.0 15.479326999 139.7008056640625 156.56320190429688
10.0 15.479326999 79.92654418945312 64.69457244873047
11.0 15.479326999 122.59972381591797 70.40935516357422
12.0 15.479326999 56.7263069152832 95.223876953125
13.0 15.479326999 16.21198844909668 133.86302185058594
14.0 15.479326999 122.9407958984375 155.76463317871094
15.0 15.479326999 187.0076141357422 148.5655975341797
16.0 15.479326999 113.54065704345703 116.2089614868164
17.0 15.479326999 23.942792892456055 168.2447967529297
18.0 15.479326999 31.471952438354492 113.02877807617188
19.0 15.479326999 184.56834411621094 52.06956100463867
20.0 15.479326999 97.8689193725586 82.46920013427734
21.0 15.479326999 48.69497299194336 158.93106079101562
0.0 15.525392 26.868894577026367 37.24638366699219
1.0 15.525392 232.48158264160156 105.07090759277344
2.0 15.525392 165.42498779296875 -12.553484916687012
3.0 15.525392 143.366455078125 30.823078155517578
4.0 15.525392 206.59153747558594 91.32003784179688
5.0 15.525392 189.83956909179688 123.9766845703125
6.0 15.525392 54.32202911376953 42.996788024902344
7.0 15.525392 94.50462341308594 109.73323059082031
8.0 15.525392 145.4263458251953 118.6831283569336
9.0 15.525392 139.5301971435547 155.49879455566406
10.0 15.525392 88.05201721191406 64.09165954589844
11.0 15.525392 130.86477661132812 70.57508087158203
12.0 15.525392 48.96452331542969 99.25678253173828
13.0 15.525392 22.517536163330078 132.39370727539062
14.0 15.525392 120.25794219970703 128.53045654296875
15.0 15.525392 202.49118041992188 131.12901306152344
16.0 15.525392 122.0325927734375 116.11280059814453
17.0 15.525392 30.111427307128906 166.85406494140625
18.0 15.525392 38.57496643066406 111.77777862548828
19.0 15.525392 185.50546264648438 54.621334075927734
20.0 15.525392 106.36821746826172 82.02924346923828
21.0 15.525392 55.382869720458984 157.91363525390625
0.0 15.571457 33.911354064941406 99.03433227539062
1.0 15.571457 240.70191955566406 109.0819320678711
2.0 15.571457 172.6856689453125 -7.844388484954834
3.0 15.571457 154.19479370117188 30.645463943481445
4.0 15.571457 216.78451538085938 92.75164031982422
5.0 15.571457 200.08233642578125 124.63261413574219
6.0 15.571457 62.69881057739258 41.494895935058594
7.0 15.571457 105.56622314453125 108.79631042480469
8.0 15.571457 147.7627410888672 115.06763458251953
9.0 15.571457 141.47198486328125 154.07965087890625
10.0 15.571457 98.56973266601562 63.15394973754883
11.0 15.571457 141.49127197265625 70.51242065429688
12.0 15.571457 58.42237854003906 97.65707397460938
13.0 15.571457 30.984188079833984 129.859619140625
14.0 15.571457 131.04046630859375 128.12721252441406
15.0 15.571457 212.01536560058594 132.46910095214844
16.0 15.571457 47.860862731933594 111.03983306884766
17.0 15.571457 38.07413864135742 164.7705841064453
18.0 15.571457 47.801387786865234 109.95723724365234
19.0 15.571457 187.87112426757812 54.827484130859375
20.0 15.571457 117.0560302734375 81.27791595458984
21.0 15.571457 64.04690551757812 156.39285278320312
0.0 15.617522999 35.8865852355957 97.4240493774414
1.0 15.617522999 266.6806335449219 110.9088363647461
2.0 15.617522999 181.8950653076172 -21.0429630279541
3.0 15.617522999 165.6671142578125 30.015871047973633
4.0 15.617522999 227.4349822998047 93.94649505615234
5.0 15.617522999 210.61878967285156 124.63249969482422
6.0 15.617522999 71.72565460205078 38.84190368652344
7.0 15.617522999 117.4764404296875 106.91609191894531
8.0 15.617522999 134.8668670654297 116.04059600830078
9.0 15.617522999 141.70960998535156 125.786865234375
10.0 15.617522999 109.94918823242188 61.16806411743164
11.0 15.617522999 152.74452209472656 69.76329040527344
12.0 15.617522999 68.42282104492188 94.71925354003906
13.0 15.617522999 39.64566421508789 126.41973114013672
14.0 15.617522999 142.19345092773438 126.85182189941406
15.0 15.617522999 221.73670959472656 133.510986328125
16.0 15.617522999 57.58991241455078 107.90132141113281
17.0 15.617522999 46.37203598022461 161.3289794921875
18.0 15.617522999 57.59410095214844 106.81622314453125
19.0 15.617522999 185.02674865722656 55.085182189941406
20.0 15.617522999 128.4923553466797 79.5290756225586
21.0 15.617522999 72.9847412109375 153.52755737304688
0.0 15.663587999 43.99614715576172 95.48657989501953
1.0 15.663587999 265.0522766113281 115.08209228515625
2.0 15.663587999 190.47000122070312 -40.96566390991211
3.0 15.663587999 176.375 31.199039459228516
4.0 15.663587999 242.483154296875 97.01228332519531
5.0 15.663587999 220.45645141601562 125.5284423828125
6.0 15.663587999 79.71027374267578 37.66926193237305
7.0 15.663587999 128.52548217773438 106.82714080810547
8.0 15.663587999 128.60560607910156 110.6006088256836
9.0 15.663587999 152.14244079589844 126.24629211425781
10.0 15.663587999 120.33201599121094 60.92038345336914
11.0 15.663587999 163.05369567871094 70.61654663085938
12.0 15.663587999 77.64814758300781 93.60660552978516
13.0 15.663587999 47.692996978759766 124.76708984375
14.0 15.663587999 152.57411193847656 127.32141876220703
15.0 15.663587999 230.58645629882812 135.8257598876953
16.0 15.663587999 66.61697387695312 106.44462585449219
17.0 15.663587999 54.17287826538086 159.847900390625
18.0 15.663587999 66.64441680908203 105.38394165039062
19.0 15.663587999 251.6351318359375 -43.07402420043945
20.0 15.663587999 139.064453125 79.58157348632812
21.0 15.663587999 81.38587951660156 152.6416015625
0.0 15.709653 53.76811218261719 94.1363296508789
1.0 15.709653 316.61993408203125 117.62815856933594
2.0 15.709653 197.80172729492188 -164.66571044921875
3.0 15.709653 187.06332397460938 32.35882568359375
4.0 15.709653 223.05117797851562 94.64993286132812
5.0 15.709653 231.68052673339844 126.40222930908203
6.0 15.709653 88.96974182128906 36.91860580444336
7.0 15.709653 141.09564208984375 107.1646957397461
8.0 15.709653 141.28164672851562 111.0317611694336
9.0 15.709653 164.05357360839844 127.01927185058594
10.0 15.709653 132.1248779296875 61.044532775878906
11.0 15.709653 174.59523010253906 71.70977020263672
12.0 15.709653 88.3584213256836 92.98503875732422
13.0 15.709653 57.4146842956543 123.67892456054688
14.0 15.709653 164.45904541015625 128.10302734375
15.0 15.709653 241.8450927734375 137.96826171875
16.0 15.709653 77.32611083984375 105.58485412597656
17.0 15.709653 63.67989730834961 158.815673828125
18.0 15.709653 77.34893798828125 104.54222106933594
19.0 15.709653 301.6351318359375 -55.57402420043945
20.0 15.709653 151.09231567382812 79.93962097167969
21.0 15.709653 79.07367706298828 125.55551147460938
0.0 15.755719 64.20156860351562 91.95384216308594
1.0 15.755719 256.30816650390625 76.5982437133789
2.0 15.755719 206.29673767089844 -205.4983367919922
3.0 15.755719 197.05813598632812 30.701404571533203
4.0 15.755719 211.15423583984375 93.6499252319336
5.0 15.755719 234.2784881591797 77.59833526611328
6.0 15.755719 97.99629211425781 34.928504943847656
7.0 15.755719 153.99514770507812 105.34091186523438
8.0 15.755719 154.3057098388672 109.33119201660156
9.0 15.755719 176.6543426513672 125.40486907958984
10.0 15.755719 143.812744140625 59.17134094238281
11.0 15.755719 186.26312255859375 70.30039978027344
12.0 15.755719 99.69549560546875 91.02096557617188
13.0 15.755719 68.20449829101562 121.75003051757812
14.0 15.755719 177.03379821777344 126.52000427246094
15.0 15.755719 227.28599548339844 131.31971740722656
16.0 15.755719 88.65034484863281 103.51871490478516
17.0 15.755719 74.80036163330078 156.87826538085938
18.0 15.755719 88.67105865478516 102.4842529296875
19.0 15.755719 237.6351318359375 -147.5740203857422
20.0 15.755719 163.1305694580078 78.13021087646484
21.0 15.755719 90.34102630615234 123.51721954345703
0.0 15.801783999 73.52901458740234 91.4471206665039
1.0 15.801783999 250.81671142578125 67.53116607666016
2.0 15.801783999 214.9642333984375 -241.0889129638672
3.0 15.801783999 205.0353240966797 28.31371307373047
4.0 15.801783999 208.95814514160156 88.95742797851562
5.0 15.801783999 254.09336853027344 74.019287109375
6.0 15.801783999 105.2502212524414 33.93318176269531
7.0 15.801783999 165.2740478515625 103.67363739013672
8.0 15.801783999 165.62115478515625 107.552978515625
9.0 15.801783999 188.05844116210938 123.60128021240234
10.0 15.801783999 153.56980895996094 57.5921516418457
11.0 15.801783999 196.1752471923828 68.26382446289062
12.0 15.801783999 109.74314880371094 90.03396606445312
13.0 15.801783999 78.40383911132812 121.26924896240234
14.0 15.801783999 188.47647094726562 124.69644927978516
15.0 15.801783999 238.16043090820312 130.0821075439453
16.0 15.801783999 98.833984375 102.5730972290039
17.0 15.801783999 85.57334899902344 156.32701110839844
18.0 15.801783999 98.76861572265625 101.58641052246094
19.0 15.801783999 284.8612365722656 -174.08053588867188
20.0 15.801783999 173.32920837402344 76.19747924804688
21.0 15.801783999 100.91748809814453 122.69859313964844
0.0 15.847849 76.68071746826172 90.83969116210938
1.0 15.847849 308.160888671875 69.31524658203125
2.0 15.847849 219.69509887695312 -257.2167663574219
3.0 15.847849 208.43212890625 28.08319664001465
4.0 15.847849 212.65879821777344 88.75663757324219
5.0 15.847849 283.03533935546875 75.4293212890625
6.0 15.847849 108.08071899414062 33.49862289428711
7.0 15.847849 168.66629028320312 103.24425506591797
8.0 15.847849 169.1601104736328 107.22823333740234
9.0 15.847849 191.54161071777344 123.45295715332031
10.0 15.847849 157.1376190185547 57.29085159301758
11.0 15.847849 199.6917266845703 68.21444702148438
12.0 15.847849 112.9471664428711 89.6226806640625
13.0 15.847849 81.32109832763672 120.86737060546875
14.0 15.847849 191.9403076171875 124.57904815673828
15.0 15.847849 241.53868103027344 130.641845703125
16.0 15.847849 101.97396087646484 102.04560852050781
17.0 15.847849 88.42459106445312 155.7213592529297
18.0 15.847849 101.91288757324219 101.06389617919922
19.0 15.847849 384.8612365722656 -161.58053588867188
20.0 15.847849 176.95327758789062 75.8444595336914
21.0 15.847849 104.25599670410156 122.16920471191406
0.0 15.893915 75.20439910888672 88.4254150390625
1.0 15.893915 283.9332580566406 64.95491027832031
2.0 15.893915 212.7512664794922 -301.125244140625
3.0 15.893915 207.60704040527344 25.830005645751953
4.0 15.893915 211.23582458496094 86.37055969238281
5.0 15.893915 314.37890625 73.32592010498047
6.0 15.893915 106.79979705810547 31.210365295410156
7.0 15.893915 166.3965301513672 100.66450500488281
8.0 15.893915 167.02610778808594 104.70621490478516
9.0 15.893915 189.5187530517578 121.1591567993164
10.0 15.893915 155.54611206054688 54.90851593017578
11.0 15.893915 198.36495971679688 65.91747283935547
12.0 15.893915 111.19882202148438 87.04688262939453
13.0 15.893915 79.62477111816406 118.6183090209961
14.0 15.893915 189.90689086914062 122.2840576171875
15.0 15.893915 237.4043426513672 128.0999755859375
16.0 15.893915 100.4041976928711 99.43335723876953
17.0 15.893915 86.50580596923828 153.18325805664062
18.0 15.893915 100.32572174072266 98.4933853149414
19.0 15.893915 234.70498657226562 -255.85006713867188
20.0 15.893915 175.52647399902344 73.37644958496094
21.0 15.893915 102.7326889038086 119.64737701416016
0.0 15.939979999 69.3142318725586 87.93147277832031
1.0 15.939979999 318.15924072265625 67.77723693847656
2.0 15.939979999 208.0823516845703 -333.43365478515625
3.0 15.939979999 202.52293395996094 25.148523330688477
4.0 15.939979999 204.46791076660156 85.44286346435547
5.0 15.939979999 334.27197265625 75.12560272216797
6.0 15.939979999 101.57200622558594 30.489294052124023
7.0 15.939979999 158.5469207763672 99.66857147216797
8.0 15.939979999 159.36587524414062 103.84966278076172
9.0 15.939979999 182.1188201904297 120.34296417236328
10.0 15.939979999 148.94471740722656 54.2350959777832
11.0 15.939979999 213.2500457763672 52.428993225097656
12.0 15.939979999 104.44689178466797 86.4527587890625
13.0 15.939979999 73.47113037109375 118.12255859375
14.0 15.939979999 182.5277862548828 121.44699096679688
15.0 15.939979999 230.95465087890625 126.78080749511719
16.0 15.939979999 93.63682556152344 98.79288482666016
17.0 15.939979999 79.9406967163086 152.42263793945312
18.0 15.939979999 93.56684875488281 97.8733139038086
19.0 15.939979999 231.86412048339844 -296.3870544433594
20.0 15.939979999 175.00054931640625 73.60092163085938
21.0 15.939979999 96.33375549316406 119.08731079101562
0.0 15.986045999 61.57942581176758 89.12882995605469
1.0 15.986045999 320.998291015625 62.79905700683594
2.0 15.986045999 200.26222229003906 -352.6207580566406
3.0 15.986045999 195.002685546875 24.100135803222656
4.0 15.986045999 203.4395294189453 94.46639251708984
5.0 15.986045999 338.96905517578125 70.86798858642578
6.0 15.986045999 93.85576629638672 31.098405838012695
7.0 15.986045999 147.65292358398438 99.26911163330078
8.0 15.986045999 164.28387451171875 107.88959503173828
9.0 15.986045999 172.26614379882812 119.7090835571289
10.0 15.986045999 139.49948120117188 54.231197357177734
11.0 15.986045999 203.23280334472656 51.239723205566406
12.0 15.986045999 95.43968963623047 87.0971450805664
13.0 15.986045999 65.64134216308594 119.1981430053711
14.0 15.986045999 172.6824493408203 120.81686401367188
15.0 15.986045999 222.58795166015625 125.00668334960938
16.0 15.986045999 84.81941986083984 99.42550659179688
17.0 15.986045999 87.21183776855469 158.18101501464844
18.0 15.986045999 84.739013671875 98.54043579101562
19.0 15.986045999 230.12051391601562 -344.43341064453125
20.0 15.986045999 165.57569885253906 73.01994323730469
21.0 15.986045999 88.18061828613281 119.7997055053711
0.0 16.032111 50.50226593017578 90.81388854980469
1.0 16.032111 397.1580810546875 64.48189544677734
2.0 16.032111 283.715576171875 -339.45025634765625
3.0 16.032111 185.3171844482422 18.463390350341797
4.0 16.032111 204.01437377929688 95.30004119873047
5.0 16.032111 357.9525146484375 73.7734603881836
6.0 16.032111 83.05233001708984 32.053409576416016
7.0 16.032111 132.46005249023438 99.41048431396484
8.0 16.032111 165.76316833496094 124.44141387939453
9.0 16.032111 158.1441650390625 119.41407775878906
10.0 16.032111 126.0698013305664 54.6340446472168
11.0 16.032111 188.81785583496094 49.586692810058594
12.0 16.032111 82.63786315917969 88.2518539428711
13.0 16.032111 129.70506286621094 104.1061019897461
14.0 16.032111 158.593017578125 120.49569702148438
15.0 16.032111 174.6552734375 264.2308349609375
16.0 16.032111 84.23712158203125 99.60676574707031
17.0 16.032111 75.43801879882812 159.0800018310547
18.0 16.032111 72.13885498046875 99.86691284179688
19.0 16.032111 219.91458129882812 -382.7367858886719
20.0 16.032111 167.64036560058594 76.27914428710938
21.0 16.032111 76.48501586914062 121.10260772705078
0.0 16.078176 53.613624572753906 90.61898040771484
1.0 16.078176 428.06976318359375 68.18659973144531
2.0 16.078176 683.715576171875 -89.45025634765625
3.0 16.078176 169.19436645507812 20.11852264404297
4.0 16.078176 199.18692016601562 103.52569580078125
5.0 16.078176 404.5193786621094 53.72802734375
6.0 16.078176 69.7875747680664 34.14082717895508
7.0 16.078176 132.00025939941406 104.69062805175781
8.0 16.078176 159.79347229003906 152.40272521972656
9.0 16.078176 140.75613403320312 120.51314544677734
10.0 16.078176 109.60861206054688 56.47304916381836
11.0 16.078176 170.9012451171875 48.841678619384766
12.0 16.078176 67.21018981933594 90.7991714477539
13.0 16.078176 111.20619201660156 105.63029479980469
14.0 16.078176 141.25392150878906 121.59371185302734
15.0 16.078176 175.36358642578125 362.86102294921875
16.0 16.078176 84.52506256103516 100.55178833007812
17.0 16.078176 60.87235641479492 161.3157501220703
18.0 16.078176 56.826480865478516 102.33599853515625
19.0 16.078176 199.3350830078125 -406.5823059082031
20.0 16.078176 171.23883056640625 79.39024353027344
21.0 16.078176 61.894317626953125 123.74772644042969
0.0 16.124242 38.049774169921875 94.92395782470703
1.0 16.124242 421.4033203125 65.09716796875
2.0 16.124242 608.715576171875 -151.95025634765625
3.0 16.124242 149.80149841308594 23.19658088684082
4.0 16.124242 179.4828338623047 104.82305908203125
5.0 16.124242 475.981201171875 55.722129821777344
6.0 16.124242 55.272735595703125 37.75667953491211
7.0 16.124242 132.80372619628906 119.37521362304688
8.0 16.124242 158.31150817871094 158.10877990722656
9.0 16.124242 121.44258117675781 123.47613525390625
10.0 16.124242 94.40641021728516 52.62081527709961
11.0 16.124242 151.06886291503906 45.96197509765625
12.0 16.124242 50.573246002197266 95.05706024169922
13.0 16.124242 91.36276245117188 109.2822036743164
14.0 16.124242 121.97282409667969 124.5479507446289
15.0 16.124242 184.68630981445312 378.8803405761719
16.0 16.124242 87.6144027709961 83.93382263183594
17.0 16.124242 45.04667282104492 165.28468322753906
18.0 16.124242 40.27415084838867 106.48289489746094
19.0 16.124242 169.60394287109375 -426.1419372558594
20.0 16.124242 167.11753845214844 79.94429779052734
21.0 16.124242 45.977806091308594 128.1412811279297
0.0 16.170306999 23.71786880493164 100.83258819580078
1.0 16.170306999 449.5069885253906 86.36697387695312
2.0 16.170306999 596.215576171875 -145.70025634765625
3.0 16.170306999 131.09017944335938 26.9349308013916
4.0 16.170306999 160.8138885498047 107.77220916748047
5.0 16.170306999 398.356689453125 54.48445129394531
6.0 16.170306999 41.49742889404297 42.841819763183594
7.0 16.170306999 115.09590148925781 123.7479019165039
8.0 16.170306999 140.9715576171875 161.8492431640625
9.0 16.170306999 103.56709289550781 128.1393585205078
10.0 16.170306999 77.82026672363281 100.52496337890625
11.0 16.170306999 131.3918914794922 46.32522964477539
12.0 16.170306999 35.58441162109375 100.865478515625
13.0 16.170306999 73.12516021728516 114.67845916748047
14.0 16.170306999 104.15179443359375 129.2133331298828
15.0 16.170306999 170.568359375 393.38385009765625
16.0 16.170306999 94.13768768310547 128.07737731933594
17.0 16.170306999 30.811386108398438 170.89602661132812
18.0 16.170306999 25.093860626220703 112.25758361816406
19.0 16.170306999 158.18896484375 -537.5958251953125
20.0 16.170306999 183.17095947265625 81.90493774414062
21.0 16.170306999 31.43215560913086 134.17445373535156
0.0 16.216372 10.816089630126953 105.80420684814453
1.0 16.216372 406.5166015625 68.02580261230469
2.0 16.216372 571.215576171875 -120.70025634765625
3.0 16.216372 123.20423889160156 27.090425491333008
4.0 16.216372 144.50057983398438 108.65595245361328
5.0 16.216372 503.51849365234375 76.25550842285156
6.0 16.216372 28.579978942871094 46.682193756103516
7.0 16.216372 99.57332611083984 125.94654083251953
8.0 16.216372 126.02841186523438 163.28793334960938
9.0 16.216372 87.95883178710938 130.59828186035156
10.0 16.216372 83.38713836669922 103.01262664794922
11.0 16.216372 134.36563110351562 22.542512893676758
12.0 16.216372 22.22812271118164 105.47457885742188
13.0 16.216372 57.08712387084961 118.1614990234375
14.0 16.216372 88.57111358642578 131.64125061035156
15.0 16.216372 182.30921936035156 640.6259155273438
16.0 16.216372 90.31299591064453 135.20223999023438
17.0 16.216372 19.571109771728516 175.81875610351562
18.0 16.216372 11.854538917541504 116.96905517578125
19.0 16.216372 139.75242614746094 -535.8251953125
20.0 16.216372 190.71780395507812 82.376953125
21.0 16.216372 19.200912475585938 139.03741455078125
0.0 16.262438 -1.5766066312789917 108.72393035888672
1.0 16.262438 525.7977294921875 187.90086364746094
2.0 16.262438 571.215576171875 -120.70025634765625
3.0 16.262438 118.17608642578125 29.758272171020508
4.0 16.262438 129.1124725341797 110.73176574707031
5.0 16.262438 550.3621215820312 81.70524597167969
6.0 16.262438 17.418851852416992 49.003604888916016
7.0 16.262438 84.80891418457031 128.69293212890625
8.0 16.262438 110.9931640625 165.58694458007812
9.0 16.262438 73.23258972167969 133.343994140625
10.0 16.262438 93.0650863647461 108.43272399902344
11.0 16.262438 129.0378875732422 25.371047973632812
12.0 16.262438 9.855842590332031 108.50528717041016
13.0 16.262438 42.44124221801758 121.18563842773438
14.0 16.262438 73.8260269165039 134.3933563232422
15.0 16.262438 193.77674865722656 637.55908203125
16.0 16.262438 75.55884552001953 137.86964416503906
17.0 16.262438 7.28867244720459 192.75732421875
18.0 16.262438 -0.829779326915741 119.93980407714844
19.0 16.262438 128.9822998046875 -562.1845092773438
20.0 16.262438 195.24342346191406 81.38835144042969
21.0 16.262438 7.017181873321533 142.1964874267578
0.0 16.308502999 -90.45015716552734 112.01054382324219
1.0 16.308502999 525.7977294921875 187.90086364746094
2.0 16.308502999 646.215576171875 -108.20025634765625
3.0 16.308502999 117.68020629882812 31.95960807800293
4.0 16.308502999 116.54225158691406 112.5932388305664
5.0 16.308502999 522.3306274414062 40.892662048339844
6.0 16.308502999 7.0476813316345215 52.665924072265625
7.0 16.308502999 73.02396392822266 131.60752868652344
8.0 16.308502999 99.46514129638672 167.68743896484375
9.0 16.308502999 61.5700798034668 136.33375549316406
10.0 16.308502999 81.11009216308594 111.13294982910156
11.0 16.308502999 143.47300720214844 28.278221130371094
12.0 16.308502999 -21.617929458618164 112.95848846435547
13.0 16.308502999 30.591310501098633 124.89643859863281
14.0 16.308502999 62.23125076293945 137.3738250732422
15.0 16.308502999 209.87478637695312 615.5038452148438
16.0 16.308502999 64.01539611816406 140.7487030029297
17.0 16.308502999 -4.644838333129883 226.74200439453125
18.0 16.308502999 -17.105886459350586 123.52446746826172
19.0 16.308502999 129.78872680664062 -797.8824462890625
20.0 16.308502999 182.3296356201172 81.45262145996094
21.0 16.308502999 10.548287391662598 138.56192016601562
0.0 16.354568999 -117.81491088867188 111.77659606933594
1.0 16.354568999 550.7977294921875 262.90087890625
2.0 16.354568999 134.215576171875 -1452.2001953125
3.0 16.354568999 137.02728271484375 33.536407470703125
4.0 16.354568999 108.25875091552734 113.73258972167969
5.0 16.354568999 539.8427734375 43.38334274291992
6.0 16.354568999 -27.984689712524414 52.00229263305664
7.0 16.354568999 65.31277465820312 133.64501953125
8.0 16.354568999 92.13114929199219 169.1362762451172
9.0 16.354568999 54.119625091552734 138.4991455078125
10.0 16.354568999 73.18360900878906 113.08097076416016
11.0 16.354568999 143.4443817138672 29.13294792175293
12.0 16.354568999 -47.797447204589844 113.03314971923828
13.0 16.354568999 22.817203521728516 127.53285217285156
14.0 16.354568999 54.70648956298828 139.53465270996094
15.0 16.354568999 199.70265197753906 608.2371215820312
16.0 16.354568999 56.45054626464844 142.8849334716797
17.0 16.354568999 -10.804591178894043 216.64178466796875
18.0 16.354568999 -26.17728042602539 124.4543228149414
19.0 16.354568999 128.38134765625 -834.7791748046875
20.0 16.354568999 173.4448699951172 81.0587158203125
21.0 16.354568999 19.211862564086914 141.58485412597656
0.0 16.400634 -151.83143615722656 120.38078308105469
1.0 16.400634 550.7977294921875 312.90087890625
2.0 16.400634 134.71572875976562 -1483.935546875
3.0 16.400634 132.03330993652344 35.293182373046875
4.0 16.400634 103.0394058227539 115.29096984863281
5.0 16.400634 556.8248291015625 48.95253372192383
6.0 16.400634 -53.14021301269531 53.111995697021484
7.0 16.400634 59.93080520629883 135.1048583984375
8.0 16.400634 86.66131591796875 170.6722869873047
9.0 16.400634 49.07733917236328 139.8131103515625
10.0 16.400634 67.74681091308594 114.43609619140625
11.0 16.400634 138.47654724121094 30.83550453186035
12.0 16.400634 -87.10607147216797 120.77429962158203
13.0 16.400634 17.548521041870117 128.686767578125
14.0 16.400634 49.551509857177734 140.87611389160156
15.0 16.400634 194.31089782714844 658.1509399414062
16.0 16.400634 51.17912292480469 144.2256317138672
17.0 16.400634 -6.804591178894043 220.64178466796875
18.0 16.400634 5.899548530578613 128.90708923339844
19.0 16.400634 128.68104553222656 -865.8500366210938
20.0 16.400634 168.1683807373047 82.79387664794922
21.0 16.400634 13.967055320739746 142.7934112548828
0.0 16.446699 -165.96926879882812 120.0989990234375
1.0 16.446699 500.7977294921875 362.90087890625
2.0 16.446699 135.05902099609375 -1515.445068359375
3.0 16.446699 134.51931762695312 35.27939987182617
4.0 16.446699 104.72232818603516 114.91686248779297
5.0 16.446699 571.9496459960938 51.46763229370117
6.0 16.446699 -75.1712417602539 52.32134246826172
7.0 16.446699 61.084754943847656 134.57492065429688
8.0 16.446699 88.0330810546875 170.47244262695312
9.0 16.446699 50.30596160888672 139.2959442138672
10.0 16.446699 69.01766204833984 114.01373291015625
11.0 16.446699 140.8561553955078 30.895601272583008
12.0 16.446699 -99.49087524414062 120.55354309082031
13.0 16.446699 18.46097183227539 127.80595397949219
14.0 16.446699 50.72751998901367 140.33802795410156
15.0 16.446699 195.1256866455078 674.4810791015625
16.0 16.446699 52.266197204589844 143.6805877685547
17.0 16.446699 -82.74795532226562 278.57244873046875
18.0 16.446699 6.900001525878906 127.9454574584961
19.0 16.446699 127.33760833740234 -896.9428100585938
20.0 16.446699 169.80406188964844 83.09143829345703
21.0 16.446699 14.815008163452148 142.0459442138672
0.0 16.492764999 -193.70204162597656 118.23995971679688
1.0 16.492764999 600.7977294921875 369.15087890625
2.0 16.492764999 140.47991943359375 -1546.658203125
3.0 16.492764999 145.0328369140625 34.920799255371094
4.0 16.492764999 113.30722045898438 113.84552001953125
5.0 16.492764999 591.9527587890625 53.34482192993164
6.0 16.492764999 -37.750911712646484 57.5239372253418
7.0 16.492764999 68.5948257446289 132.817626953125
8.0 16.492764999 87.5076904296875 168.99330139160156
9.0 16.492764999 57.86283493041992 137.56143188476562
10.0 16.492764999 76.59390258789062 112.53841400146484
11.0 16.492764999 142.19180297851562 30.004905700683594
12.0 16.492764999 -127.48046875 118.67222595214844
13.0 16.492764999 25.571151733398438 125.35389709472656
14.0 16.492764999 58.25980758666992 138.61129760742188
15.0 16.492764999 201.92578125 676.9817504882812
16.0 16.492764999 59.658206939697266 142.01284790039062
17.0 16.492764999 -229.49795532226562 145.57244873046875
18.0 16.492764999 14.028822898864746 125.27662658691406
19.0 16.492764999 126.45075225830078 -927.9196166992188
20.0 16.492764999 178.47935485839844 83.4835205078125
21.0 16.492764999 1.363725185394287 142.53208923339844
0.0 16.538829999 -237.08432006835938 116.0530014038086
1.0 16.538829999 550.7977294921875 369.15087890625
2.0 16.538829999 144.12765502929688 -1577.056640625
3.0 16.538829999 130.85731506347656 33.47079086303711
4.0 16.538829999 125.5068588256836 114.11443328857422
5.0 16.538829999 738.6551513671875 55.14086151123047
6.0 16.538829999 -154.4065704345703 122.16771697998047
7.0 16.538829999 79.3826675415039 131.74554443359375
8.0 16.538829999 89.30514526367188 167.5602569580078
9.0 16.538829999 68.64066314697266 136.44325256347656
10.0 16.538829999 87.4706039428711 111.85115051269531
11.0 16.538829999 138.50697326660156 29.356773376464844
12.0 16.538829999 -171.67330932617188 116.65038299560547
13.0 16.538829999 36.234535217285156 123.17530822753906
14.0 16.538829999 69.02987670898438 137.4864044189453
15.0 16.538829999 211.85720825195312 663.4721069335938
16.0 16.538829999 70.30236053466797 140.92153930664062
17.0 16.538829999 -647.239501953125 303.691650390625
18.0 16.538829999 24.687475204467773 122.43549346923828
19.0 16.538829999 130.00152587890625 -958.3355102539062
20.0 16.538829999 190.4518280029297 85.7917251586914
21.0 16.538829999 -54.440555572509766 146.80728149414062
0.0 16.584895 -213.1321258544922 142.5939178466797
1.0 16.584895 550.7977294921875 369.15087890625
2.0 16.584895 172.31320190429688 -1608.0328369140625
3.0 16.584895 128.8036346435547 32.798370361328125
4.0 16.584895 142.4644012451172 115.34485626220703
5.0 16.584895 752.0679321289062 55.46318435668945
6.0 16.584895 -206.83738708496094 114.21723937988281
7.0 16.584895 94.97776794433594 131.4097442626953
8.0 16.584895 95.29641723632812 166.51145935058594
9.0 16.584895 72.649658203125 129.3810577392578
10.0 16.584895 79.1621322631836 107.84988403320312
11.0 16.584895 136.0759735107422 28.771373748779297
12.0 16.584895 -145.15208435058594 133.41282653808594
13.0 16.584895 51.83295822143555 121.53515625
14.0 16.584895 84.61583709716797 137.18849182128906
15.0 16.584895 227.11456298828125 640.439208984375
16.0 16.584895 85.74494934082031 140.66897583007812
17.0 16.584895 -636.302001953125 303.691650390625
18.0 16.584895 40.45233917236328 120.27291107177734
19.0 16.584895 16.282896041870117 -983.870361328125
20.0 16.584895 206.4168701171875 89.62385559082031
21.0 16.584895 -126.76494598388672 246.55563354492188
0.0 16.630961 -215.058837890625 145.6011199951172
1.0 16.630961 513.2977294921875 319.15087890625
2.0 16.630961 164.14808654785156 -1639.6358642578125
3.0 16.630961 126.98747253417969 38.842350006103516
4.0 16.630961 161.05145263671875 116.38419342041016
5.0 16.630961 727.8228759765625 53.80730438232422
6.0 16.630961 -230.66053771972656 115.9317626953125
7.0 16.630961 112.44654083251953 131.11395263671875
8.0 16.630961 100.93817138671875 139.1681671142578
9.0 16.630961 71.29487609863281 122.48297119140625
10.0 16.630961 76.49901580810547 105.63748168945312
11.0 16.630961 145.60955810546875 28.302778244018555
12.0 16.630961 -143.8841094970703 126.3979263305664
13.0 16.630961 69.44229125976562 119.99964904785156
14.0 16.630961 102.1463394165039 136.72109985351562
15.0 16.630961 256.13677978515625 604.9152221679688
16.0 16.630961 103.16236114501953 140.21470642089844
17.0 16.630961 -436.302001953125 503.691650390625
18.0 16.630961 58.08466339111328 118.35594940185547
19.0 16.630961 29.93205451965332 -1014.3997802734375
20.0 16.630961 223.4220428466797 92.79851531982422
21.0 16.630961 21.23505401611328 418.5556335449219
0.0 16.677025999 -248.04234313964844 168.59518432617188
1.0 16.677025999 513.2977294921875 319.15087890625
2.0 16.677025999 166.0517120361328 -1669.8916015625
3.0 16.677025999 125.2920150756836 41.589786529541016
4.0 16.677025999 181.7759552001953 117.54341888427734
5.0 16.677025999 778.7430419921875 48.96453857421875
6.0 16.677025999 -253.35946655273438 113.94939422607422
7.0 16.677025999 132.69970703125 131.11630249023438
8.0 16.677025999 121.43151092529297 139.09140014648438
9.0 16.677025999 91.89542388916016 121.59439849853516
10.0 16.677025999 58.26866149902344 194.1497344970703
11.0 16.677025999 168.42752075195312 28.992876052856445
12.0 16.677025999 -148.74061584472656 125.23673248291016
13.0 16.677025999 89.83948516845703 118.90577697753906
14.0 16.677025999 122.58426666259766 136.6818084716797
15.0 16.677025999 256.13677978515625 604.9152221679688
16.0 16.677025999 123.5234375 140.1824951171875
17.0 16.677025999 -461.302001953125 578.691650390625
18.0 16.677025999 78.12830352783203 117.0311279296875
19.0 16.677025999 45.293212890625 -1037.8306884765625
20.0 16.677025999 224.86863708496094 96.57095336914062
21.0 16.677025999 18.675134658813477 474.6281433105469
0.0 16.723091 -297.8260498046875 168.5107879638672
1.0 16.723091 513.2977294921875 319.15087890625
2.0 16.723091 166.2303009033203 -1701.1455078125
3.0 16.723091 115.40593719482422 52.798580169677734
4.0 16.723091 198.68724060058594 117.20746612548828
5.0 16.723091 751.7640380859375 49.99567794799805
6.0 16.723091 -256.9627990722656 116.1990737915039
7.0 16.723091 149.10145568847656 130.05198669433594
8.0 16.723091 138.0516357421875 138.0466766357422
9.0 16.723091 108.90111541748047 119.9840316772461
10.0 16.723091 67.97291564941406 211.40304565429688
11.0 16.723091 186.60572814941406 28.473297119140625
12.0 16.723091 -199.3136444091797 125.20609283447266
13.0 16.723091 106.76307678222656 117.20561218261719
14.0 16.723091 139.13729858398438 135.6727752685547
15.0 16.723091 256.13677978515625 604.9152221679688
16.0 16.723091 140.05905151367188 139.18222045898438
17.0 16.723091 -461.302001953125 578.691650390625
18.0 16.723091 94.41410827636719 115.20525360107422
19.0 16.723091 56.64011001586914 -1067.2449951171875
20.0 16.723091 219.32766723632812 94.2656478881836
21.0 16.723091 26.011980056762695 499.3199768066406
0.0 16.769157 -329.0013122558594 168.49610900878906
1.0 16.769157 513.2977294921875 319.15087890625
2.0 16.769157 165.8489990234375 -1733.0037841796875
3.0 16.769157 130.07264709472656 52.16253662109375
4.0 16.769157 213.9120330810547 117.74430084228516
5.0 16.769157 1544.4730224609375 -543.4163208007812
6.0 16.769157 -294.9790954589844 144.28700256347656
7.0 16.769157 163.93968200683594 130.06861877441406
8.0 16.769157 153.2106475830078 138.05271911621094
9.0 16.769157 124.50406646728516 119.66326141357422
10.0 16.769157 79.97356414794922 239.61732482910156
11.0 16.769157 202.16671752929688 28.653711318969727
12.0 16.769157 -222.0956268310547 146.66331481933594
13.0 16.769157 122.29928588867188 116.80863952636719
14.0 16.769157 154.24415588378906 135.72280883789062
15.0 16.769157 256.13677978515625 604.9152221679688
16.0 16.769157 155.15567016601562 139.1878204345703
17.0 16.769157 -611.302001953125 378.691650390625
18.0 16.769157 109.03043365478516 114.9403305053711
19.0 16.769157 67.27438354492188 -1096.6837158203125
20.0 16.769157 223.39093017578125 94.95681762695312
21.0 16.769157 25.869897842407227 511.5604248046875
0.0 16.815221999 -343.9810791015625 167.58187866210938
1.0 16.815221999 538.2977294921875 369.15087890625
2.0 16.815221999 167.2971954345703 -1764.674072265625
3.0 16.815221999 134.86529541015625 56.63358688354492
4.0 16.815221999 226.16981506347656 113.24937438964844
5.0 16.815221999 1594.4730224609375 -568.4163208007812
6.0 16.815221999 -341.1942443847656 139.84878540039062
7.0 16.815221999 175.90652465820312 125.76890563964844
8.0 16.815221999 165.38009643554688 133.7338409423828
9.0 16.815221999 136.75570678710938 115.45722961425781
10.0 16.815221999 90.20890808105469 285.6663818359375
11.0 16.815221999 213.37042236328125 23.718990325927734
12.0 16.815221999 -246.9704132080078 161.53529357910156
13.0 16.815221999 166.16409301757812 150.1063995361328
14.0 16.815221999 166.35891723632812 131.44215393066406
15.0 16.815221999 281.13677978515625 654.9152221679688
16.0 16.815221999 167.32009887695312 134.8233184814453
17.0 16.815221999 -617.552001953125 416.191650390625
18.0 16.815221999 120.50084686279297 111.14701843261719
19.0 16.815221999 75.09303283691406 -1126.5218505859375
20.0 16.815221999 204.24575805664062 102.95469665527344
21.0 16.815221999 15.078084945678711 524.8931884765625
0.0 16.861287999 -368.7083435058594 169.6156768798828
1.0 16.861287999 538.2977294921875 369.15087890625
2.0 16.861287999 164.01109313964844 -1795.467041015625
3.0 16.861287999 139.25111389160156 53.186119079589844
4.0 16.861287999 232.01780700683594 108.6321029663086
5.0 16.861287999 1594.4730224609375 -668.4163208007812
6.0 16.861287999 -368.1383056640625 145.72677612304688
7.0 16.861287999 181.71070861816406 121.78609466552734
8.0 16.861287999 171.33322143554688 130.07638549804688
9.0 16.861287999 142.29998779296875 111.79740142822266
10.0 16.861287999 103.44775390625 333.7313537597656
11.0 16.861287999 217.35879516601562 18.831626892089844
12.0 16.861287999 -278.7638244628906 164.19003295898438
13.0 16.861287999 172.33206176757812 146.39646911621094
14.0 16.861287999 172.25347900390625 127.81283569335938
15.0 16.861287999 281.13677978515625 654.9152221679688
16.0 16.861287999 173.24327087402344 131.16481018066406
17.0 16.861287999 -817.552001953125 466.191650390625
18.0 16.861287999 125.95646667480469 107.9350357055664
19.0 16.861287999 76.9332275390625 -1157.6365966796875
20.0 16.861287999 209.6107635498047 98.42835235595703
21.0 16.861287999 14.661585807800293 538.3133544921875
0.0 16.907353 -392.4190979003906 171.66165161132812
1.0 16.907353 572.4636840820312 403.3175964355469
2.0 16.907353 167.96836853027344 -1826.8800048828125
3.0 16.907353 138.08554077148438 53.27214050292969
4.0 16.907353 231.66249084472656 107.36255645751953
5.0 16.907353 1494.4730224609375 -743.4163208007812
6.0 16.907353 -394.2331848144531 148.26608276367188
7.0 16.907353 181.2305908203125 121.25938415527344
8.0 16.907353 170.75462341308594 129.8206787109375
9.0 16.907353 141.19847106933594 111.65531158447266
10.0 16.907353 104.6363525390625 351.74658203125
11.0 16.907353 215.3889617919922 17.50604248046875
12.0 16.907353 -296.669189453125 165.24227905273438
13.0 16.907353 171.98297119140625 146.0276336669922
14.0 16.907353 171.66293334960938 127.5583267211914
15.0 16.907353 315.3034973144531 689.0811767578125
16.0 16.907353 172.6622772216797 130.84912109375
17.0 16.907353 -842.552001953125 466.191650390625
18.0 16.907353 125.33629608154297 107.97399139404297
19.0 16.907353 75.22740936279297 -1189.9794921875
20.0 16.907353 209.1463165283203 97.56173706054688
21.0 16.907353 16.525894165039062 562.5266723632812
0.0 16.953418 -420.5596618652344 170.8562469482422
1.0 16.953418 572.4636840820312 403.3175964355469
2.0 16.953418 171.77511596679688 -1857.2532958984375
3.0 16.953418 131.37002563476562 53.625919342041016
4.0 16.953418 224.9701690673828 107.21418762207031
5.0 16.953418 1506.9730224609375 -774.6663208007812
6.0 16.953418 -442.15582275390625 143.60110473632812
7.0 16.953418 174.52781677246094 121.02616119384766
8.0 16.953418 163.81517028808594 129.91476440429688
9.0 16.953418 133.65733337402344 111.90325927734375
10.0 16.953418 98.92254638671875 369.08282470703125
11.0 16.953418 207.4019317626953 16.929048538208008
12.0 16.953418 -316.1181945800781 164.11428833007812
13.0 16.953418 165.153076171875 146.06996154785156
14.0 16.953418 164.7498016357422 127.62012481689453
15.0 16.953418 315.3034973144531 689.0811767578125
16.0 16.953418 165.74400329589844 130.87823486328125
17.0 16.953418 -842.552001953125 566.191650390625
18.0 16.953418 118.56814575195312 108.22065734863281
19.0 16.953418 70.20823669433594 -1219.7298583984375
20.0 16.953418 202.64590454101562 97.32867431640625
21.0 16.953418 12.17141342163086 592.9782104492188
0.0 16.999484 -447.7049865722656 172.2386474609375
1.0 16.999484 572.4636840820312 803.317626953125
2.0 16.999484 167.9196014404297 -1888.671875
3.0 16.999484 101.76412963867188 79.9123764038086
4.0 16.999484 216.50430297851562 102.98590850830078
5.0 16.999484 1556.9730224609375 -787.1663208007812
6.0 16.999484 -463.89190673828125 141.61134338378906
7.0 16.999484 166.1593017578125 118.1439437866211
8.0 16.999484 155.24510192871094 127.52021789550781
9.0 16.999484 123.9052505493164 109.90995788574219
10.0 16.999484 93.55033874511719 371.2016906738281
11.0 16.999484 195.82989501953125 13.151724815368652
12.0 16.999484 -348.4566345214844 164.1145782470703
13.0 16.999484 156.8092803955078 143.33132934570312
14.0 16.999484 156.17909240722656 125.20626831054688
15.0 16.999484 315.3034973144531 1089.0811767578125
16.0 16.999484 157.2068634033203 128.40771484375
17.0 16.999484 -1642.552001953125 182.191650390625
18.0 16.999484 109.8795394897461 106.6100082397461
19.0 16.999484 62.152137756347656 -1250.7041015625
20.0 16.999484 193.96353149414062 94.1291732788086
21.0 16.999484 7.794670104980469 627.3369750976562
0.0 17.045548999 -483.076416015625 176.1468505859375
1.0 17.045548999 572.4636840820312 803.317626953125
2.0 17.045548999 135.79197692871094 -1919.1781005859375
3.0 17.045548999 91.5156021118164 83.01142883300781
4.0 17.045548999 205.20718383789062 103.12080383300781
5.0 17.045548999 1506.9730224609375 -787.1663208007812
6.0 17.045548999 -494.3888244628906 140.30343627929688
7.0 17.045548999 155.2277374267578 119.75739288330078
8.0 17.045548999 144.0446319580078 129.62669372558594
9.0 17.045548999 111.72589874267578 112.85538482666016
10.0 17.045548999 92.48194885253906 396.25970458984375
11.0 17.045548999 181.1927490234375 13.939414978027344
12.0 17.045548999 -394.690673828125 174.58351135253906
13.0 17.045548999 145.7799835205078 145.2988739013672
14.0 17.045548999 145.01136779785156 127.24909973144531
15.0 17.045548999 315.3034973144531 1089.0811767578125
16.0 17.045548999 146.074951171875 130.37966918945312
17.0 17.045548999 -1743.4608154296875 176.54005432128906
18.0 17.045548999 98.4173812866211 109.87416076660156
19.0 17.045548999 52.80412292480469 -1279.7315673828125
20.0 17.045548999 202.06704711914062 97.46089935302734
21.0 17.045548999 8.382733345031738 628.1766357421875
0.0 17.091614 -485.91497802734375 196.3634490966797
1.0 17.091614 572.4636840820312 778.317626953125
2.0 17.091614 135.2032928466797 -1950.9833984375
3.0 17.091614 76.88835906982422 88.61041259765625
4.0 17.091614 200.74423217773438 88.04592895507812
5.0 17.091614 1656.9730224609375 -737.1663208007812
6.0 17.091614 -528.5235595703125 138.25592041015625
7.0 17.091614 155.35531616210938 119.47771453857422
8.0 17.091614 127.44441223144531 134.86744689941406
9.0 17.091614 94.5683364868164 118.5125732421875
10.0 17.091614 98.24620819091797 366.7328186035156
11.0 17.091614 162.856201171875 18.822710037231445
12.0 17.091614 -399.1475830078125 192.71836853027344
13.0 17.091614 129.0408172607422 150.33462524414062
14.0 17.091614 128.46255493164062 132.46047973632812
15.0 17.091614 315.3034973144531 1064.0811767578125
16.0 17.091614 129.48699951171875 135.55020141601562
17.0 17.091614 -1746.248779296875 197.13592529296875
18.0 17.091614 81.96007537841797 115.8289566040039
19.0 17.091614 41.309898376464844 -1306.7869873046875
20.0 17.091614 185.4727020263672 102.60029602050781
21.0 17.091614 11.67290210723877 636.6362915039062
0.0 17.13768 -517.9149780273438 180.3634490966797
1.0 17.13768 236.46368408203125 1514.317626953125
2.0 17.13768 135.49649047851562 -1981.7530517578125
3.0 17.13768 62.88432693481445 90.47710418701172
4.0 17.13768 206.7733917236328 87.58971405029297
5.0 17.13768 1647.5980224609375 -738.7288208007812
6.0 17.13768 -538.927490234375 133.54237365722656
7.0 17.13768 140.1161346435547 119.88187408447266
8.0 17.13768 111.79476928710938 136.08433532714844
9.0 17.13768 78.51728820800781 120.2926025390625
10.0 17.13768 101.66685485839844 358.80078125
11.0 17.13768 144.27914428710938 19.414592742919922
12.0 17.13768 -401.1475830078125 150.71836853027344
13.0 17.13768 113.2368392944336 151.2434844970703
14.0 17.13768 112.83316040039062 133.63145446777344
15.0 17.13768 235.30349731445312 1544.0811767578125
16.0 17.13768 113.82836151123047 136.6932830810547
17.0 17.13768 -1778.248779296875 181.13592529296875
18.0 17.13768 66.22127532958984 117.8627700805664
19.0 17.13768 29.427396774291992 -1335.2626953125
20.0 17.13768 169.17860412597656 102.83303833007812
21.0 17.13768 -0.7799038887023926 653.0521850585938
0.0 17.183744999 -521.3572998046875 237.4263916015625
1.0 17.183744999 240.96311950683594 1586.7510986328125
2.0 17.183744999 57.96331787109375 -2010.8533935546875
3.0 17.183744999 50.40018081665039 94.41337585449219
4.0 17.183744999 201.7897186279297 88.6334228515625
5.0 17.183744999 1622.5980224609375 -701.2288208007812
6.0 17.183744999 -580.1993408203125 127.97496032714844
7.0 17.183744999 126.27633666992188 122.7155532836914
8.0 17.183744999 97.75556945800781 139.58261108398438
9.0 17.183744999 64.08331298828125 124.34490203857422
10.0 17.183744999 108.98957061767578 803.4677734375
11.0 17.183744999 127.11747741699219 22.60268211364746
12.0 17.183744999 -424.0597229003906 150.44561767578125
13.0 17.183744999 99.02848052978516 154.6346435546875
14.0 17.183744999 98.79957580566406 137.1253204345703
15.0 17.183744999 239.7084503173828 1616.451171875
16.0 17.183744999 99.78097534179688 140.1423797607422
17.0 17.183744999 -1782.2965087890625 237.6488494873047
18.0 17.183744999 51.624637603759766 121.95696258544922
19.0 17.183744999 19.15620994567871 -1357.665771484375
20.0 17.183744999 154.34552001953125 105.4411849975586
21.0 17.183744999 9.312179565429688 793.8441772460938
0.0 17.22981 -697.3572998046875 173.4263916015625
1.0 17.22981 240.96311950683594 1586.7510986328125
2.0 17.22981 59.106163024902344 -2041.1558837890625
3.0 17.22981 35.936927795410156 98.20154571533203
4.0 17.22981 204.6644287109375 87.31349182128906
5.0 17.22981 15272.59765625 -701.2288208007812
6.0 17.22981 -586.214111328125 132.3836669921875
7.0 17.22981 110.40101623535156 125.1380615234375
8.0 17.22981 82.14096069335938 142.6702117919922
9.0 17.22981 48.35371398925781 128.00213623046875
10.0 17.22981 105.6462631225586 867.4639282226562
11.0 17.22981 108.38531494140625 25.36096954345703
12.0 17.22981 -472.55810546875 141.6866912841797
13.0 17.22981 83.3661117553711 157.43336486816406
14.0 17.22981 83.1638412475586 140.20594787597656
15.0 17.22981 239.7084503173828 1616.451171875
16.0 17.22981 84.14926147460938 143.17808532714844
17.0 17.22981 -1958.2965087890625 173.6488494873047
18.0 17.22981 35.814674377441406 125.83146667480469
19.0 17.22981 6.221521854400635 -1378.3446044921875
20.0 17.22981 137.482421875 107.49669647216797
21.0 17.22981 -41.26695251464844 782.5949096679688
0.0 17.275876 -719.5813598632812 175.06027221679688
1.0 17.275876 226.29461669921875 1595.341796875
2.0 17.275876 58.018253326416016 -2071.900390625
3.0 17.275876 24.5640869140625 99.72870635986328
4.0 17.275876 206.9919891357422 90.20792388916016
5.0 17.275876 15222.59765625 -751.2288208007812
6.0 17.275876 -586.4760131835938 138.66970825195312
7.0 17.275876 97.63703155517578 126.54158782958984
8.0 17.275876 69.5360336303711 144.0445098876953
9.0 17.275876 35.93571853637695 129.57199096679688
10.0 17.275876 92.65885925292969 896.7814331054688
11.0 17.275876 95.57086181640625 27.001867294311523
12.0 17.275876 -465.8644714355469 140.56607055664062
13.0 17.275876 70.48395538330078 158.89390563964844
14.0 17.275876 70.53382110595703 141.5581817626953
15.0 17.275876 224.54164123535156 1628.587158203125
16.0 17.275876 71.54153442382812 144.47303771972656
17.0 17.275876 -1980.3050537109375 175.37213134765625
18.0 17.275876 23.44022560119629 127.33222198486328
19.0 17.275876 -66.4903793334961 -1400.2840576171875
20.0 17.275876 124.23782348632812 109.08460998535156
21.0 17.275876 -35.01695251464844 820.0949096679688
0.0 17.321941 -910.9493408203125 280.5637512207031
1.0 17.321941 242.11672973632812 1539.6500244140625
2.0 17.321941 57.82777404785156 -2102.1982421875
3.0 17.321941 16.6959285736084 99.5861587524414
4.0 17.321941 198.8382568359375 88.85575866699219
5.0 17.321941 15272.59765625 -676.2288208007812
6.0 17.321941 -528.37744140625 136.52023315429688
7.0 17.321941 89.10652923583984 125.80851745605469
8.0 17.321941 61.41912841796875 143.44125366210938
9.0 17.321941 27.7513427734375 129.09231567382812
10.0 17.321941 85.15049743652344 942.6698608398438
11.0 17.321941 86.3215103149414 26.507450103759766
12.0 17.321941 -395.5655212402344 137.75350952148438
13.0 17.321941 62.18667984008789 158.26266479492188
14.0 17.321941 62.398746490478516 140.9633026123047
15.0 17.321941 240.33506774902344 1572.7880859375
16.0 17.321941 63.35646057128906 143.8631134033203
17.0 17.321941 -2169.171142578125 288.88250732421875
18.0 17.321941 15.343923568725586 126.84519958496094
19.0 17.321941 -191.49038696289062 -1375.2840576171875
20.0 17.321941 115.27243041992188 108.3062515258789
21.0 17.321941 1500.9830322265625 1844.094970703125
0.0 17.368006999 -1010.9493408203125 230.56375122070312
1.0 17.368006999 243.52169799804688 1552.4986572265625
2.0 17.368006999 60.12318420410156 -2132.699951171875
3.0 17.368006999 15.97696304321289 102.46151733398438
4.0 17.368006999 197.45562744140625 89.68212127685547
5.0 17.368006999 13672.59765625 -1476.228759765625
6.0 17.368006999 -555.675537109375 138.9200439453125
7.0 17.368006999 88.5866470336914 127.87874603271484
8.0 17.368006999 61.32200241088867 145.74314880371094
9.0 17.368006999 27.28553581237793 131.67178344726562
10.0 17.368006999 85.30587768554688 964.8927612304688
11.0 17.368006999 84.92870330810547 28.827363967895508
12.0 17.368006999 -424.0696105957031 140.0465087890625
13.0 17.368006999 62.18132781982422 160.59228515625
14.0 17.368006999 62.21236038208008 143.30645751953125
15.0 17.368006999 241.7437286376953 1585.6343994140625
16.0 17.368006999 63.1571044921875 146.1739959716797
17.0 17.368006999 -2269.171142578125 238.88250732421875
18.0 17.368006999 14.956966400146484 129.53433227539062
19.0 17.368006999 -191.49038696289062 -1425.2840576171875
20.0 17.368006999 114.43450927734375 110.20088958740234
21.0 17.368006999 1550.9830322265625 1850.344970703125
0.0 17.414071999 -1029.6993408203125 205.56375122070312
1.0 17.414071999 268.7856750488281 1521.5843505859375
2.0 17.414071999 61.37488555908203 -2163.372802734375
3.0 17.414071999 20.93250846862793 103.34834289550781
4.0 17.414071999 202.01657104492188 90.50485229492188
5.0 17.414071999 13872.59765625 -1376.228759765625
6.0 17.414071999 -570.9802856445312 214.11642456054688
7.0 17.414071999 94.38197326660156 128.55970764160156
8.0 17.414071999 67.32075500488281 146.52310180664062
9.0 17.414071999 32.92611312866211 132.34312438964844
10.0 17.414071999 82.71735382080078 982.564453125
11.0 17.414071999 90.48727416992188 29.80143165588379
12.0 17.414071999 -436.89703369140625 225.17654418945312
13.0 17.414071999 68.2806396484375 161.34274291992188
14.0 17.414071999 68.14431762695312 144.1142120361328
15.0 17.414071999 261.4331970214844 1555.0130615234375
16.0 17.414071999 69.08050537109375 146.92889404296875
17.0 17.414071999 -2287.921142578125 213.88250732421875
18.0 17.414071999 20.467884063720703 130.18482971191406
19.0 17.414071999 -203.99038696289062 -1462.7840576171875
20.0 17.414071999 120.42875671386719 111.06620788574219
21.0 17.414071999 1150.9830322265625 1850.344970703125
0.0 17.460137 -1054.6993408203125 255.56375122070312
1.0 17.460137 268.7856750488281 1521.5843505859375
2.0 17.460137 82.05001831054688 -2194.21826171875
3.0 17.460137 28.44173240661621 101.22148895263672
4.0 17.460137 209.4212188720703 94.77165222167969
5.0 17.460137 7472.59765625 -1426.228759765625
6.0 17.460137 -595.9802856445312 264.1164245605469
7.0 17.460137 95.15147399902344 126.52227783203125
8.0 17.460137 74.91943359375 145.93556213378906
9.0 17.460137 40.69983673095703 130.69097900390625
10.0 17.460137 89.8386459350586 998.3577880859375
11.0 17.460137 101.55888366699219 30.12456703186035
12.0 17.460137 -461.89703369140625 275.1765441894531
13.0 17.460137 75.50232696533203 160.9333038330078
14.0 17.460137 75.72193145751953 143.55184936523438
15.0 17.460137 261.4331970214844 1555.0130615234375
16.0 17.460137 76.57353210449219 146.41883850097656
17.0 17.460137 -2312.921142578125 263.88250732421875
18.0 17.460137 28.079008102416992 127.8518295288086
19.0 17.460137 -228.99038696289062 -1512.7840576171875
20.0 17.460137 129.2412567138672 112.2978515625
21.0 17.460137 1150.9830322265625 1850.344970703125
0.0 17.506203 -1358.6993408203125 151.56375122070312
1.0 17.506203 268.7856750488281 1521.5843505859375
2.0 17.506203 81.75730895996094 -2225.738037109375
3.0 17.506203 37.27168655395508 97.93988800048828
4.0 17.506203 218.21246337890625 101.67920684814453
5.0 17.506203 5072.59765625 -2226.228759765625
6.0 17.506203 -803.9802856445312 80.11642456054688
7.0 17.506203 103.88871002197266 126.7396240234375
8.0 17.506203 83.56414794921875 145.1017303466797
9.0 17.506203 49.85765838623047 128.1425323486328
10.0 17.506203 96.4915771484375 1010.9942626953125
11.0 17.506203 103.19741821289062 35.5887565612793
12.0 17.506203 -597.8970336914062 79.17654418945312
13.0 17.506203 83.58967590332031 160.37173461914062
14.0 17.506203 84.40254974365234 142.75746154785156
15.0 17.506203 261.4331970214844 1555.0130615234375
16.0 17.506203 85.14395904541016 145.61862182617188
17.0 17.506203 -2578.921142578125 17.88250732421875
18.0 17.506203 37.714805603027344 124.08618927001953
19.0 17.506203 -166.49038696289062 -1475.2840576171875
20.0 17.506203 139.73255920410156 114.31669616699219
21.0 17.506203 1150.9830322265625 1850.344970703125
0.0 17.552267999 -1398.877685546875 123.1031723022461
1.0 17.552267999 236.78567504882812 1633.5843505859375
2.0 17.552267999 86.765380859375 -2257.033203125
3.0 17.552267999 48.943817138671875 95.7990951538086
4.0 17.552267999 210.29612731933594 111.3974609375
5.0 17.552267999 5072.59765625 -2226.228759765625
6.0 17.552267999 -835.496337890625 85.4604263305664
7.0 17.552267999 115.63555145263672 127.41183471679688
8.0 17.552267999 95.3487548828125 144.97740173339844
9.0 17.552267999 62.36398696899414 126.49822998046875
10.0 17.552267999 90.8224868774414 987.3543090820312
11.0 17.552267999 115.713623046875 36.50687789916992
12.0 17.552267999 -628.9404296875 84.8697509765625
13.0 17.552267999 94.98936462402344 160.4755096435547
14.0 17.552267999 96.18147277832031 142.70724487304688
15.0 17.552267999 245.43319702148438 1619.0130615234375
16.0 17.552267999 96.79669952392578 145.61273193359375
17.0 17.552267999 -2525.557861328125 18.191829681396484
18.0 17.552267999 50.44815444946289 121.43307495117188
19.0 17.552267999 -14.490386962890625 -1827.2840576171875
20.0 17.552267999 123.30672454833984 105.28633880615234
21.0 17.552267999 950.9830322265625 2650.344970703125
0.0 17.598333 -1404.7877197265625 122.11214447021484
1.0 17.598333 225.82223510742188 1614.69091796875
2.0 17.598333 90.76321411132812 -2288.630859375
3.0 17.598333 66.81694030761719 93.22977447509766
4.0 17.598333 210.4091339111328 114.57564544677734
5.0 17.598333 5472.59765625 -1426.228759765625
6.0 17.598333 -870.6329345703125 86.7553939819336
7.0 17.598333 111.29295349121094 121.76544189453125
8.0 17.598333 114.0542221069336 143.8174285888672
9.0 17.598333 81.65597534179688 124.1923828125
10.0 17.598333 89.64749145507812 927.3515625
11.0 17.598333 116.19812774658203 32.948333740234375
12.0 17.598333 -663.7463989257812 86.17125701904297
13.0 17.598333 105.10851287841797 135.7921142578125
14.0 17.598333 114.93075561523438 141.57058715820312
15.0 17.598333 269.1988525390625 -2002.5562744140625
16.0 17.598333 115.42151641845703 144.50790405273438
17.0 17.598333 -3579.30126953125 558.1300048828125
18.0 17.598333 69.49480438232422 118.32770538330078
19.0 17.598333 25585.509765625 -206627.28125
20.0 17.598333 108.245361328125 107.77436065673828
21.0 17.598333 3350.98291015625 1850.344970703125
0.0 17.644399 -1435.420654296875 112.1487045288086
1.0 17.644399 225.82223510742188 1614.69091796875
2.0 17.644399 94.82880401611328 -2320.800537109375
3.0 17.644399 83.93096923828125 89.97293853759766
4.0 17.644399 207.19241333007812 114.2471694946289
5.0 17.644399 5522.59765625 -1451.228759765625
6.0 17.644399 -883.8281860351562 86.40769958496094
7.0 17.644399 114.31237030029297 113.27081298828125
8.0 17.644399 131.63929748535156 142.20823669433594
9.0 17.644399 130.89955139160156 159.72727966308594
10.0 17.644399 104.40403747558594 895.3436279296875
11.0 17.644399 113.39502716064453 28.56863784790039
12.0 17.644399 -669.8945922851562 84.9123306274414
13.0 17.644399 105.28207397460938 126.44998931884766
14.0 17.644399 132.54615783691406 139.98480224609375
15.0 17.644399 319.1988525390625 -2027.5562744140625
16.0 17.644399 132.942138671875 142.944091796875
17.0 17.644399 -3591.80126953125 608.1300048828125
18.0 17.644399 87.20903778076172 114.68737030029297
19.0 17.644399 25635.509765625 -206652.28125
20.0 17.644399 109.49397277832031 97.7049331665039
21.0 17.644399 3350.98291015625 1850.344970703125
0.0 17.690463999 -1469.560302734375 82.68108367919922
1.0 17.690463999 -11778.46875 3924.940673828125
2.0 17.690463999 97.02305603027344 -2353.067626953125
3.0 17.690463999 101.77110290527344 88.46463775634766
4.0 17.690463999 235.09730529785156 196.66848754882812
5.0 17.690463999 5597.59765625 -1463.728759765625
6.0 17.690463999 -901.7999877929688 88.03082275390625
7.0 17.690463999 55.203372955322266 174.80731201171875
8.0 17.690463999 150.9695281982422 140.90467834472656
9.0 17.690463999 140.25869750976562 129.9907684326172
10.0 17.690463999 130.31739807128906 876.27294921875
11.0 17.690463999 128.91261291503906 27.40257453918457
12.0 17.690463999 -687.623779296875 86.87973022460938
13.0 17.690463999 125.3588638305664 125.08544921875
14.0 17.690463999 151.8170166015625 138.72853088378906
15.0 17.690463999 394.1988525390625 -2040.0562744140625
16.0 17.690463999 152.24632263183594 141.64889526367188
17.0 17.690463999 -3641.80126953125 908.1300048828125
18.0 17.690463999 105.64645385742188 113.21368408203125
19.0 17.690463999 25710.509765625 -206664.78125
20.0 17.690463999 113.06731414794922 87.24913787841797
21.0 17.690463999 3350.98291015625 1850.344970703125
0.0 17.736529999 -1507.9976806640625 79.7716293334961
1.0 17.736529999 -11772.21875 3962.440673828125
2.0 17.736529999 94.92134094238281 -2385.138427734375
3.0 17.736529999 116.99293518066406 85.27896118164062
4.0 17.736529999 213.09014892578125 208.93850708007812
5.0 17.736529999 5647.59765625 -1488.728759765625
6.0 17.736529999 -941.5855102539062 93.53697204589844
7.0 17.736529999 92.96314239501953 175.84498596191406
8.0 17.736529999 167.49740600585938 137.8359832763672
9.0 17.736529999 129.8851776123047 70.90816497802734
10.0 17.736529999 312.191162109375 931.4876708984375
11.0 17.736529999 148.60653686523438 43.20125198364258
12.0 17.736529999 -731.591796875 92.38359832763672
13.0 17.736529999 142.50816345214844 122.1229476928711
14.0 17.736529999 168.30535888671875 135.7157745361328
15.0 17.736529999 444.1988525390625 -2065.05615234375
16.0 17.736529999 168.74317932128906 138.59597778320312
17.0 17.736529999 -3635.55126953125 945.6300048828125
18.0 17.736529999 121.2352066040039 110.23809051513672
19.0 17.736529999 25760.509765625 -206689.78125
20.0 17.736529999 128.28697204589844 83.9999771118164
21.0 17.736529999 3350.98291015625 1850.344970703125
0.0 17.782594999 -1536.984619140625 69.25472259521484
1.0 17.782594999 -11872.21875 3862.440673828125
2.0 17.782594999 96.35842895507812 -2416.956787109375
3.0 17.782594999 126.49404907226562 83.87248229980469
4.0 17.782594999 677.4078369140625 -147.22244262695312
5.0 17.782594999 5647.59765625 -1588.728759765625
6.0 17.782594999 -949.2330932617188 92.29602813720703
7.0 17.782594999 104.04771423339844 215.48345947265625
8.0 17.782594999 178.22134399414062 135.9547576904297
9.0 17.782594999 138.9668731689453 69.43682098388672
10.0 17.782594999 287.191162109375 928.3626708984375
11.0 17.782594999 157.52984619140625 41.49314880371094
12.0 17.782594999 -737.7293701171875 90.92680358886719
13.0 17.782594999 153.4199981689453 120.62779998779297
14.0 17.782594999 178.9927520751953 133.8529510498047
15.0 17.782594999 444.1988525390625 -2165.05615234375
16.0 17.782594999 179.48861694335938 136.66415405273438
17.0 17.782594999 -3735.55126953125 845.6300048828125
18.0 17.782594999 131.46405029296875 108.9024887084961
19.0 17.782594999 25760.509765625 -206789.78125
20.0 17.782594999 137.71961975097656 82.59712219238281
21.0 17.782594999 3325.98291015625 1847.219970703125
0.0 17.82866 -1719.0430908203125 39.219966888427734
1.0 17.82866 -11072.21875 3862.440673828125
2.0 17.82866 100.78755187988281 -2448.927001953125
3.0 17.82866 131.10455322265625 84.75281524658203
4.0 17.82866 852.4078369140625 -84.72244262695312
5.0 17.82866 5822.59765625 -1526.228759765625
6.0 17.82866 -982.458740234375 170.29046630859375
7.0 17.82866 109.87672424316406 244.5165252685547
8.0 17.82866 183.4532012939453 136.3876953125
9.0 17.82866 143.31918334960938 70.32534790039062
10.0 17.82866 287.191162109375 928.3626708984375
11.0 17.82866 161.33143615722656 42.26143264770508
12.0 17.82866 -773.1399536132812 168.21160888671875
13.0 17.82866 158.5008087158203 121.46235656738281
14.0 17.82866 184.18325805664062 134.31756591796875
15.0 17.82866 619.1988525390625 -2102.55615234375
16.0 17.82866 184.73379516601562 137.07827758789062
17.0 17.82866 -2935.55126953125 845.6300048828125
18.0 17.82866 136.60296630859375 109.99591827392578
19.0 17.82866 25935.509765625 -206727.28125
20.0 17.82866 142.31094360351562 83.39653015136719
21.0 17.82866 3325.98291015625 1847.219970703125
0.0 17.874726 -1750.540771484375 42.06299591064453
1.0 17.874726 -11047.21875 4012.440673828125
2.0 17.874726 95.78753662109375 -2481.953125
3.0 17.874726 131.21409606933594 85.39160919189453
4.0 17.874726 927.4078369140625 -72.22244262695312
5.0 17.874726 5897.59765625 -1513.728759765625
6.0 17.874726 -998.8832397460938 172.35043334960938
7.0 17.874726 110.98675537109375 274.853759765625
8.0 17.874726 182.9649200439453 137.13438415527344
9.0 17.874726 143.1909637451172 71.14738464355469
10.0 17.874726 287.191162109375 928.3626708984375
11.0 17.874726 160.9064483642578 43.3245735168457
12.0 17.874726 -787.798583984375 172.0303192138672
13.0 17.874726 158.15646362304688 122.56840515136719
14.0 17.874726 183.7289581298828 135.04531860351562
15.0 17.874726 694.1988525390625 -2090.05615234375
16.0 17.874726 184.279541015625 137.7447509765625
17.0 17.874726 -2910.55126953125 995.6300048828125
18.0 17.874726 136.50735473632812 110.91731262207031
19.0 17.874726 26010.509765625 -206714.78125
20.0 17.874726 142.31210327148438 84.03387451171875
21.0 17.874726 3325.98291015625 1847.219970703125
0.0 17.920790999 -1779.6285400390625 43.50506591796875
1.0 17.920790999 -10647.21875 4812.4404296875
2.0 17.920790999 100.57429504394531 -2513.4423828125
3.0 17.920790999 127.4004135131836 87.1629867553711
4.0 17.920790999 1027.4078369140625 -72.22244262695312
5.0 17.920790999 5997.59765625 -1513.728759765625
6.0 17.920790999 -1058.396728515625 193.4181365966797
7.0 17.920790999 107.53201293945312 305.47808837890625
8.0 17.920790999 178.30343627929688 138.70257568359375
9.0 17.920790999 139.23007202148438 72.97557830810547
10.0 17.920790999 287.191162109375 928.3626708984375
11.0 17.920790999 156.5286865234375 45.26679611206055
12.0 17.920790999 -845.6585693359375 191.8809051513672
13.0 17.920790999 153.36195373535156 124.55066680908203
14.0 17.920790999 179.08924865722656 136.61300659179688
15.0 17.920790999 794.1988525390625 -2090.05615234375
16.0 17.920790999 179.618408203125 139.3019561767578
17.0 17.920790999 -2510.55126953125 1795.6300048828125
18.0 17.920790999 132.4424591064453 112.67608642578125
19.0 17.920790999 26110.509765625 -206714.78125
20.0 17.920790999 138.43707275390625 85.8061294555664
21.0 17.920790999 3325.98291015625 1847.219970703125
0.0 17.966856 -1802.6268310546875 40.15256118774414
1.0 17.966856 -10672.21875 4837.4404296875
2.0 17.966856 99.80152893066406 -2545.626220703125
3.0 17.966856 113.09634399414062 100.559814453125
4.0 17.966856 1027.4078369140625 -122.22244262695312
5.0 17.966856 5997.59765625 -1563.728759765625
6.0 17.966856 -1083.396728515625 218.4181365966797
7.0 17.966856 117.98880767822266 308.4796142578125
8.0 17.966856 163.6240234375 140.5816650390625
9.0 17.966856 126.59494018554688 74.5884780883789
10.0 17.966856 287.191162109375 928.3626708984375
11.0 17.966856 143.7894287109375 47.26560592651367
12.0 17.966856 -870.6585693359375 216.8809051513672
13.0 17.966856 156.3953399658203 133.28663635253906
14.0 17.966856 164.47372436523438 138.490966796875
15.0 17.966856 794.1988525390625 -2140.05615234375
16.0 17.966856 164.9500274658203 141.14242553710938
17.0 17.966856 -2535.55126953125 1820.6300048828125
18.0 17.966856 131.9230194091797 114.5792465209961
19.0 17.966856 26110.509765625 -206764.78125
20.0 17.966856 125.62086486816406 87.18132019042969
21.0 17.966856 3325.98291015625 1847.219970703125
0.0 18.012922 -1826.9708251953125 16.54273796081543
1.0 18.012922 -10709.71875 4862.4404296875
2.0 18.012922 98.49523162841797 -2577.575927734375
3.0 18.012922 102.23397827148438 105.53691101074219
4.0 18.012922 1077.4078369140625 -72.22244262695312
5.0 18.012922 6047.59765625 -1513.728759765625
6.0 18.012922 -1120.896728515625 243.4181365966797
7.0 18.012922 141.8769073486328 273.31768798828125
8.0 18.012922 151.21145629882812 145.4551239013672
9.0 18.012922 138.1645965576172 61.1265869140625
10.0 18.012922 277.816162109375 927.5814208984375
11.0 18.012922 132.82101440429688 52.32697296142578
12.0 18.012922 -908.1585693359375 241.8809051513672
13.0 18.012922 143.7935791015625 138.28970336914062
14.0 18.012922 152.08299255371094 143.38296508789062
15.0 18.012922 844.1988525390625 -2090.05615234375
16.0 18.012922 152.54782104492188 145.95144653320312
17.0 18.012922 -2573.05126953125 1845.6300048828125
18.0 18.012922 119.27362823486328 120.00685119628906
19.0 18.012922 26160.509765625 -206714.78125
20.0 18.012922 127.13228607177734 82.10038757324219
21.0 18.012922 3316.60791015625 1846.438720703125
0.0 18.058986999 -1837.676513671875 -103.26819610595703
1.0 18.058986999 -10709.71875 4862.4404296875
2.0 18.058986999 96.01993560791016 -2609.24072265625
3.0 18.058986999 91.68074798583984 110.2386703491211
4.0 18.058986999 1349.4078369140625 -4.222442626953125
5.0 18.058986999 6447.59765625 -1413.728759765625
6.0 18.058986999 -1120.896728515625 243.4181365966797
7.0 18.058986999 132.070068359375 297.7951965332031
8.0 18.058986999 140.00885009765625 148.68812561035156
9.0 18.058986999 126.16203308105469 64.91095733642578
10.0 18.058986999 231.816162109375 940.3314208984375
11.0 18.058986999 120.50947570800781 56.397422790527344
12.0 18.058986999 -908.1585693359375 241.8809051513672
13.0 18.058986999 142.16802978515625 168.24888610839844
14.0 18.058986999 140.9071502685547 146.5713348388672
15.0 18.058986999 1244.1988525390625 -1990.05615234375
16.0 18.058986999 141.3695068359375 149.1132354736328
17.0 18.058986999 -2573.05126953125 1845.6300048828125
18.0 18.058986999 107.46078491210938 124.47781372070312
19.0 18.058986999 26560.509765625 -206614.78125
20.0 18.058986999 124.34322357177734 71.36782836914062
21.0 18.058986999 3266.60791015625 1846.438720703125
0.0 18.105051999 -1812.676513671875 -103.26819610595703
1.0 18.105051999 -10710.3046875 4863.2216796875
2.0 18.105051999 96.90080261230469 -2641.470458984375
3.0 18.105051999 98.924560546875 79.68142700195312
4.0 18.105051999 1368.0587158203125 -21.1997013092041
5.0 18.105051999 6372.59765625 -1451.228759765625
6.0 18.105051999 -1121.482666015625 244.1993865966797
7.0 18.105051999 116.89930725097656 341.5856018066406
8.0 18.105051999 124.31344604492188 150.15713500976562
9.0 18.105051999 111.91873168945312 66.5855712890625
10.0 18.105051999 352.02020263671875 864.9697875976562
11.0 18.105051999 106.29710388183594 58.17201614379883
12.0 18.105051999 -908.7445068359375 242.6621551513672
13.0 18.105051999 126.22455596923828 169.58177185058594
14.0 18.105051999 125.24141693115234 148.07598876953125
15.0 18.105051999 1169.1988525390625 -2027.55615234375
16.0 18.105051999 125.6571044921875 150.56295776367188
17.0 18.105051999 -2573.63720703125 1846.4112548828125
18.0 18.105051999 91.66670227050781 126.27799224853516
19.0 18.105051999 26485.509765625 -206652.28125
20.0 18.105051999 127.10713195800781 59.01819610595703
21.0 18.105051999 3266.60791015625 1846.438720703125
0.0 18.151118 -1818.926513671875 -128.2681884765625
1.0 18.151118 -10510.3046875 5063.2216796875
2.0 18.151118 97.99501037597656 -2673.242431640625
3.0 18.151118 82.43427276611328 79.75464630126953
4.0 18.151118 1399.3087158203125 -30.5747013092041
5.0 18.151118 6403.84765625 -1460.603759765625
6.0 18.151118 -921.482666015625 444.19940185546875
7.0 18.151118 99.9654312133789 359.9147644042969
8.0 18.151118 107.12528991699219 149.6986541748047
9.0 18.151118 94.7734603881836 66.53177642822266
10.0 18.151118 352.02020263671875 864.9697875976562
11.0 18.151118 89.12296295166016 57.943756103515625
12.0 18.151118 -708.7445068359375 442.66217041015625
13.0 18.151118 108.96990966796875 168.96603393554688
14.0 18.151118 108.02946472167969 147.6329803466797
15.0 18.151118 1200.4488525390625 -2036.93115234375
16.0 18.151118 108.4630126953125 150.0686492919922
17.0 18.151118 -2373.63720703125 2046.4112548828125
18.0 18.151118 74.13893127441406 126.43246459960938
19.0 18.151118 26516.759765625 -206661.65625
20.0 18.151118 109.28434753417969 58.757911682128906
21.0 18.151118 3266.60791015625 1846.438720703125
0.0 18.197183 -1793.926513671875 -65.7681884765625
1.0 18.197183 -10310.3046875 5263.2216796875
2.0 18.197183 102.90435791015625 -2705.297607421875
3.0 18.197183 64.30072021484375 80.73959350585938
4.0 18.197183 1337.3087158203125 10.425298690795898
5.0 18.197183 6353.84765625 -1410.603759765625
6.0 18.197183 -721.482666015625 644.1994018554688
7.0 18.197183 83.00135803222656 392.4493103027344
8.0 18.197183 89.52227783203125 149.68087768554688
9.0 18.197183 75.86238098144531 67.22443389892578
10.0 18.197183 352.02020263671875 864.9697875976562
11.0 18.197183 70.17774200439453 58.39171600341797
12.0 18.197183 -508.7445068359375 642.6621704101562
13.0 18.197183 91.40387725830078 168.80189514160156
14.0 18.197183 90.42935943603516 147.5911865234375
15.0 18.197183 1150.4488525390625 -1986.93115234375
16.0 18.197183 90.89036560058594 149.97451782226562
17.0 18.197183 -2173.63720703125 2246.4111328125
18.0 18.197183 55.70011520385742 127.45184326171875
19.0 18.197183 26466.759765625 -206611.65625
20.0 18.197183 89.40869903564453 58.95352554321289
21.0 18.197183 3266.60791015625 1846.438720703125
0.0 18.243248999 -1893.926513671875 -65.7681884765625
1.0 18.243248999 -10322.8046875 5263.2216796875
2.0 18.243248999 105.33020782470703 -2736.407958984375
3.0 18.243248999 49.851783752441406 82.00040435791016
4.0 18.243248999 1360.560302734375 -16.11195182800293
5.0 18.243248999 6378.84765625 -1060.603759765625
6.0 18.243248999 -733.982666015625 644.1994018554688
7.0 18.243248999 70.9061508178711 420.1434631347656
8.0 18.243248999 75.90662384033203 150.03375244140625
9.0 18.243248999 60.70162582397461 68.14732360839844
10.0 18.243248999 16.02020263671875 4432.9697265625
11.0 18.243248999 54.824562072753906 59.37870788574219
12.0 18.243248999 -521.2445068359375 642.6621704101562
13.0 18.243248999 78.0546646118164 168.89187622070312
14.0 18.243248999 76.78617095947266 147.9128875732422
15.0 18.243248999 1175.4488525390625 -1636.93115234375
16.0 18.243248999 77.28883361816406 150.25143432617188
17.0 18.243248999 -2186.13720703125 2246.4111328125
18.0 18.243248999 41.63014221191406 128.72238159179688
19.0 18.243248999 26491.759765625 -206261.65625
20.0 18.243248999 73.28398895263672 59.42005157470703
21.0 18.243248999 -109.39208984375 6066.4384765625
0.0 18.289313999 530.073486328125 -4829.76806640625
1.0 18.289313999 -10272.8046875 5363.2216796875
2.0 18.289313999 107.7109375 -2768.2470703125
3.0 18.289313999 38.661861419677734 83.55388641357422
4.0 18.289313999 760.560302734375 -216.11195373535156
5.0 18.289313999 5778.84765625 -1260.603759765625
6.0 18.289313999 -683.982666015625 744.1994018554688
7.0 18.289313999 59.79570007324219 440.1038818359375
8.0 18.289313999 65.4375991821289 150.88229370117188
9.0 18.289313999 49.008697509765625 69.50414276123047
10.0 18.289313999 45.63200378417969 4378.31103515625
11.0 18.289313999 43.04527282714844 60.712284088134766
12.0 18.289313999 -471.2445068359375 742.6621704101562
13.0 18.289313999 67.73571014404297 169.62313842773438
14.0 18.289313999 66.27632904052734 148.76016235351562
15.0 18.289313999 575.4488525390625 -1836.93115234375
16.0 18.289313999 66.8037109375 151.04522705078125
17.0 18.289313999 -2136.13720703125 2346.4111328125
18.0 18.289313999 30.800159454345703 130.29019165039062
19.0 18.289313999 25891.759765625 -206461.65625
20.0 18.289313999 60.937129974365234 60.39677047729492
21.0 18.289313999 -59.39208984375 6166.4384765625
0.0 18.335379 630.073486328125 -4854.76806640625
1.0 18.335379 -10272.8046875 5513.2216796875
2.0 18.335379 106.41292572021484 -2799.158447265625
3.0 18.335379 32.743282318115234 84.34111785888672
4.0 18.335379 860.560302734375 -241.11195373535156
5.0 18.335379 5878.84765625 -1285.603759765625
6.0 18.335379 -683.982666015625 894.1994018554688
7.0 18.335379 43.3246955871582 377.14105224609375
8.0 18.335379 60.40312576293945 151.13673400878906
9.0 18.335379 42.889102935791016 70.10811614990234
10.0 18.335379 41.058921813964844 4398.85302734375
11.0 18.335379 36.878517150878906 61.35661697387695
12.0 18.335379 -471.2445068359375 892.6621704101562
13.0 18.335379 62.85264587402344 169.85162353515625
14.0 18.335379 61.24430465698242 149.01597595214844
15.0 18.335379 675.4488525390625 -1861.93115234375
16.0 18.335379 61.734657287597656 151.26646423339844
17.0 18.335379 -2136.13720703125 2496.4111328125
18.0 18.335379 25.443161010742188 130.92286682128906
19.0 18.335379 25991.759765625 -206486.65625
20.0 18.335379 54.41599655151367 60.70993423461914
21.0 18.335379 -59.39208984375 6316.4384765625
0.0 18.381445 655.073486328125 -4886.01806640625
1.0 18.381445 -10322.8046875 5538.2216796875
2.0 18.381445 108.32442474365234 -2830.8984375
3.0 18.381445 33.119205474853516 84.8879623413086
4.0 18.381445 885.560302734375 -272.3619384765625
5.0 18.381445 5903.84765625 -1316.853759765625
6.0 18.381445 -733.982666015625 919.1994018554688
7.0 18.381445 45.05250549316406 399.97491455078125
8.0 18.381445 61.57861328125 151.46414184570312
9.0 18.381445 43.372642517089844 70.50267028808594
10.0 18.381445 42.17269515991211 4422.57958984375
11.0 18.381445 37.36436462402344 61.90959930419922
12.0 18.381445 -521.2445068359375 917.6621704101562
13.0 18.381445 64.06436157226562 170.22825622558594
14.0 18.381445 62.388248443603516 149.3486328125
15.0 18.381445 700.4488525390625 -1893.18115234375
16.0 18.381445 62.894752502441406 151.5649871826172
17.0 18.381445 -2186.13720703125 2521.4111328125
18.0 18.381445 26.225181579589844 131.36488342285156
19.0 18.381445 26016.759765625 -206517.90625
20.0 18.381445 55.007041931152344 61.08537292480469
21.0 18.381445 -109.39208984375 6341.4384765625
0.0 18.427509999 680.073486328125 -4911.01806640625
1.0 18.427509999 -9722.8046875 6738.2216796875
2.0 18.427509999 109.95016479492188 -2861.983154296875
3.0 18.427509999 38.091548919677734 82.2481918334961
4.0 18.427509999 910.560302734375 -297.3619384765625
5.0 18.427509999 5928.84765625 -1341.853759765625
6.0 18.427509999 -133.982666015625 2119.199462890625
7.0 18.427509999 46.53996658325195 411.88885498046875
8.0 18.427509999 66.76473236083984 149.04457092285156
9.0 18.427509999 48.81407165527344 67.78660583496094
10.0 18.427509999 42.348899841308594 4450.9873046875
11.0 18.427509999 43.03014373779297 59.316123962402344
12.0 18.427509999 39.5601806640625 2023.193359375
13.0 18.427509999 69.24575805664062 167.94007873535156
14.0 18.427509999 67.56489562988281 146.9534454345703
15.0 18.427509999 725.4488525390625 -1918.18115234375
16.0 18.427509999 68.04014587402344 149.16604614257812
17.0 18.427509999 -1586.13720703125 3721.4111328125
18.0 18.427509999 31.3997745513916 128.55104064941406
19.0 18.427509999 26041.759765625 -206542.90625
20.0 18.427509999 60.87968826293945 58.51017379760742
21.0 18.427509999 18.98291015625 6614.6259765625
0.0 18.473575 705.073486328125 -4920.39306640625
1.0 18.473575 -8122.8046875 10738.2216796875
2.0 18.473575 111.32140350341797 -2892.832275390625
3.0 18.473575 48.37263488769531 79.42416381835938
4.0 18.473575 935.560302734375 -306.7369384765625
5.0 18.473575 5953.84765625 -1351.228759765625
6.0 18.473575 46.017333984375 2403.199462890625
7.0 18.473575 49.46577072143555 424.5028991699219
8.0 18.473575 76.49602508544922 147.0563201904297
9.0 18.473575 144.6704559326172 -24.168447494506836
10.0 18.473575 45.67401123046875 4462.1943359375
11.0 18.473575 54.510929107666016 56.65937805175781
12.0 18.473575 43.561180114746094 2032.03759765625
13.0 18.473575 78.71975708007812 166.2593994140625
14.0 18.473575 77.32211303710938 144.9903106689453
15.0 18.473575 750.4488525390625 -1927.55615234375
16.0 18.473575 77.70832061767578 147.2249755859375
17.0 18.473575 13.86279296875 7721.4111328125
18.0 18.473575 41.402252197265625 125.44796752929688
19.0 18.473575 26066.759765625 -206552.28125
20.0 18.473575 73.26800537109375 56.189029693603516
21.0 18.473575 25.710750579833984 6678.23486328125
0.0 18.519641 705.073486328125 -4845.39306640625
1.0 18.519641 -8722.8046875 10538.2216796875
2.0 18.519641 110.7652359008789 -2924.575439453125
3.0 18.519641 41.70458984375 110.91630554199219
4.0 18.519641 935.560302734375 -231.7369384765625
5.0 18.519641 5953.84765625 -1276.228759765625
6.0 18.519641 41.77379608154297 2553.867431640625
7.0 18.519641 40.96002960205078 561.4395751953125
8.0 18.519641 89.89398193359375 146.35621643066406
9.0 18.519641 146.30291748046875 -54.81550979614258
10.0 18.519641 41.665245056152344 4611.083984375
11.0 18.519641 70.03089141845703 55.21763229370117
12.0 18.519641 39.102176666259766 2182.52734375
13.0 18.519641 78.65445709228516 136.46258544921875
14.0 18.519641 90.72113037109375 144.3352508544922
15.0 18.519641 750.4488525390625 -1852.55615234375
16.0 18.519641 91.0593032836914 146.57127380371094
17.0 18.519641 15.730602264404297 7798.64111328125
18.0 18.519641 55.29732894897461 123.26508331298828
19.0 18.519641 26066.759765625 -206477.28125
20.0 18.519641 89.87250518798828 55.229557037353516
21.0 18.519641 28.66365623474121 6836.88134765625
0.0 18.565705999 705.073486328125 -4845.39306640625
1.0 18.565705999 -8725.9296875 10544.4716796875
2.0 18.565705999 111.45572662353516 -2955.307861328125
3.0 18.565705999 57.954524993896484 109.33949279785156
4.0 18.565705999 935.560302734375 -231.7369384765625
5.0 18.565705999 5953.84765625 -1276.228759765625
6.0 18.565705999 60.75324249267578 2649.14404296875
7.0 18.565705999 59.98318099975586 658.1660766601562
8.0 18.565705999 106.93984985351562 146.31297302246094
9.0 18.565705999 152.35379028320312 -85.08216094970703
10.0 18.565705999 60.639217376708984 4707.24755859375
11.0 18.565705999 88.62593841552734 54.575496673583984
12.0 18.565705999 58.07551956176758 2291.447265625
13.0 18.565705999 78.52505493164062 130.68283081054688
14.0 18.565705999 107.78589630126953 144.3228302001953
15.0 18.565705999 750.4488525390625 -1852.55615234375
16.0 18.565705999 108.04582977294922 146.5806121826172
17.0 18.565705999 15.387042999267578 7826.67724609375
18.0 18.565705999 72.79007720947266 121.96569061279297
19.0 18.565705999 26066.759765625 -206477.28125
20.0 18.565705999 109.44474792480469 55.23775100708008
21.0 18.565705999 38.65431594848633 6904.70849609375
0.0 18.611770999 792.573486328125 -4857.89306640625
1.0 18.611770999 -8750.9296875 10556.9716796875
2.0 18.611770999 112.89164733886719 -2986.565673828125
3.0 18.611770999 75.68122100830078 111.50416564941406
4.0 18.611770999 1023.060302734375 -244.2369384765625
5.0 18.611770999 6041.34765625 -1288.728759765625
6.0 18.611770999 74.4939956665039 2691.6611328125
7.0 18.611770999 73.75120544433594 700.1605224609375
8.0 18.611770999 125.79436492919922 149.6685333251953
9.0 18.611770999 156.34405517578125 -115.80176544189453
10.0 18.611770999 74.36077880859375 4750.5205078125
11.0 18.611770999 108.0327377319336 57.56278610229492
12.0 18.611770999 72.2449951171875 2323.3896484375
13.0 18.611770999 98.1279525756836 133.5497589111328
14.0 18.611770999 126.6371078491211 147.69618225097656
15.0 18.611770999 837.9488525390625 -1865.05615234375
16.0 18.611770999 126.86248016357422 149.96075439453125
17.0 18.611770999 16.391136169433594 7842.33447265625
18.0 18.611770999 28.64783477783203 94.2945785522461
19.0 18.611770999 26154.259765625 -206489.78125
20.0 18.611770999 129.637451171875 58.622074127197266
21.0 18.611770999 -55.32862854003906 6951.21728515625
0.0 18.657836999 842.573486328125 -4870.39306640625
1.0 18.657836999 -8800.9296875 10756.9716796875
2.0 18.657836999 115.69442749023438 -3017.717529296875
3.0 18.657836999 90.47283935546875 112.23400115966797
4.0 18.657836999 1073.060302734375 -256.7369384765625
5.0 18.657836999 6091.34765625 -1301.228759765625
6.0 18.657836999 66.94237518310547 2944.439697265625
7.0 18.657836999 87.154296875 779.8530883789062
8.0 18.657836999 141.2616729736328 151.7403564453125
9.0 18.657836999 160.7624969482422 -146.72958374023438
10.0 18.657836999 66.41474914550781 4986.83740234375
11.0 18.657836999 124.28116607666016 59.37266159057617
12.0 18.657836999 85.31804656982422 2394.106689453125
13.0 18.657836999 114.68762969970703 135.37786865234375
14.0 18.657836999 142.07894897460938 149.84657287597656
15.0 18.657836999 887.9488525390625 -1877.55615234375
16.0 18.657836999 142.29653930664062 152.07489013671875
17.0 18.657836999 18.323745727539062 7854.58837890625
18.0 18.657836999 40.847633361816406 93.49901580810547
19.0 18.657836999 26204.259765625 -206502.28125
20.0 18.657836999 146.28436279296875 60.70490264892578
21.0 18.657836999 -105.32862854003906 7151.21728515625
0.0 18.703902 992.573486328125 -4795.39306640625
1.0 18.703902 -8800.9296875 10856.9716796875
2.0 18.703902 115.41643524169922 -3049.30078125
3.0 18.703902 103.54949188232422 113.91107177734375
4.0 18.703902 1223.060302734375 -181.7369384765625
5.0 18.703902 6241.34765625 -1226.228759765625
6.0 18.703902 78.16908264160156 3039.201171875
7.0 18.703902 82.23881530761719 1002.7671508789062
8.0 18.703902 155.05645751953125 153.88938903808594
9.0 18.703902 161.4850616455078 -177.74085998535156
10.0 18.703902 17.388765335083008 5090.96337890625
11.0 18.703902 137.85060119628906 61.394561767578125
12.0 18.703902 81.89459991455078 2576.11767578125
13.0 18.703902 129.39979553222656 137.5934295654297
14.0 18.703902 155.8201446533203 152.05882263183594
15.0 18.703902 1037.9488525390625 -1802.55615234375
16.0 18.703902 156.05108642578125 154.259521484375
17.0 18.703902 29.784364700317383 7892.17041015625
18.0 18.703902 20.504777908325195 95.71045684814453
19.0 18.703902 26354.259765625 -206427.28125
20.0 18.703902 159.88726806640625 62.7493896484375
21.0 18.703902 -105.32862854003906 7251.21728515625
0.0 18.749968 992.573486328125 -4845.39306640625
1.0 18.749968 -8813.4296875 10888.2216796875
2.0 18.749968 114.72686767578125 -3079.26806640625
3.0 18.749968 118.27738189697266 114.1816635131836
4.0 18.749968 1223.060302734375 -231.7369384765625
5.0 18.749968 6241.34765625 -1276.228759765625
6.0 18.749968 76.04281616210938 3226.856689453125
7.0 18.749968 103.29511260986328 1017.1085205078125
8.0 18.749968 171.07232666015625 153.52890014648438
9.0 18.749968 165.2262725830078 -208.76187133789062
10.0 18.749968 -39.329872131347656 5181.4970703125
11.0 18.749968 151.9175567626953 61.059078216552734
12.0 18.749968 103.25244903564453 2591.8818359375
13.0 18.749968 145.7170867919922 137.63348388671875
14.0 18.749968 171.82769775390625 151.6854248046875
15.0 18.749968 1037.9488525390625 -1852.55615234375
16.0 18.749968 172.0822296142578 153.85281372070312
17.0 18.749968 44.67765426635742 7925.77685546875
18.0 18.749968 24.603891372680664 94.2551040649414
19.0 18.749968 26354.259765625 -206477.28125
20.0 18.749968 173.46420288085938 62.12452697753906
21.0 18.749968 -117.82862854003906 7282.46728515625
0.0 18.796032999 1042.573486328125 -4845.39306640625
1.0 18.796032999 -8838.4296875 10900.7216796875
2.0 18.796032999 116.00175476074219 -3110.012939453125
3.0 18.796032999 120.33106994628906 112.40425872802734
4.0 18.796032999 1273.060302734375 -231.7369384765625
5.0 18.796032999 6291.34765625 -1276.228759765625
6.0 18.796032999 84.94444274902344 3259.21875
7.0 18.796032999 107.10533905029297 1132.4774169921875
8.0 18.796032999 173.59130859375 151.76644897460938
9.0 18.796032999 168.35935974121094 -240.216796875
10.0 18.796032999 -64.32987213134766 5193.9970703125
11.0 18.796032999 154.26608276367188 59.032501220703125
12.0 18.796032999 106.04409790039062 2718.76904296875
13.0 18.796032999 148.50360107421875 135.87716674804688
14.0 18.796032999 174.34686279296875 149.96609497070312
15.0 18.796032999 1087.9488525390625 -1852.55615234375
16.0 18.796032999 174.580810546875 152.12144470214844
17.0 18.796032999 43.878787994384766 7958.55078125
18.0 18.796032999 25.799922943115234 92.33753204345703
19.0 18.796032999 26404.259765625 -206477.28125
20.0 18.796032999 175.93357849121094 60.16960525512695
21.0 18.796032999 -142.82862854003906 7294.96728515625
0.0 18.842098 942.573486328125 -4920.39306640625
1.0 18.842098 -12038.4296875 6100.7216796875
2.0 18.842098 117.54261779785156 -3140.43408203125
3.0 18.842098 119.0249252319336 110.97623443603516
4.0 18.842098 1173.060302734375 -306.7369384765625
5.0 18.842098 6191.34765625 -1351.228759765625
6.0 18.842098 84.33892822265625 3298.106201171875
7.0 18.842098 110.243408203125 1254.6016845703125
8.0 18.842098 172.2539825439453 150.3887481689453
9.0 18.842098 165.11790466308594 -271.22589111328125
10.0 18.842098 -3264.329833984375 393.9970703125
11.0 18.842098 152.98684692382812 57.5882568359375
12.0 18.842098 109.2177505493164 2827.939453125
13.0 18.842098 147.3027801513672 134.53790283203125
14.0 18.842098 173.0164337158203 148.5606689453125
15.0 18.842098 987.9488525390625 -1927.55615234375
16.0 18.842098 173.25054931640625 150.69357299804688
17.0 18.842098 40.316062927246094 8009.94140625
18.0 18.842098 24.342098236083984 90.9668960571289
19.0 18.842098 26304.259765625 -206552.28125
20.0 18.842098 174.69007873535156 58.76065444946289
21.0 18.842098 -3342.82861328125 2494.96728515625
0.0 18.888164 742.573486328125 -5020.39306640625
1.0 18.888164 -12100.9296875 6088.2216796875
2.0 18.888164 118.11089324951172 -3169.87353515625
3.0 18.888164 117.79412841796875 109.20069122314453
4.0 18.888164 973.060302734375 -406.7369384765625
5.0 18.888164 5991.34765625 -1451.228759765625
6.0 18.888164 84.1949234008789 3317.369384765625
7.0 18.888164 115.96546936035156 1315.1690673828125
8.0 18.888164 171.5776824951172 147.5935821533203
9.0 18.888164 168.86253356933594 -302.0359802246094
10.0 18.888164 -3326.829833984375 381.4970703125
11.0 18.888164 150.6007080078125 55.08134078979492
12.0 18.888164 114.97117614746094 2894.18017578125
13.0 18.888164 146.26805114746094 132.2164306640625
14.0 18.888164 172.34149169921875 145.74205017089844
15.0 18.888164 787.9488525390625 -2027.55615234375
16.0 18.888164 172.58917236328125 147.8768768310547
17.0 18.888164 37.25562286376953 8055.73291015625
18.0 18.888164 23.230838775634766 91.4251480102539
19.0 18.888164 26104.259765625 -206652.28125
20.0 18.888164 172.0028533935547 55.7835693359375
21.0 18.888164 -3405.32861328125 2482.46728515625
