0.0 9.120943 7.0 23.0
1.0 9.120943 220.0 61.0
2.0 9.120943 1.0 163.0
3.0 9.120943 118.0 6.0
4.0 9.120943 185.0 82.0
5.0 9.120943 28.0 8.0
6.0 9.120943 192.0 51.0
7.0 9.120943 27.0 172.0
8.0 9.120943 147.0 121.0
9.0 9.120943 113.0 38.0
10.0 9.120943 68.0 50.0
11.0 9.120943 146.0 87.0
12.0 9.120943 73.0 80.0
13.0 9.120943 189.0 107.0
14.0 9.120943 33.0 84.0
15.0 9.120943 117.0 121.0
16.0 9.120943 193.0 176.0
17.0 9.120943 126.0 72.0
18.0 9.120943 42.0 150.0
0.0 9.167007999 7.844227313995361 22.340909957885742
1.0 9.167007999 220.390869140625 62.50137710571289
2.0 9.167007999 -2.4096486568450928 162.37359619140625
3.0 9.167007999 118.89887237548828 6.676034927368164
4.0 9.167007999 185.3482208251953 83.41191864013672
5.0 9.167007999 28.95302963256836 7.850729942321777
6.0 9.167007999 192.5016632080078 52.47224807739258
7.0 9.167007999 26.760906219482422 172.49317932128906
8.0 9.167007999 147.0557403564453 122.1806411743164
9.0 9.167007999 113.69356536865234 38.874263763427734
10.0 9.167007999 68.59257507324219 50.40372085571289
11.0 9.167007999 146.3680419921875 88.09349060058594
12.0 9.167007999 73.24954986572266 80.56997680664062
13.0 9.167007999 189.17417907714844 108.4052505493164
14.0 9.167007999 33.49567794799805 84.20167541503906
15.0 9.167007999 117.11215209960938 121.92153930664062
16.0 9.167007999 194.41311645507812 183.11029052734375
17.0 9.167007999 126.41517639160156 72.99969482421875
18.0 9.167007999 41.837379455566406 150.274658203125
0.0 9.213073 9.535270690917969 21.255393981933594
1.0 9.213073 221.33645629882812 65.15354919433594
2.0 9.213073 -13.76437759399414 156.8001708984375
3.0 9.213073 121.07440185546875 7.123650550842285
4.0 9.213073 185.8660430908203 85.34172821044922
5.0 9.213073 31.076555252075195 6.156053066253662
6.0 9.213073 193.62860107421875 54.45732116699219
7.0 9.213073 25.62334442138672 171.48983764648438
8.0 9.213073 146.76063537597656 123.31687927246094
9.0 9.213073 115.22620391845703 39.402992248535156
10.0 9.213073 69.6955795288086 49.840694427490234
11.0 9.213073 147.06259155273438 89.23529815673828
12.0 9.213073 73.82254791259766 80.34423065185547
13.0 9.213073 189.2599334716797 110.2927017211914
14.0 9.213073 34.218482971191406 82.93736267089844
15.0 9.213073 116.9206314086914 122.46391296386719
16.0 9.213073 192.1360321044922 209.07054138183594
17.0 9.213073 127.10995483398438 73.7185287475586
18.0 9.213073 41.03167724609375 149.23690795898438
0.0 9.259139 13.804580688476562 18.645374298095703
1.0 9.259139 223.2385711669922 71.26580810546875
2.0 9.259139 -44.734474182128906 156.35147094726562
3.0 9.259139 115.49276733398438 -6.7701849937438965
4.0 9.259139 187.04598999023438 90.3160171508789
5.0 9.259139 28.6518611907959 -7.974429130554199
6.0 9.259139 195.99639892578125 59.528526306152344
7.0 9.259139 23.919191360473633 170.3849639892578
8.0 9.259139 146.5642547607422 126.91426849365234
9.0 9.259139 118.25405883789062 41.761993408203125
10.0 9.259139 72.12240600585938 50.32148742675781
11.0 9.259139 148.12782287597656 92.73979187011719
12.0 9.259139 75.278076171875 81.34526062011719
13.0 9.259139 189.64065551757812 115.21038818359375
14.0 9.259139 35.9167366027832 82.09588623046875
15.0 9.259139 116.86048889160156 124.88082885742188
16.0 9.259139 197.78497314453125 176.33091735839844
17.0 9.259139 128.79531860351562 76.66608428955078
18.0 9.259139 40.01055145263672 148.71853637695312
0.0 9.305203999 19.099102020263672 15.597677230834961
1.0 9.305203999 224.90260314941406 79.84617614746094
2.0 9.305203999 -62.03089904785156 149.3177490234375
3.0 9.305203999 114.30699157714844 -54.58472442626953
4.0 9.305203999 187.87948608398438 97.2135009765625
5.0 9.305203999 34.62421798706055 -49.94282531738281
6.0 9.305203999 198.33114624023438 66.6692886352539
7.0 9.305203999 21.028579711914062 168.26087951660156
8.0 9.305203999 145.35397338867188 131.65463256835938
9.0 9.305203999 121.83164978027344 45.17699432373047
10.0 9.305203999 75.06256103515625 50.850830078125
11.0 9.305203999 148.82626342773438 97.53998565673828
12.0 9.305203999 76.73384857177734 82.57571411132812
13.0 9.305203999 189.3140869140625 122.04022216796875
14.0 9.305203999 37.85942459106445 80.70247650146484
15.0 9.305203999 116.00253295898438 128.13938903808594
16.0 9.305203999 206.01841735839844 169.90087890625
17.0 9.305203999 130.3660125732422 80.61650848388672
18.0 9.305203999 38.017940521240234 147.6647186279297
0.0 9.351268999 23.18274688720703 13.420990943908691
1.0 9.351268999 225.67727661132812 88.0157470703125
2.0 9.351268999 -106.9000015258789 145.64723205566406
3.0 9.351268999 118.92938232421875 -85.86274719238281
4.0 9.351268999 187.87750244140625 103.65470123291016
5.0 9.351268999 40.56858825683594 -81.32595825195312
6.0 9.351268999 199.85133361816406 73.40620422363281
7.0 9.351268999 17.73012351989746 165.45530700683594
8.0 9.351268999 143.5275421142578 135.80087280273438
9.0 9.351268999 124.76323699951172 48.19536590576172
10.0 9.351268999 77.48393249511719 51.091094970703125
11.0 9.351268999 148.7512664794922 101.81731414794922
12.0 9.351268999 77.70270538330078 83.43875122070312
13.0 9.351268999 188.19729614257812 128.27391052246094
14.0 9.351268999 39.457820892333984 78.9648666381836
15.0 9.351268999 114.56461334228516 130.75143432617188
16.0 9.351268999 202.64109802246094 176.98463439941406
17.0 9.351268999 131.2857208251953 84.17803955078125
18.0 9.351268999 35.61465835571289 145.86236572265625
0.0 9.397334999 27.046480178833008 10.144288063049316
1.0 9.397334999 225.75445556640625 94.43702697753906
2.0 9.397334999 -128.63714599609375 140.93527221679688
3.0 9.397334999 122.50582122802734 -113.62825775146484
4.0 9.397334999 187.22116088867188 108.6644058227539
5.0 9.397334999 38.996421813964844 -87.73579406738281
6.0 9.397334999 200.58580017089844 78.66492462158203
7.0 9.397334999 14.810893058776855 162.68820190429688
8.0 9.397334999 141.43284606933594 138.76612854003906
9.0 9.397334999 126.79879760742188 50.45454406738281
10.0 9.397334999 79.2783432006836 50.928714752197266
11.0 9.397334999 148.4468536376953 105.07437133789062
12.0 9.397334999 78.14535522460938 83.72537994384766
13.0 9.397334999 186.6375732421875 133.0638427734375
14.0 9.397334999 40.576072692871094 77.1547622680664
15.0 9.397334999 112.93415832519531 132.48504638671875
16.0 9.397334999 197.4502410888672 182.09132385253906
17.0 9.397334999 131.57411193847656 86.75774383544922
18.0 9.397334999 33.497032165527344 143.9306640625
0.0 9.4434 32.103050231933594 6.935571670532227
1.0 9.4434 226.32188415527344 101.74809265136719
2.0 9.4434 -144.22885131835938 151.58872985839844
3.0 9.4434 119.32441711425781 -124.27381134033203
4.0 9.4434 187.14576721191406 114.30335235595703
5.0 9.4434 37.20985412597656 -106.29491424560547
6.0 9.4434 201.96533203125 84.7854232788086
7.0 9.4434 12.463501930236816 159.49761962890625
8.0 9.4434 139.87481689453125 142.18804931640625
9.0 9.4434 129.76516723632812 53.22910690307617
10.0 9.4434 82.11214447021484 51.102943420410156
11.0 9.4434 148.4947967529297 108.72077178955078
12.0 9.4434 79.49545288085938 84.32050323486328
13.0 9.4434 185.4827880859375 138.54307556152344
14.0 9.4434 42.75153732299805 75.37665557861328
15.0 9.4434 111.85498046875 134.44705200195312
16.0 9.4434 203.8994140625 156.02639770507812
17.0 9.4434 132.575927734375 89.8093032836914
18.0 9.4434 31.98895835876465 141.80096435546875
0.0 9.489466 40.67802429199219 -3.7608251571655273
1.0 9.489466 217.539794921875 110.16693878173828
2.0 9.489466 -177.61805725097656 149.37350463867188
3.0 9.489466 112.52457427978516 -155.42079162597656
4.0 9.489466 186.62356567382812 122.72698211669922
5.0 9.489466 38.268226623535156 -139.98582458496094
6.0 9.489466 208.6173095703125 77.69639587402344
7.0 9.489466 9.467330932617188 155.38259887695312
8.0 9.489466 137.46365356445312 147.30711364746094
9.0 9.489466 133.70762634277344 57.96440887451172
10.0 9.489466 86.03573608398438 52.15390396118164
11.0 9.489466 148.4881591796875 114.5223388671875
12.0 9.489466 81.34648132324219 85.78972625732422
13.0 9.489466 190.60255432128906 130.08029174804688
14.0 9.489466 45.94094467163086 73.73321533203125
15.0 9.489466 110.13884735107422 137.6714630126953
16.0 9.489466 224.44667053222656 125.65509033203125
17.0 9.489466 133.7745361328125 94.72904205322266
18.0 9.489466 30.088132858276367 139.19302368164062
0.0 9.535530999 45.50692367553711 -15.86194133758545
1.0 9.535530999 210.19180297851562 117.53585815429688
2.0 9.535530999 -201.24176025390625 148.39202880859375
3.0 9.535530999 165.09173583984375 -203.4012451171875
4.0 9.535530999 184.9029541015625 130.90386962890625
5.0 9.535530999 44.649200439453125 -146.5963592529297
6.0 9.535530999 209.54090881347656 87.17566680908203
7.0 9.535530999 6.159842491149902 151.68731689453125
8.0 9.535530999 134.271484375 152.2270050048828
9.0 9.535530999 136.38043212890625 62.90708541870117
10.0 9.535530999 88.96455383300781 53.74935531616211
11.0 9.535530999 147.79132080078125 120.34785461425781
12.0 9.535530999 82.28388977050781 87.60619354248047
13.0 9.535530999 225.00611877441406 116.09016418457031
14.0 9.535530999 48.33538818359375 72.74420928955078
15.0 9.535530999 107.68123626708984 140.97962951660156
16.0 9.535530999 222.8397216796875 135.72804260253906
17.0 9.535530999 133.86221313476562 99.78410339355469
18.0 9.535530999 27.77695655822754 136.84933471679688
0.0 9.581596 51.62260055541992 -51.79499435424805
1.0 9.581596 209.33544921875 122.61693572998047
2.0 9.581596 -223.06158447265625 144.38653564453125
3.0 9.581596 166.75625610351562 -235.30841064453125
4.0 9.581596 183.27297973632812 134.7899932861328
5.0 9.581596 50.63609313964844 -182.90672302246094
6.0 9.581596 210.081787109375 92.26504516601562
7.0 9.581596 2.98699951171875 146.51467895507812
8.0 9.581596 131.65504455566406 153.27793884277344
9.0 9.581596 138.53549194335938 64.34500122070312
10.0 9.581596 91.38255310058594 52.54364776611328
11.0 9.581596 146.785400390625 122.15243530273438
12.0 9.581596 83.19271850585938 86.51271057128906
13.0 9.581596 224.0401611328125 121.90141296386719
14.0 9.581596 50.439918518066406 69.50812530517578
15.0 9.581596 105.83259582519531 140.80003356933594
16.0 9.581596 221.32737731933594 141.32369995117188
17.0 9.581596 133.8923797607422 101.1787338256836
18.0 9.581596 26.21619987487793 132.3962860107422
0.0 9.627662 61.324188232421875 -75.89971160888672
1.0 9.627662 208.82215881347656 126.40762329101562
2.0 9.627662 -250.416259765625 141.2659149169922
3.0 9.627662 161.0364532470703 -266.42962646484375
4.0 9.627662 182.26820373535156 137.72467041015625
5.0 9.627662 52.735652923583984 -207.9459228515625
6.0 9.627662 210.53549194335938 96.0815658569336
7.0 9.627662 -6.447630405426025 143.5551300048828
8.0 9.627662 129.9831085205078 154.14663696289062
9.0 9.627662 140.37240600585938 65.65103149414062
10.0 9.627662 93.50542449951172 51.88092803955078
11.0 9.627662 146.31919860839844 123.50747680664062
12.0 9.627662 84.18531799316406 85.94581604003906
13.0 9.627662 223.45333862304688 126.30864715576172
14.0 9.627662 52.393306732177734 67.4608383178711
15.0 9.627662 104.75318145751953 140.81939697265625
16.0 9.627662 220.3840789794922 145.53543090820312
17.0 9.627662 134.1927490234375 102.36054992675781
18.0 9.627662 25.515953063964844 129.32833862304688
0.0 9.673726999 61.46125030517578 -97.25210571289062
1.0 9.673726999 208.3516387939453 130.58680725097656
2.0 9.673726999 -272.5595703125 144.11166381835938
3.0 9.673726999 160.82789611816406 -297.291015625
4.0 9.673726999 181.08750915527344 140.6841278076172
5.0 9.673726999 57.91196823120117 -241.97055053710938
6.0 9.673726999 211.28671264648438 100.2331771850586
7.0 9.673726999 -32.97549819946289 146.34600830078125
8.0 9.673726999 128.07464599609375 154.372802734375
9.0 9.673726999 143.02403259277344 66.65805053710938
10.0 9.673726999 96.5806655883789 50.36487579345703
11.0 9.673726999 145.94708251953125 124.51407623291016
12.0 9.673726999 85.80200958251953 84.3760986328125
13.0 9.673726999 222.76998901367188 131.16122436523438
14.0 9.673726999 55.32716751098633 64.0791244506836
15.0 9.673726999 103.6496810913086 139.8504638671875
16.0 9.673726999 219.1229705810547 150.18861389160156
17.0 9.673726999 134.7736358642578 103.06356811523438
18.0 9.673726999 25.076810836791992 124.35084533691406
0.0 9.719791999 51.2658576965332 -74.71710205078125
1.0 9.719791999 206.13572692871094 135.616455078125
2.0 9.719791999 -271.26220703125 144.90135192871094
3.0 9.719791999 153.71861267089844 -328.1156311035156
4.0 9.719791999 178.2889404296875 144.51608276367188
5.0 9.719791999 65.22349548339844 -281.9749450683594
6.0 9.719791999 210.5825958251953 105.50235748291016
7.0 9.719791999 -33.91175079345703 147.0731658935547
8.0 9.719791999 124.60867309570312 155.17520141601562
9.0 9.719791999 144.42196655273438 68.5678482055664
10.0 9.719791999 98.6376953125 49.59162521362305
11.0 9.719791999 144.08963012695312 126.39026641845703
12.0 9.719791999 86.22144317626953 83.35346221923828
13.0 9.719791999 220.51019287109375 137.021728515625
14.0 9.719791999 57.28755569458008 61.196102142333984
15.0 9.719791999 101.02854919433594 139.4291229248047
16.0 9.719791999 216.200439453125 155.84339904785156
17.0 9.719791999 134.0203094482422 104.5542984008789
18.0 9.719791999 23.501693725585938 119.66493225097656
0.0 9.765858 57.74458312988281 -149.5697021484375
1.0 9.765858 204.0608673095703 140.0833282470703
2.0 9.765858 -291.6494445800781 146.13645935058594
3.0 9.765858 161.31494140625 -358.6388854980469
4.0 9.765858 175.7469940185547 147.90538024902344
5.0 9.765858 72.8482437133789 -310.39697265625
6.0 9.765858 209.7040557861328 110.08895874023438
7.0 9.765858 -54.744239807128906 148.46531677246094
8.0 9.765858 121.70356750488281 156.0233154296875
9.0 9.765858 145.5060577392578 70.51818084716797
10.0 9.765858 100.41667938232422 49.218379974365234
11.0 9.765858 142.58938598632812 128.19732666015625
12.0 9.765858 86.58745574951172 82.81941223144531
13.0 9.765858 218.35195922851562 142.08160400390625
14.0 9.765858 59.04317092895508 59.129859924316406
15.0 9.765858 98.96857452392578 139.28237915039062
16.0 9.765858 213.48353576660156 160.63558959960938
17.0 9.765858 133.29869079589844 106.03712463378906
18.0 9.765858 22.277809143066406 115.95948791503906
0.0 9.811923 63.717342376708984 -186.78692626953125
1.0 9.811923 202.8556365966797 143.51341247558594
2.0 9.811923 -321.08392333984375 139.85414123535156
3.0 9.811923 153.2581787109375 -389.1737365722656
4.0 9.811923 174.2367706298828 150.36859130859375
5.0 9.811923 76.4740219116211 -339.4306335449219
6.0 9.811923 209.6144561767578 113.64212799072266
7.0 9.811923 -85.54679870605469 144.0855255126953
8.0 9.811923 119.92003631591797 156.25433349609375
9.0 9.811923 147.1262664794922 71.85785675048828
10.0 9.811923 102.62400817871094 48.584903717041016
11.0 9.811923 141.90635681152344 129.2523193359375
12.0 9.811923 87.65401458740234 82.04042053222656
13.0 9.811923 217.01211547851562 146.0032958984375
14.0 9.811923 61.29446029663086 57.11494445800781
15.0 9.811923 97.911865234375 138.7913055419922
16.0 9.811923 211.7589111328125 164.3631591796875
17.0 9.811923 133.3505401611328 106.89935302734375
18.0 9.811923 22.080036163330078 112.33914184570312
0.0 9.857987999 66.90855407714844 -216.78973388671875
1.0 9.857987999 201.6929473876953 146.8302001953125
2.0 9.857987999 -353.1750793457031 137.12185668945312
3.0 9.857987999 155.90451049804688 -420.18389892578125
4.0 9.857987999 172.83245849609375 153.07644653320312
5.0 9.857987999 78.8241958618164 -368.6783752441406
6.0 9.857987999 209.25062561035156 117.15326690673828
7.0 9.857987999 -118.76075744628906 141.39056396484375
8.0 9.857987999 118.37846374511719 157.2227783203125
9.0 9.857987999 148.24359130859375 73.7347640991211
10.0 9.857987999 104.37268829345703 48.96420669555664
11.0 9.857987999 141.30865478515625 130.85391235351562
12.0 9.857987999 88.39454650878906 82.21305847167969
13.0 9.857987999 215.7364501953125 149.7605743408203
14.0 9.857987999 63.03877639770508 56.366912841796875
15.0 9.857987999 96.92842102050781 139.09222412109375
16.0 9.857987999 210.17771911621094 167.97048950195312
17.0 9.857987999 133.2693634033203 108.32988739013672
18.0 9.857987999 21.945676803588867 110.18414306640625
0.0 9.904053999 68.30438232421875 -233.5741424560547
1.0 9.904053999 200.80203247070312 147.84683227539062
2.0 9.904053999 -376.7496032714844 135.92250061035156
3.0 9.904053999 154.61314392089844 -450.9541015625
4.0 9.904053999 171.7852325439453 153.81619262695312
5.0 9.904053999 79.34412384033203 -401.8853454589844
6.0 9.904053999 208.73486328125 118.28233337402344
7.0 9.904053999 -145.90899658203125 138.63145446777344
8.0 9.904053999 117.36592864990234 157.2197265625
9.0 9.904053999 148.33718872070312 74.15477752685547
10.0 9.904053999 104.70319366455078 48.68954849243164
11.0 9.904053999 140.69720458984375 131.14732360839844
12.0 9.904053999 88.30745697021484 81.94564056396484
13.0 9.904053999 214.8512725830078 150.96673583984375
14.0 9.904053999 63.47966766357422 55.727386474609375
15.0 9.904053999 96.19365692138672 138.81858825683594
16.0 9.904053999 209.2527313232422 169.16567993164062
17.0 9.904053999 132.8180389404297 108.57369995117188
18.0 9.904053999 21.236780166625977 109.28253173828125
0.0 9.950119 64.02425384521484 -248.88818359375
1.0 9.950119 200.8093719482422 146.38392639160156
2.0 9.950119 -397.69696044921875 138.41107177734375
3.0 9.950119 153.30078125 -481.4947509765625
4.0 9.950119 171.76470947265625 152.858642578125
5.0 9.950119 74.71919250488281 -435.3149719238281
6.0 9.950119 208.33139038085938 116.81156921386719
7.0 9.950119 -170.87911987304688 140.14254760742188
8.0 9.950119 117.53952026367188 157.14697265625
9.0 9.950119 147.10305786132812 73.64933013916016
10.0 9.950119 103.16116333007812 48.823917388916016
11.0 9.950119 140.6140899658203 130.765380859375
12.0 9.950119 87.19435119628906 82.39697265625
13.0 9.950119 214.9833221435547 149.26223754882812
14.0 9.950119 62.05741882324219 56.66483688354492
15.0 9.950119 96.09303283691406 139.14984130859375
16.0 9.950119 209.6537322998047 167.6414031982422
17.0 9.950119 132.20510864257812 108.25977325439453
18.0 9.950119 20.110013961791992 111.22036743164062
0.0 9.996185 -58.138099670410156 -316.68206787109375
1.0 9.996185 202.3643341064453 141.1742706298828
2.0 9.996185 -443.8332214355469 145.62646484375
3.0 9.996185 151.4102020263672 -512.0643310546875
4.0 9.996185 173.61851501464844 149.2503204345703
5.0 9.996185 63.81074142456055 -466.522705078125
6.0 9.996185 208.4208526611328 111.57363891601562
7.0 9.996185 -210.52978515625 142.7424774169922
8.0 9.996185 119.77924346923828 156.3917694091797
9.0 9.996185 144.71543884277344 71.47021484375
10.0 9.996185 99.75932312011719 49.068634033203125
11.0 9.996185 141.62022399902344 129.05007934570312
12.0 9.996185 85.47126770019531 83.34065246582031
13.0 9.996185 216.71517944335938 143.34730529785156
14.0 9.996185 59.02371597290039 59.19834518432617
15.0 9.996185 97.47064971923828 139.6280517578125
16.0 9.996185 212.23497009277344 162.246337890625
17.0 9.996185 131.8736572265625 106.78495788574219
18.0 9.996185 20.070100784301758 115.93961334228516
0.0 10.042249999 -58.138099670410156 -304.18206787109375
1.0 10.042249999 210.7592315673828 134.7962646484375
2.0 10.042249999 -516.3887939453125 138.37020874023438
3.0 10.042249999 151.23912048339844 -542.29931640625
4.0 10.042249999 177.27584838867188 142.21591186523438
5.0 10.042249999 49.47239685058594 -497.0304260253906
6.0 10.042249999 209.0352783203125 102.16564178466797
7.0 10.042249999 -300.730224609375 138.73057556152344
8.0 10.042249999 115.87445831298828 148.34420776367188
9.0 10.042249999 141.75799560546875 67.2589111328125
10.0 10.042249999 95.54693603515625 48.848899841308594
11.0 10.042249999 144.2702178955078 125.25782775878906
12.0 10.042249999 83.98734283447266 84.0194320678711
13.0 10.042249999 194.02394104003906 195.82325744628906
14.0 10.042249999 55.50086975097656 62.59891891479492
15.0 10.042249999 100.91607666015625 139.31373596191406
16.0 10.042249999 216.70599365234375 152.37229919433594
17.0 10.042249999 132.40216064453125 103.45499420166016
18.0 10.042249999 21.679088592529297 122.74040222167969
0.0 10.088315 5.861900329589844 -336.18206787109375
1.0 10.088315 155.83261108398438 230.8748016357422
2.0 10.088315 -536.0105590820312 138.47653198242188
3.0 10.088315 154.97686767578125 -572.4302368164062
4.0 10.088315 182.40811157226562 134.79002380371094
5.0 10.088315 43.026702880859375 -475.57220458984375
6.0 10.088315 210.56919860839844 92.45902252197266
7.0 10.088315 -321.0679016113281 138.851806640625
8.0 10.088315 115.36024475097656 142.97677612304688
9.0 10.088315 139.76318359375 63.723182678222656
10.0 10.088315 92.59735870361328 49.886478424072266
11.0 10.088315 148.55313110351562 121.52371978759766
12.0 10.088315 84.20288848876953 85.74158477783203
13.0 10.088315 209.54977416992188 157.00682067871094
14.0 10.088315 53.58194351196289 67.53697967529297
15.0 10.088315 106.4214859008789 139.3252716064453
16.0 10.088315 222.56468200683594 141.6072235107422
17.0 10.088315 134.32321166992188 100.37289428710938
18.0 10.088315 25.93738555908203 130.88772583007812
0.0 10.134381 298.94610595703125 -182.69918823242188
1.0 10.134381 149.8994598388672 197.56686401367188
2.0 10.134381 -568.2527465820312 134.2195587158203
3.0 10.134381 154.73675537109375 -603.7724609375
4.0 10.134381 187.9858856201172 128.1210174560547
5.0 10.134381 39.58966064453125 -529.3988647460938
6.0 10.134381 212.4992218017578 83.85636138916016
7.0 10.134381 -354.07855224609375 134.6565704345703
8.0 10.134381 115.26094818115234 139.65164184570312
9.0 10.134381 138.8623046875 61.36103057861328
10.0 10.134381 91.14248657226562 51.79856872558594
11.0 10.134381 153.6768341064453 118.3557357788086
12.0 10.134381 85.63507843017578 87.81715393066406
13.0 10.134381 217.0627899169922 148.4777069091797
14.0 10.134381 53.46626281738281 73.06947326660156
15.0 10.134381 112.85916137695312 139.58546447753906
16.0 10.134381 228.4613037109375 131.7357635498047
17.0 10.134381 137.1638946533203 98.03888702392578
18.0 10.134381 31.980899810791016 138.87425231933594
0.0 10.180445999 398.94610595703125 -82.69918823242188
1.0 10.180445999 153.5309600830078 262.5137634277344
2.0 10.180445999 -598.2601928710938 132.58226013183594
3.0 10.180445999 153.95123291015625 -634.6268920898438
4.0 10.180445999 191.32180786132812 122.6025390625
5.0 10.180445999 37.6307258605957 -632.3720092773438
6.0 10.180445999 212.1781463623047 76.69185638427734
7.0 10.180445999 -385.646240234375 132.96473693847656
8.0 10.180445999 119.97124481201172 140.6674041748047
9.0 10.180445999 136.33950805664062 60.54522705078125
10.0 10.180445999 88.45315551757812 55.366397857666016
11.0 10.180445999 157.02276611328125 116.32556915283203
12.0 10.180445999 85.6269760131836 91.1127700805664
13.0 10.180445999 222.17530822753906 140.87844848632812
14.0 10.180445999 52.384857177734375 79.78040313720703
15.0 10.180445999 117.55319213867188 140.77825927734375
16.0 10.180445999 231.8131866455078 122.99591827392578
17.0 10.180445999 138.25186157226562 97.11507415771484
18.0 10.180445999 36.9833869934082 147.35391235351562
0.0 10.226510999 423.94610595703125 -107.69918823242188
1.0 10.226510999 133.89654541015625 335.08856201171875
2.0 10.226510999 -604.9793701171875 132.91639709472656
3.0 10.226510999 154.86546325683594 -663.9072875976562
4.0 10.226510999 194.0695343017578 118.53080749511719
5.0 10.226510999 42.22749328613281 -658.7283325195312
6.0 10.226510999 211.18910217285156 71.15605163574219
7.0 10.226510999 -391.88262939453125 133.60433959960938
8.0 10.226510999 124.93153381347656 142.97901916503906
9.0 10.226510999 133.7912139892578 61.61330032348633
10.0 10.226510999 86.13170623779297 60.630741119384766
11.0 10.226510999 160.08499145507812 115.69928741455078
12.0 10.226510999 85.84581756591797 95.88821411132812
13.0 10.226510999 226.54774475097656 134.50289916992188
14.0 10.226510999 52.03672790527344 88.0931625366211
15.0 10.226510999 122.53932189941406 143.26756286621094
16.0 10.226510999 234.7518310546875 115.4355239868164
17.0 10.226510999 139.25045776367188 97.65260314941406
18.0 10.226510999 42.715599060058594 156.72036743164062
0.0 10.272576999 7.94610595703125 -11.699188232421875
1.0 10.272576999 132.8967742919922 478.12786865234375
2.0 10.272576999 -624.7090454101562 133.20913696289062
3.0 10.272576999 147.89508056640625 -696.139892578125
4.0 10.272576999 197.78878784179688 113.96632385253906
5.0 10.272576999 35.98832702636719 -700.011962890625
6.0 10.272576999 211.01971435546875 65.3399887084961
7.0 10.272576999 -409.472412109375 136.22268676757812
8.0 10.272576999 98.21350860595703 107.71553039550781
9.0 10.272576999 132.70025634765625 62.66254806518555
10.0 10.272576999 85.45954895019531 65.74695587158203
11.0 10.272576999 164.3899688720703 114.45772552490234
12.0 10.272576999 87.67646789550781 100.30707550048828
13.0 10.272576999 231.54986572265625 127.61386108398438
14.0 10.272576999 53.56897735595703 96.08309173583984
15.0 10.272576999 128.89585876464844 144.8651123046875
16.0 10.272576999 239.30844116210938 107.43618774414062
17.0 10.272576999 141.55148315429688 97.93689727783203
18.0 10.272576999 29.17294692993164 144.43531799316406
0.0 10.318642 71.12677764892578 -21.051164627075195
1.0 10.318642 140.41749572753906 517.874755859375
2.0 10.318642 -638.855712890625 127.02570343017578
3.0 10.318642 135.52247619628906 -720.0921020507812
4.0 10.318642 196.21231079101562 105.52579498291016
5.0 10.318642 22.961196899414062 -721.547607421875
6.0 10.318642 205.00682067871094 56.05843734741211
7.0 10.318642 -431.55987548828125 118.10606384277344
8.0 10.318642 96.38612365722656 109.17818450927734
9.0 10.318642 159.2537841796875 38.750030517578125
10.0 10.318642 79.5623779296875 68.74496459960938
11.0 10.318642 163.5586700439453 109.4946517944336
12.0 10.318642 84.80244445800781 102.3323745727539
13.0 10.318642 231.2117462158203 116.3089599609375
14.0 10.318642 50.66189956665039 102.3235855102539
15.0 10.318642 130.63099670410156 143.0926055908203
16.0 10.318642 234.1435089111328 96.25406646728516
17.0 10.318642 138.72772216796875 95.0471420288086
18.0 10.318642 31.211030960083008 153.0528106689453
0.0 10.364706999 69.167236328125 -52.35540771484375
1.0 10.364706999 146.22674560546875 578.4542236328125
2.0 10.364706999 -675.1163940429688 137.47616577148438
3.0 10.364706999 135.41952514648438 -677.3099365234375
4.0 10.364706999 194.58274841308594 95.80583190917969
5.0 10.364706999 9.220165252685547 -735.2560424804688
6.0 10.364706999 198.50396728515625 46.01435470581055
7.0 10.364706999 -441.8304138183594 63.89314651489258
8.0 10.364706999 95.6307601928711 110.05430603027344
9.0 10.364706999 150.77203369140625 33.54867935180664
10.0 10.364706999 74.78929901123047 71.6388168334961
11.0 10.364706999 163.05972290039062 103.59756469726562
12.0 10.364706999 83.01433563232422 103.9908447265625
13.0 10.364706999 230.7860565185547 103.48453521728516
14.0 10.364706999 49.4739990234375 108.35259246826172
15.0 10.364706999 133.49795532226562 140.15676879882812
16.0 10.364706999 231.987060546875 82.89506530761719
17.0 10.364706999 136.43930053710938 91.52037811279297
18.0 10.364706999 35.30269241333008 160.95228576660156
0.0 10.410772999 69.10218048095703 -82.92961120605469
1.0 10.410772999 151.7228546142578 572.6201171875
2.0 10.410772999 -701.7196044921875 140.27244567871094
3.0 10.410772999 128.4171905517578 -702.068603515625
4.0 10.410772999 193.47860717773438 90.5716552734375
5.0 10.410772999 -84.6042709350586 -736.2280883789062
6.0 10.410772999 194.4510040283203 40.680381774902344
7.0 10.410772999 -468.89190673828125 70.72718811035156
8.0 10.410772999 95.74989318847656 111.28187561035156
9.0 10.410772999 145.73883056640625 31.23468589782715
10.0 10.410772999 72.40225982666016 74.44348907470703
11.0 10.410772999 162.9204559326172 100.42176055908203
12.0 10.410772999 82.49774169921875 105.7728500366211
13.0 10.410772999 230.44769287109375 96.10369873046875
14.0 10.410772999 49.6363525390625 112.76547241210938
15.0 10.410772999 135.46121215820312 138.78793334960938
16.0 10.410772999 230.2042694091797 75.42314910888672
17.0 10.410772999 135.29275512695312 90.08863830566406
18.0 10.410772999 38.765830993652344 166.27688598632812
0.0 10.456838 66.96715545654297 -114.02040100097656
1.0 10.456838 155.00537109375 582.7166748046875
2.0 10.456838 -741.130859375 142.6907196044922
3.0 10.456838 122.514892578125 -731.7560424804688
4.0 10.456838 193.08721923828125 86.06996154785156
5.0 10.456838 109.3957290649414 -1022.2280883789062
6.0 10.456838 191.14439392089844 36.23295211791992
7.0 10.456838 -489.32794189453125 77.8515625
8.0 10.456838 96.66178131103516 112.6963882446289
9.0 10.456838 141.66812133789062 29.74955177307129
10.0 10.456838 71.040771484375 77.36113739013672
11.0 10.456838 163.42356872558594 97.79431915283203
12.0 10.456838 82.69717407226562 107.64275360107422
13.0 10.456838 230.4900360107422 89.47431182861328
14.0 10.456838 50.80921936035156 117.0802001953125
15.0 10.456838 138.0143280029297 137.6570281982422
16.0 10.456838 228.78543090820312 68.84359741210938
17.0 10.456838 134.9424285888672 89.05624389648438
18.0 10.456838 43.04601287841797 171.08154296875
0.0 10.502904 72.30075073242188 -145.409423828125
1.0 10.502904 162.22064208984375 599.2772216796875
2.0 10.502904 -753.71142578125 148.9113006591797
3.0 10.502904 115.12211608886719 -757.3809204101562
4.0 10.502904 189.9487762451172 81.81665802001953
5.0 10.502904 101.69158935546875 -1047.5882568359375
6.0 10.502904 185.7317352294922 32.155860900878906
7.0 10.502904 -598.8512573242188 86.3106689453125
8.0 10.502904 95.01605224609375 113.30464935302734
9.0 10.502904 135.7526397705078 28.27654266357422
10.0 10.502904 67.65258026123047 79.33039855957031
11.0 10.502904 161.26531982421875 95.06471252441406
12.0 10.502904 80.55265808105469 108.74824523925781
13.0 10.502904 227.7583770751953 83.30990600585938
14.0 10.502904 49.56028366088867 120.15609741210938
15.0 10.502904 137.50892639160156 136.10787963867188
16.0 10.502904 224.912109375 62.97996520996094
17.0 10.502904 132.18467712402344 87.74021911621094
18.0 10.502904 44.455162048339844 174.3535919189453
0.0 10.548968999 73.92254638671875 -176.45045471191406
1.0 10.548968999 165.46385192871094 622.1084594726562
2.0 10.548968999 -769.6653442382812 155.13418579101562
3.0 10.548968999 108.3281021118164 -781.3585815429688
4.0 10.548968999 186.74130249023438 79.90414428710938
5.0 10.548968999 93.66554260253906 -1073.3555908203125
6.0 10.548968999 180.6768798828125 30.41131591796875
7.0 10.548968999 -783.4237060546875 -260.88616943359375
8.0 10.548968999 92.9909896850586 115.31520080566406
9.0 10.548968999 130.27835083007812 28.72995376586914
10.0 10.548968999 64.39797973632812 82.49887084960938
11.0 10.548968999 158.77040100097656 94.34834289550781
12.0 10.548968999 78.03380584716797 111.196533203125
13.0 10.548968999 224.84225463867188 79.78273010253906
14.0 10.548968999 48.021705627441406 124.10858154296875
15.0 10.548968999 136.4159393310547 136.3262176513672
16.0 10.548968999 220.9527130126953 59.73486328125
17.0 10.548968999 129.21434020996094 88.277099609375
18.0 10.548968999 44.89242172241211 192.25787353515625
0.0 10.595033999 63.91386032104492 -207.9084014892578
1.0 10.595033999 163.84385681152344 651.0093383789062
2.0 10.595033999 -801.9065551757812 159.6107940673828
3.0 10.595033999 102.63626861572266 -809.7337036132812
4.0 10.595033999 183.07728576660156 76.93875122070312
5.0 10.595033999 88.11402893066406 -1102.1280517578125
6.0 10.595033999 175.7647247314453 27.700000762939453
7.0 10.595033999 -808.4237060546875 -298.38616943359375
8.0 10.595033999 90.39495086669922 115.04795837402344
9.0 10.595033999 125.31096649169922 27.416030883789062
10.0 10.595033999 60.78226089477539 83.14390563964844
11.0 10.595033999 155.69631958007812 92.15725708007812
12.0 10.595033999 75.00498962402344 111.24217224121094
13.0 10.595033999 221.28700256347656 75.46635437011719
14.0 10.595033999 45.894866943359375 125.3735122680664
15.0 10.595033999 134.4182586669922 134.76034545898438
16.0 10.595033999 216.86375427246094 55.99217987060547
17.0 10.595033999 125.8382797241211 86.96791076660156
18.0 10.595033999 44.55836486816406 223.4304656982422
0.0 10.6411 75.37593841552734 -238.79771423339844
1.0 10.6411 176.5994110107422 661.8182373046875
2.0 10.6411 -838.1981201171875 162.000244140625
3.0 10.6411 95.67442321777344 -838.6152954101562
4.0 10.6411 178.7834014892578 72.75375366210938
5.0 10.6411 81.43112182617188 -1129.4921875
6.0 10.6411 170.0423583984375 23.78587532043457
7.0 10.6411 -870.9237060546875 -348.38616943359375
8.0 10.6411 87.33859252929688 113.96270751953125
9.0 10.6411 119.34821319580078 25.262651443481445
10.0 10.6411 56.639469146728516 83.20480346679688
11.0 10.6411 152.0829315185547 88.79950714111328
12.0 10.6411 71.586181640625 110.54617309570312
13.0 10.6411 217.47134399414062 70.0418472290039
14.0 10.6411 43.49601745605469 125.9552230834961
15.0 10.6411 131.93955993652344 132.0953826904297
16.0 10.6411 211.9625244140625 50.774566650390625
17.0 10.6411 121.83860778808594 84.66281127929688
18.0 10.6411 42.82146453857422 259.57708740234375
0.0 10.687165 72.9065170288086 -270.1375732421875
1.0 10.687165 169.53741455078125 731.5068969726562
2.0 10.687165 -862.126220703125 162.55313110351562
3.0 10.687165 92.3998794555664 -868.7459106445312
4.0 10.687165 176.26870727539062 71.34270477294922
5.0 10.687165 79.1263427734375 -1160.605224609375
6.0 10.687165 167.18099975585938 22.472640991210938
7.0 10.687165 -920.9237060546875 -373.38616943359375
8.0 10.687165 85.35009765625 113.55674743652344
9.0 10.687165 116.4542007446289 24.510183334350586
10.0 10.687165 54.24884033203125 83.1556625366211
11.0 10.687165 149.85130310058594 87.66060638427734
12.0 10.687165 69.31391906738281 110.27311706542969
13.0 10.687165 215.052734375 67.96815490722656
14.0 10.687165 41.725379943847656 126.09974670410156
15.0 10.687165 130.09054565429688 131.1976776123047
16.0 10.687165 209.3734893798828 48.99630355834961
17.0 10.687165 119.48274230957031 83.92684173583984
18.0 10.687165 41.07736587524414 297.25848388671875
0.0 10.733229999 72.04619598388672 -301.5554504394531
1.0 10.733229999 168.6890869140625 765.41650390625
2.0 10.733229999 -886.1600341796875 163.93228149414062
3.0 10.733229999 90.88957977294922 -888.3641357421875
4.0 10.733229999 176.07626342773438 73.04104614257812
5.0 10.733229999 78.61727142333984 -1190.7506103515625
6.0 10.733229999 167.14569091796875 24.048686981201172
7.0 10.733229999 -995.9237060546875 -373.38616943359375
8.0 10.733229999 84.9953384399414 114.82429504394531
9.0 10.733229999 116.4437484741211 25.907800674438477
10.0 10.733229999 53.90485382080078 84.29409790039062
11.0 10.733229999 149.6912841796875 89.21212005615234
12.0 10.733229999 68.73835754394531 111.48588562011719
13.0 10.733229999 214.8902587890625 69.5872573852539
14.0 10.733229999 41.40231704711914 127.07500457763672
15.0 10.733229999 129.68087768554688 132.74392700195312
16.0 10.733229999 209.2889862060547 50.67231750488281
17.0 10.733229999 119.20758056640625 85.41851043701172
18.0 10.733229999 39.724891662597656 328.5725402832031
0.0 10.779295999 72.917236328125 -332.6840515136719
1.0 10.779295999 170.5577392578125 785.5602416992188
2.0 10.779295999 -902.302490234375 166.10643005371094
3.0 10.779295999 95.57508087158203 -950.3554077148438
4.0 10.779295999 178.46945190429688 76.97066497802734
5.0 10.779295999 86.19962310791016 -1221.0667724609375
6.0 10.779295999 170.11019897460938 27.715885162353516
7.0 10.779295999 -1014.6737060546875 -429.63616943359375
8.0 10.779295999 86.94781494140625 117.3869400024414
9.0 10.779295999 119.49173736572266 28.892038345336914
10.0 10.779295999 56.07667541503906 86.32826232910156
11.0 10.779295999 151.89720153808594 92.66229248046875
12.0 10.779295999 70.59784698486328 113.86493682861328
13.0 10.779295999 217.20742797851562 73.78759765625
14.0 10.779295999 43.0749397277832 128.7123565673828
15.0 10.779295999 131.34390258789062 136.0487823486328
16.0 10.779295999 211.90313720703125 54.73012924194336
17.0 10.779295999 121.43549346923828 88.5170669555664
18.0 10.779295999 40.46519088745117 358.2668151855469
0.0 10.825361 64.18915557861328 -363.8494873046875
1.0 10.825361 168.54425048828125 838.4241943359375
2.0 10.825361 -929.5498046875 164.86753845214844
3.0 10.825361 110.60114288330078 -1016.317626953125
4.0 10.825361 181.5995635986328 82.70195770263672
5.0 10.825361 101.05193328857422 -1266.2730712890625
6.0 10.825361 174.83316040039062 33.05085754394531
7.0 10.825361 -1214.6737060546875 -329.63616943359375
8.0 10.825361 88.59674072265625 119.47274017333984
9.0 10.825361 124.4266357421875 32.245853424072266
10.0 10.825361 58.661155700683594 87.1194839477539
11.0 10.825361 154.3042449951172 97.17501068115234
12.0 10.825361 72.26973724365234 115.44995880126953
13.0 10.825361 213.6392364501953 77.91992950439453
14.0 10.825361 44.14262771606445 128.86875915527344
15.0 10.825361 132.09828186035156 140.01173400878906
16.0 10.825361 215.73016357421875 61.35844802856445
17.0 10.825361 124.00474548339844 92.0753173828125
18.0 10.825361 40.7368049621582 379.9496765136719
0.0 10.871427 69.81350708007812 -394.73004150390625
1.0 10.871427 166.0943145751953 859.0432739257812
2.0 10.871427 -974.6353759765625 169.99452209472656
3.0 10.871427 123.6483383178711 -1151.6968994140625
4.0 10.871427 184.14385986328125 89.08439636230469
5.0 10.871427 116.88223266601562 -1306.1473388671875
6.0 10.871427 180.39700317382812 38.99325180053711
7.0 10.871427 -1264.6737060546875 -329.63616943359375
8.0 10.871427 88.99679565429688 119.50119018554688
9.0 10.871427 130.4220733642578 34.7497444152832
10.0 10.871427 60.845306396484375 85.2707290649414
11.0 10.871427 155.6890869140625 101.43264770507812
12.0 10.871427 72.88578796386719 114.76424407958984
13.0 10.871427 214.3392333984375 77.43988037109375
14.0 10.871427 43.83129119873047 125.79320526123047
15.0 10.871427 130.86904907226562 143.05154418945312
16.0 10.871427 219.59556579589844 69.50850677490234
17.0 10.871427 125.89019012451172 94.61100769042969
18.0 10.871427 37.524085998535156 408.3056335449219
0.0 10.917491999 70.80436706542969 -426.78704833984375
1.0 10.917491999 164.57505798339844 891.2182006835938
2.0 10.917491999 -1013.5794067382812 166.3878173828125
3.0 10.917491999 148.3755340576172 -1189.29345703125
4.0 10.917491999 186.12484741210938 95.6835708618164
5.0 10.917491999 141.55992126464844 -1358.3289794921875
6.0 10.917491999 185.65670776367188 45.44556427001953
7.0 10.917491999 -1064.6737060546875 -329.63616943359375
8.0 10.917491999 89.12223052978516 119.17041778564453
9.0 10.917491999 136.35104370117188 37.45642852783203
10.0 10.917491999 63.12486267089844 82.9897689819336
11.0 10.917491999 156.49032592773438 105.662353515625
12.0 10.917491999 73.28280639648438 113.63542175292969
13.0 10.917491999 216.72035217285156 85.81070709228516
14.0 10.917491999 43.459693908691406 121.98860168457031
15.0 10.917491999 128.9339141845703 145.76425170898438
16.0 10.917491999 222.98597717285156 78.21420288085938
17.0 10.917491999 127.40298461914062 97.061279296875
18.0 10.917491999 37.42390441894531 467.447998046875
0.0 10.963557 75.09480285644531 -458.3368225097656
1.0 10.963557 159.89151000976562 906.8770141601562
2.0 10.963557 -1025.5245361328125 161.87437438964844
3.0 10.963557 119.92125701904297 -1599.8800048828125
4.0 10.963557 186.3294219970703 102.36710357666016
5.0 10.963557 220.1570587158203 -1393.486328125
6.0 10.963557 189.23118591308594 52.044490814208984
7.0 10.963557 -1102.1737060546875 -354.63616943359375
8.0 10.963557 87.97612762451172 118.80982971191406
9.0 10.963557 140.67471313476562 40.46980667114258
10.0 10.963557 64.25701141357422 80.90125274658203
11.0 10.963557 155.87167358398438 109.92879486083984
12.0 10.963557 72.57185363769531 112.5806884765625
13.0 10.963557 217.34877014160156 94.01628875732422
14.0 10.963557 42.31901931762695 118.1951904296875
15.0 10.963557 125.76119995117188 148.26490783691406
16.0 10.963557 224.52915954589844 86.94232940673828
17.0 10.963557 127.56592559814453 99.60475158691406
18.0 10.963557 41.988399505615234 503.6462707519531
0.0 11.009623 66.39266204833984 -489.57379150390625
1.0 11.009623 155.6571044921875 909.8016967773438
2.0 11.009623 -1048.574462890625 162.2146759033203
3.0 11.009623 121.05835723876953 -1633.141357421875
4.0 11.009623 186.37615966796875 108.1546859741211
5.0 11.009623 227.15902709960938 -1399.5137939453125
6.0 11.009623 192.6596221923828 57.92322540283203
7.0 11.009623 -1002.1737060546875 -404.63616943359375
8.0 11.009623 87.18885803222656 117.42832946777344
9.0 11.009623 145.31121826171875 42.82758331298828
10.0 11.009623 65.8677749633789 77.86348724365234
11.0 11.009623 155.20591735839844 113.12688446044922
12.0 11.009623 72.1944808959961 110.47503662109375
13.0 11.009623 217.74957275390625 101.45355987548828
14.0 11.009623 41.74985122680664 113.24913787841797
15.0 11.009623 122.6865234375 149.50918579101562
16.0 11.009623 225.80535888671875 94.85924530029297
17.0 11.009623 127.82658386230469 101.09626770019531
18.0 11.009623 42.22128677368164 538.821044921875
0.0 11.055688 71.63772583007812 -520.5534057617188
1.0 11.055688 155.15216064453125 933.2971801757812
2.0 11.055688 -1051.0196533203125 164.6753692626953
3.0 11.055688 122.20130920410156 -1663.7825927734375
4.0 11.055688 183.9668426513672 112.1534652709961
5.0 11.055688 233.18898010253906 -1415.9427490234375
6.0 11.055688 193.9080352783203 62.29108810424805
7.0 11.055688 -877.1737060546875 -554.6361694335938
8.0 11.055688 84.47863006591797 113.88423919677734
9.0 11.055688 147.89892578125 43.654144287109375
10.0 11.055688 65.8746566772461 72.89691925048828
11.0 11.055688 152.4366912841797 114.40731811523438
12.0 11.055688 70.08492279052734 106.36016082763672
13.0 11.055688 215.67523193359375 107.13859558105469
14.0 11.055688 39.66303634643555 106.40968322753906
15.0 11.055688 117.57878112792969 148.5973358154297
16.0 11.055688 224.7176055908203 101.37763214111328
17.0 11.055688 126.13709259033203 100.78564453125
18.0 11.055688 33.9886360168457 532.3532104492188
0.0 11.101752999 70.29342651367188 -551.6742553710938
1.0 11.101752999 154.6844482421875 932.35693359375
2.0 11.101752999 -1104.401123046875 191.68798828125
3.0 11.101752999 120.40213012695312 -1694.5194091796875
4.0 11.101752999 181.406982421875 116.4970474243164
5.0 11.101752999 326.263671875 -1367.2855224609375
6.0 11.101752999 195.05929565429688 67.39420318603516
7.0 11.101752999 -889.6737060546875 -304.63616943359375
8.0 11.101752999 82.15023803710938 110.4900894165039
9.0 11.101752999 150.71119689941406 45.30474853515625
10.0 11.101752999 66.41211700439453 68.28154754638672
11.0 11.101752999 149.56329345703125 115.87937927246094
12.0 11.101752999 68.35794067382812 102.41817474365234
13.0 11.101752999 213.37994384765625 113.40697479248047
14.0 11.101752999 38.24650573730469 99.60739135742188
15.0 11.101752999 119.93866729736328 148.6259002685547
16.0 11.101752999 223.34628295898438 108.46814727783203
17.0 11.101752999 124.52069091796875 100.80874633789062
18.0 11.101752999 40.13458251953125 533.1384887695312
0.0 11.147818999 58.280029296875 -583.06396484375
1.0 11.147818999 150.0146484375 947.1329345703125
2.0 11.147818999 -1152.401123046875 167.68798828125
3.0 11.147818999 128.69113159179688 -1725.9337158203125
4.0 11.147818999 180.38787841796875 120.6490249633789
5.0 11.147818999 726.263671875 -1067.2855224609375
6.0 11.147818999 197.1138458251953 72.27855682373047
7.0 11.147818999 -4217.673828125 24783.36328125
8.0 11.147818999 81.84518432617188 108.04622650146484
9.0 11.147818999 154.49876403808594 47.19375991821289
10.0 11.147818999 68.61175537109375 64.9046630859375
11.0 11.147818999 148.61212158203125 117.45099639892578
12.0 11.147818999 68.44390869140625 99.39775085449219
13.0 11.147818999 212.48617553710938 119.10999298095703
14.0 11.147818999 38.91515350341797 94.18608856201172
15.0 11.147818999 116.98865509033203 148.4943084716797
16.0 11.147818999 223.2088165283203 114.90840148925781
17.0 11.147818999 124.60079193115234 101.19818878173828
18.0 11.147818999 41.63599395751953 534.67822265625
0.0 11.193884 60.58317184448242 -613.126220703125
1.0 11.193884 148.5670928955078 966.74755859375
2.0 11.193884 -1181.5882568359375 162.50897216796875
3.0 11.193884 129.0309600830078 -1756.398193359375
4.0 11.193884 181.30209350585938 124.61475372314453
5.0 11.193884 826.263671875 -1067.2855224609375
6.0 11.193884 200.72927856445312 76.99957275390625
7.0 11.193884 -4220.798828125 24788.05078125
8.0 11.193884 83.85885620117188 106.03726196289062
9.0 11.193884 159.8313446044922 49.47258758544922
10.0 11.193884 72.82653045654297 62.189456939697266
11.0 11.193884 149.74868774414062 119.13111114501953
12.0 11.193884 70.84295654296875 96.9078140258789
13.0 11.193884 213.5635986328125 124.541015625
14.0 11.193884 41.89719009399414 89.56739044189453
15.0 11.193884 116.444091796875 148.44973754882812
16.0 11.193884 224.7689208984375 120.98129272460938
17.0 11.193884 126.77749633789062 101.81584167480469
18.0 11.193884 43.949371337890625 553.332275390625
0.0 11.239948999 123.08781433105469 -643.2128295898438
1.0 11.239948999 -155.66297912597656 1187.630126953125
2.0 11.239948999 -1209.56689453125 153.34646606445312
3.0 11.239948999 130.16824340820312 -1787.3568115234375
4.0 11.239948999 181.18922424316406 129.64566040039062
5.0 11.239948999 1076.263671875 -967.2855224609375
6.0 11.239948999 204.10731506347656 83.25200653076172
7.0 11.239948999 -4220.798828125 24838.05078125
8.0 11.239948999 85.56109619140625 103.55497741699219
9.0 11.239948999 165.63938903808594 52.59180450439453
10.0 11.239948999 77.5923080444336 58.9130973815918
11.0 11.239948999 150.19400024414062 121.28357696533203
12.0 11.239948999 73.23736572265625 93.88671112060547
13.0 11.239948999 213.5340118408203 131.6012725830078
14.0 11.239948999 45.08907699584961 83.77643585205078
15.0 11.239948999 114.7837142944336 148.22230529785156
16.0 11.239948999 225.3313446044922 128.76315307617188
17.0 11.239948999 128.58580017089844 102.72415924072266
18.0 11.239948999 50.551815032958984 578.7708129882812
0.0 11.286014999 121.8316879272461 -673.6966552734375
1.0 11.286014999 -218.16297912597656 1187.630126953125
2.0 11.286014999 -1230.3597412109375 155.63571166992188
3.0 11.286014999 123.96214294433594 -1818.2789306640625
4.0 11.286014999 178.72781372070312 133.6459197998047
5.0 11.286014999 1101.263671875 -967.2855224609375
6.0 11.286014999 204.90187072753906 88.66349029541016
7.0 11.286014999 -4283.298828125 24838.05078125
8.0 11.286014999 85.34378814697266 100.7132568359375
9.0 11.286014999 168.7076416015625 55.33677673339844
10.0 11.286014999 80.2657470703125 55.598628997802734
11.0 11.286014999 148.4583282470703 122.6730728149414
12.0 11.286014999 73.73136138916016 90.6876449584961
13.0 11.286014999 211.04119873046875 137.4643096923828
14.0 11.286014999 46.480281829833984 78.08565521240234
15.0 11.286014999 111.15312194824219 147.20445251464844
16.0 11.286014999 223.325927734375 135.33975219726562
17.0 11.286014999 128.22496032714844 103.01094055175781
18.0 11.286014999 47.61212921142578 617.8531494140625
0.0 11.33208 120.68548583984375 -704.4194946289062
1.0 11.33208 -118.16297912597656 1262.630126953125
2.0 11.33208 -1245.9769287109375 157.81077575683594
3.0 11.33208 135.3599090576172 -1849.5196533203125
4.0 11.33208 176.1400604248047 137.8475799560547
5.0 11.33208 1176.263671875 -954.7855224609375
6.0 11.33208 205.17086791992188 94.36791229248047
7.0 11.33208 -4183.298828125 24913.05078125
8.0 11.33208 85.14894104003906 98.73612213134766
9.0 11.33208 171.30413818359375 58.662086486816406
10.0 11.33208 82.83283233642578 53.27483367919922
11.0 11.33208 146.61264038085938 124.53841400146484
12.0 11.33208 74.1962890625 88.36927032470703
13.0 11.33208 208.24851989746094 143.51312255859375
14.0 11.33208 48.12882995605469 73.55353546142578
15.0 11.33208 107.80223083496094 146.70245361328125
16.0 11.33208 220.96487426757812 142.0802764892578
17.0 11.33208 127.6839370727539 103.91649627685547
18.0 11.33208 47.99396896362305 646.911376953125
0.0 11.378146 118.05735778808594 -717.3428344726562
1.0 11.378146 -6.1629791259765625 1462.630126953125
2.0 11.378146 -1251.0364990234375 147.9131317138672
3.0 11.378146 139.89080810546875 -1880.7275390625
4.0 11.378146 173.42112731933594 140.27865600585938
5.0 11.378146 1176.263671875 -942.2855224609375
6.0 11.378146 205.11920166015625 98.35249328613281
7.0 11.378146 -3983.298828125 25113.05078125
8.0 11.378146 85.0966796875 95.33332824707031
9.0 11.378146 173.61245727539062 60.55400466918945
10.0 11.378146 85.51841735839844 49.76388168334961
11.0 11.378146 144.83839416503906 124.63969421386719
12.0 11.378146 74.80154418945312 84.72955322265625
13.0 11.378146 205.1954345703125 147.6454315185547
14.0 11.378146 49.886436462402344 67.93034362792969
15.0 11.378146 104.6676025390625 144.59596252441406
16.0 11.378146 218.38253784179688 146.93063354492188
17.0 11.378146 127.2316665649414 103.3099365234375
18.0 11.378146 44.96230697631836 681.2533569335938
0.0 11.424210999 117.11203002929688 -730.4519653320312
1.0 11.424210999 -332.713623046875 1711.82666015625
2.0 11.424210999 -1230.6700439453125 147.0181884765625
3.0 11.424210999 138.64816284179688 -1911.8560791015625
4.0 11.424210999 170.318115234375 143.92799377441406
5.0 11.424210999 1195.013671875 -948.5355224609375
6.0 11.424210999 204.46250915527344 103.71942138671875
7.0 11.424210999 -2383.298828125 27113.05078125
8.0 11.424210999 84.91996002197266 93.57931518554688
9.0 11.424210999 175.52053833007812 63.975765228271484
10.0 11.424210999 88.1277084350586 48.05990219116211
11.0 11.424210999 142.76925659179688 126.28478240966797
12.0 11.424210999 75.37006378173828 82.79927062988281
13.0 11.424210999 201.62908935546875 153.11605834960938
14.0 11.424210999 51.760719299316406 64.03367614746094
15.0 11.424210999 101.51173400878906 143.9158172607422
16.0 11.424210999 215.30245971679688 153.09288024902344
17.0 11.424210999 126.47785949707031 104.2284927368164
18.0 11.424210999 43.86017608642578 714.7982177734375
0.0 11.470275999 121.21255493164062 -771.137451171875
1.0 11.470275999 -382.713623046875 1611.82666015625
2.0 11.470275999 -1260.292724609375 138.96875
3.0 11.470275999 139.2272186279297 -1942.8638916015625
4.0 11.470275999 168.3253173828125 149.14305114746094
5.0 11.470275999 1205.951171875 -949.3167724609375
6.0 11.470275999 204.89466857910156 110.96110534667969
7.0 11.470275999 -2433.298828125 27013.05078125
8.0 11.470275999 86.55879211425781 93.10981750488281
9.0 11.470275999 178.7943878173828 69.40438842773438
10.0 11.470275999 92.67688751220703 47.807037353515625
11.0 11.470275999 142.03016662597656 129.42568969726562
12.0 11.470275999 77.68975830078125 82.15667724609375
13.0 11.470275999 199.0327606201172 160.1107177734375
14.0 11.470275999 55.61760330200195 61.40504455566406
15.0 11.470275999 99.7784194946289 144.3486785888672
16.0 11.470275999 213.0908966064453 160.86752319335938
17.0 11.470275999 127.19940185546875 106.6133041381836
18.0 11.470275999 42.55082321166992 738.2081298828125
0.0 11.516342 127.0663833618164 -806.4739379882812
1.0 11.516342 -1182.713623046875 1411.82666015625
2.0 11.516342 -1286.5704345703125 140.5894012451172
3.0 11.516342 157.63540649414062 -1973.9410400390625
4.0 11.516342 167.3769073486328 151.08580017089844
5.0 11.516342 1255.951171875 -961.8167724609375
6.0 11.516342 205.7662353515625 114.60030364990234
7.0 11.516342 -3233.298828125 26813.05078125
8.0 11.516342 88.69322967529297 90.87842559814453
9.0 11.516342 181.99278259277344 71.67546081542969
10.0 11.516342 96.99137878417969 45.85001754760742
11.0 11.516342 142.21446228027344 129.72059631347656
12.0 11.516342 80.29539489746094 79.75173950195312
13.0 11.516342 197.54962158203125 163.5220947265625
14.0 11.516342 59.452171325683594 57.67181396484375
15.0 11.516342 99.23286437988281 142.662109375
16.0 11.516342 211.81973266601562 164.88107299804688
17.0 11.516342 128.5203857421875 106.51628112792969
18.0 11.516342 42.75839614868164 757.0591430664062
0.0 11.562407 131.07232666015625 -853.600830078125
1.0 11.562407 -1157.713623046875 1511.82666015625
2.0 11.562407 -1293.0565185546875 144.3783721923828
3.0 11.562407 159.5570068359375 -2004.9095458984375
4.0 11.562407 167.58233642578125 155.26544189453125
5.0 11.562407 1268.451171875 -986.8167724609375
6.0 11.562407 207.57545471191406 120.29479217529297
7.0 11.562407 -3208.298828125 26913.05078125
8.0 11.562407 91.8958969116211 91.47882843017578
9.0 11.562407 185.85784912109375 76.37834167480469
10.0 11.562407 102.10171508789062 46.75096130371094
11.0 11.562407 143.47613525390625 132.584716796875
12.0 11.562407 83.92345428466797 80.21074676513672
13.0 11.562407 197.22068786621094 168.8858642578125
14.0 11.562407 64.25379943847656 56.93794250488281
15.0 11.562407 99.93779754638672 143.59510803222656
16.0 11.562407 211.70155334472656 170.82318115234375
17.0 11.562407 130.84156799316406 108.93022918701172
18.0 11.562407 46.85471725463867 786.6273193359375
0.0 11.608471999 137.2509002685547 -887.9014892578125
1.0 11.608471999 -1159.276123046875 1511.82666015625
2.0 11.608471999 -1310.524658203125 138.59036254882812
3.0 11.608471999 159.74685668945312 -2035.84033203125
4.0 11.608471999 166.61575317382812 157.98394775390625
5.0 11.608471999 1280.951171875 -1002.4417724609375
6.0 11.608471999 207.9512481689453 124.39749908447266
7.0 11.608471999 -3209.861328125 26913.05078125
8.0 11.608471999 93.4991683959961 91.2747802734375
9.0 11.608471999 188.01925659179688 79.67974090576172
10.0 11.608471999 105.26225280761719 46.83798599243164
11.0 11.608471999 143.5358428955078 134.26556396484375
12.0 11.608471999 85.89567565917969 79.95516204833984
13.0 11.608471999 195.79371643066406 172.6200408935547
14.0 11.608471999 67.2535400390625 55.74085998535156
15.0 11.608471999 99.62672424316406 143.6935272216797
16.0 11.608471999 210.70188903808594 175.1366424560547
17.0 11.608471999 131.72091674804688 110.28428649902344
18.0 11.608471999 47.62602996826172 813.4907836914062
0.0 11.654537999 138.60491943359375 -915.0977172851562
1.0 11.654537999 -1215.526123046875 1505.57666015625
2.0 11.654537999 -1339.5364990234375 134.9925537109375
3.0 11.654537999 157.40802001953125 -2067.185546875
4.0 11.654537999 165.260498046875 157.87167358398438
5.0 11.654537999 1305.951171875 -1027.4417724609375
6.0 11.654537999 207.14102172851562 124.86676788330078
7.0 11.654537999 -3266.111328125 26906.80078125
8.0 11.654537999 93.2366714477539 90.00367736816406
9.0 11.654537999 188.00486755371094 79.75030517578125
10.0 11.654537999 105.6459732055664 45.696659088134766
11.0 11.654537999 142.65541076660156 133.71023559570312
12.0 11.654537999 85.75605010986328 78.62709045410156
13.0 11.654537999 194.27291870117188 172.99668884277344
14.0 11.654537999 67.51456451416016 54.10485076904297
15.0 11.654537999 98.49169921875 142.48419189453125
16.0 11.654537999 209.37074279785156 176.10133361816406
17.0 11.654537999 131.08734130859375 109.55686950683594
18.0 11.654537999 82.43831634521484 894.4353637695312
0.0 11.700603 138.9978485107422 -945.71337890625
1.0 11.700603 -1315.526123046875 1555.57666015625
2.0 11.700603 -1362.791748046875 135.8786163330078
3.0 11.700603 156.57652282714844 -2098.034423828125
4.0 11.700603 165.0977020263672 158.02938842773438
5.0 11.700603 1349.701171875 -1036.8167724609375
6.0 11.700603 206.79638671875 124.82393646240234
7.0 11.700603 -3366.111328125 26956.80078125
8.0 11.700603 92.75352478027344 90.5963134765625
9.0 11.700603 187.53839111328125 79.69429779052734
10.0 11.700603 104.97437286376953 46.12833023071289
11.0 11.700603 142.50340270996094 134.07086181640625
12.0 11.700603 85.19993591308594 79.14385986328125
13.0 11.700603 194.16346740722656 172.978271484375
14.0 11.700603 66.9656753540039 54.788490295410156
15.0 11.700603 98.26786804199219 142.9197998046875
16.0 11.700603 209.35943603515625 176.36630249023438
17.0 11.700603 130.6759490966797 109.84793090820312
18.0 11.700603 84.35424041748047 926.5482177734375
0.0 11.746667999 137.10397338867188 -978.6151123046875
1.0 11.746667999 -1315.526123046875 1605.57666015625
2.0 11.746667999 -1390.3568115234375 128.8653564453125
3.0 11.746667999 158.92050170898438 -2128.301513671875
4.0 11.746667999 166.97506713867188 157.34950256347656
5.0 11.746667999 1362.201171875 -1055.5667724609375
6.0 11.746667999 207.62872314453125 122.94638061523438
7.0 11.746667999 -3366.111328125 27006.80078125
8.0 11.746667999 92.62025451660156 92.22892761230469
9.0 11.746667999 187.01345825195312 78.5065689086914
10.0 11.746667999 103.44383239746094 47.30661392211914
11.0 11.746667999 143.7418670654297 134.27975463867188
12.0 11.746667999 84.66434478759766 80.62957763671875
13.0 11.746667999 196.4727783203125 171.38571166992188
14.0 11.746667999 65.62592315673828 57.21635818481445
15.0 11.746667999 99.75692749023438 144.32101440429688
16.0 11.746667999 211.46961975097656 174.2962188720703
17.0 11.746667999 131.1143341064453 110.23880767822266
18.0 11.746667999 85.7519760131836 955.016357421875
0.0 11.792733999 131.74929809570312 -1011.0171508789062
1.0 11.792733999 -1340.526123046875 1605.57666015625
2.0 11.792733999 -1487.61865234375 126.28524780273438
3.0 11.792733999 158.98292541503906 -2159.094482421875
4.0 11.792733999 171.4244384765625 154.70118713378906
5.0 11.792733999 1487.201171875 -1055.5667724609375
6.0 11.792733999 210.12222290039062 118.3170166015625
7.0 11.792733999 -3391.111328125 27006.80078125
8.0 11.792733999 93.5784912109375 93.90540313720703
9.0 11.792733999 187.1311798095703 75.0083236694336
10.0 11.792733999 101.76326751708984 48.315616607666016
11.0 11.792733999 147.11444091796875 133.23533630371094
12.0 11.792733999 84.92457580566406 82.2298583984375
13.0 11.792733999 201.5872039794922 167.06947326660156
14.0 11.792733999 64.45721435546875 60.415794372558594
15.0 11.792733999 103.67256927490234 145.4691925048828
16.0 11.792733999 216.3601531982422 169.30758666992188
17.0 11.792733999 133.0819854736328 109.57958984375
18.0 11.792733999 91.21810150146484 1006.1209106445312
0.0 11.838799 128.8682098388672 -1046.88232421875
1.0 11.838799 -1440.526123046875 1555.57666015625
2.0 11.838799 -1503.778564453125 124.64063262939453
3.0 11.838799 161.547119140625 -2190.051025390625
4.0 11.838799 177.5216064453125 151.878173828125
5.0 11.838799 1737.201171875 -955.5667724609375
6.0 11.838799 214.00108337402344 113.38838958740234
7.0 11.838799 -3491.111328125 26956.80078125
8.0 11.838799 96.3720474243164 95.90859985351562
9.0 11.838799 188.53414916992188 71.48857879638672
10.0 11.838799 101.5654525756836 49.68739700317383
11.0 11.838799 152.24635314941406 132.1641387939453
12.0 11.838799 86.92332458496094 84.14097595214844
13.0 11.838799 208.4553680419922 162.3697509765625
14.0 11.838799 65.10577392578125 64.1512222290039
15.0 11.838799 102.91065216064453 141.573486328125
16.0 11.838799 222.97018432617188 163.8955078125
17.0 11.838799 136.78445434570312 108.92195892333984
18.0 11.838799 98.05086517333984 1042.4261474609375
0.0 11.884865 126.10443878173828 -1081.70361328125
1.0 11.884865 -1590.526123046875 1580.57666015625
2.0 11.884865 -1517.795654296875 125.5872802734375
3.0 11.884865 160.41311645507812 -2220.578369140625
4.0 11.884865 180.7136688232422 149.22955322265625
5.0 11.884865 1687.201171875 -1005.5667724609375
6.0 11.884865 215.7555389404297 109.409912109375
7.0 11.884865 -3641.111328125 26981.80078125
8.0 11.884865 97.48796844482422 96.49419403076172
9.0 11.884865 188.79556274414062 68.54688262939453
10.0 11.884865 100.7373046875 49.95759963989258
11.0 11.884865 154.89816284179688 130.6177520751953
12.0 11.884865 87.51734161376953 84.68424224853516
13.0 11.884865 212.1939239501953 158.4297637939453
14.0 11.884865 64.72473907470703 65.98454284667969
15.0 11.884865 105.65309143066406 141.69265747070312
16.0 11.884865 226.4620361328125 159.49388122558594
17.0 11.884865 138.45506286621094 107.83647155761719
18.0 11.884865 102.74848937988281 1067.08642578125
0.0 11.93093 122.04843139648438 -1102.7386474609375
1.0 11.93093 -1640.526123046875 1480.57666015625
2.0 11.93093 -1535.3828125 129.20071411132812
3.0 11.93093 159.53733825683594 -2250.985595703125
4.0 11.93093 181.65380859375 144.34983825683594
5.0 11.93093 1687.201171875 -1005.5667724609375
6.0 11.93093 215.0453643798828 103.22931671142578
7.0 11.93093 -3691.111328125 26881.80078125
8.0 11.93093 96.31048583984375 95.30569458007812
9.0 11.93093 186.3649139404297 63.43791961669922
10.0 11.93093 97.45108032226562 48.636741638183594
11.0 11.93093 155.29197692871094 127.0291748046875
12.0 11.93093 85.79454040527344 83.62779998779297
13.0 11.93093 213.51698303222656 152.21902465820312
14.0 11.93093 62.15926742553711 66.33985900878906
15.0 11.93093 106.2199478149414 139.93524169921875
16.0 11.93093 227.64208984375 152.93309020996094
17.0 11.93093 137.71011352539062 104.82056427001953
18.0 11.93093 106.60026550292969 1065.1580810546875
0.0 11.976994999 113.80581665039062 -1161.238525390625
1.0 11.976994999 -1634.276123046875 1475.88916015625
2.0 11.976994999 -1579.5667724609375 126.69451904296875
3.0 11.976994999 164.6489715576172 -2282.072021484375
4.0 11.976994999 186.96971130371094 140.2384796142578
5.0 11.976994999 1287.201171875 -1105.5667724609375
6.0 11.976994999 216.8604278564453 96.61658477783203
7.0 11.976994999 -3684.861328125 26877.11328125
8.0 11.976994999 97.84103393554688 98.65475463867188
9.0 11.976994999 184.9984893798828 59.427093505859375
10.0 11.976994999 94.98527526855469 51.76190948486328
11.0 11.976994999 159.4769287109375 125.39889526367188
12.0 11.976994999 86.19290161132812 87.07781219482422
13.0 11.976994999 219.40159606933594 145.25518798828125
14.0 11.976994999 61.011383056640625 72.60033416748047
15.0 11.976994999 111.12577056884766 141.9978485107422
16.0 11.976994999 233.23092651367188 145.07693481445312
17.0 11.976994999 139.88600158691406 104.31327056884766
18.0 11.976994999 59.46045684814453 1120.4146728515625
0.0 12.023060999 111.92852783203125 -1198.548583984375
1.0 12.023060999 -1634.276123046875 1525.88916015625
2.0 12.023060999 -1611.4095458984375 130.77658081054688
3.0 12.023060999 177.2097930908203 -2313.419189453125
4.0 12.023060999 192.0957489013672 130.69972229003906
5.0 12.023060999 1362.201171875 -1118.0667724609375
6.0 12.023060999 210.96006774902344 101.35968780517578
7.0 12.023060999 -3684.861328125 26927.11328125
8.0 12.023060999 98.92852020263672 99.21527862548828
9.0 12.023060999 181.27195739746094 50.98467254638672
10.0 12.023060999 90.82124328613281 52.836341857910156
11.0 12.023060999 163.4250030517578 119.44483947753906
12.0 12.023060999 85.91278839111328 88.35559844970703
13.0 12.023060999 224.64833068847656 132.08480834960938
14.0 12.023060999 59.05815505981445 77.59834289550781
15.0 12.023060999 116.1614990234375 140.55081176757812
16.0 12.023060999 255.04586791992188 130.0913543701172
17.0 12.023060999 141.38438415527344 99.9912109375
18.0 12.023060999 59.66939163208008 1153.5657958984375
0.0 12.069126 110.73099517822266 -1258.739013671875
1.0 12.069126 -1134.276123046875 2525.88916015625
2.0 12.069126 -1613.8253173828125 131.15402221679688
3.0 12.069126 212.78213500976562 -2337.680419921875
4.0 12.069126 195.54092407226562 119.90925598144531
5.0 12.069126 1387.201171875 -1136.8167724609375
6.0 12.069126 233.68634033203125 107.2756118774414
7.0 12.069126 -3184.861328125 27927.11328125
8.0 12.069126 99.34800720214844 100.41221618652344
9.0 12.069126 175.0783233642578 42.28119659423828
10.0 12.069126 85.5357894897461 55.16154479980469
11.0 12.069126 166.11257934570312 112.8578872680664
12.0 12.069126 84.72339630126953 90.34788513183594
13.0 12.069126 227.8122100830078 117.48609161376953
14.0 12.069126 56.61347198486328 84.12682342529297
15.0 12.069126 120.68692779541016 139.0319366455078
16.0 12.069126 201.07037353515625 142.8582305908203
17.0 12.069126 141.5188446044922 95.70245361328125
18.0 12.069126 49.83570098876953 1193.7039794921875
0.0 12.115190999 111.39857482910156 -1299.6785888671875
1.0 12.115190999 -1034.276123046875 2625.88916015625
2.0 12.115190999 -1630.296875 135.41676330566406
3.0 12.115190999 215.59005737304688 -2367.7431640625
4.0 12.115190999 198.3768768310547 111.83932495117188
5.0 12.115190999 1462.201171875 -1149.3167724609375
6.0 12.115190999 238.6603240966797 95.07938385009766
7.0 12.115190999 -3084.861328125 28027.11328125
8.0 12.115190999 100.6992416381836 103.39691162109375
9.0 12.115190999 169.29443359375 36.92973709106445
10.0 12.115190999 82.0380859375 59.816776275634766
11.0 12.115190999 168.7035675048828 108.67950439453125
12.0 12.115190999 84.78032684326172 94.32787322998047
13.0 12.115190999 230.03280639648438 105.97112274169922
14.0 12.115190999 56.211631774902344 92.22444152832031
15.0 12.115190999 125.60894775390625 139.3502960205078
16.0 12.115190999 206.51597595214844 134.49806213378906
17.0 12.115190999 142.02572631835938 93.93071746826172
18.0 12.115190999 56.040802001953125 1247.3492431640625
0.0 12.161256999 113.65177154541016 -1330.6688232421875
1.0 12.161256999 -884.276123046875 2725.88916015625
2.0 12.161256999 -1645.511474609375 141.19725036621094
3.0 12.161256999 215.1417694091797 -2398.127685546875
4.0 12.161256999 199.93173217773438 108.39790344238281
5.0 12.161256999 1562.201171875 -1124.3167724609375
6.0 12.161256999 255.2437286376953 89.2002182006836
7.0 12.161256999 -2934.861328125 28127.11328125
8.0 12.161256999 101.94677734375 105.40314483642578
9.0 12.161256999 166.7454071044922 35.08668899536133
10.0 12.161256999 81.01057434082031 62.7950439453125
11.0 12.161256999 170.40499877929688 107.19294738769531
12.0 12.161256999 85.3919906616211 96.91215515136719
13.0 12.161256999 231.16969299316406 100.85804748535156
14.0 12.161256999 56.79829025268555 96.77576446533203
15.0 12.161256999 128.5540008544922 139.98892211914062
16.0 12.161256999 209.48545837402344 130.73223876953125
17.0 12.161256999 142.70059204101562 93.7509994506836
18.0 12.161256999 35.904518127441406 1369.1778564453125
0.0 12.207322 115.94737243652344 -1362.2720947265625
1.0 12.207322 -934.276123046875 2625.88916015625
2.0 12.207322 -1669.067626953125 146.48521423339844
3.0 12.207322 214.80137634277344 -2426.5146484375
4.0 12.207322 199.30787658691406 106.24248504638672
5.0 12.207322 1568.451171875 -1136.8167724609375
6.0 12.207322 282.3190002441406 83.69172668457031
7.0 12.207322 -2984.861328125 28027.11328125
8.0 12.207322 101.20067596435547 107.1871109008789
9.0 12.207322 163.2549591064453 34.281742095947266
10.0 12.207322 78.65139770507812 65.39122772216797
11.0 12.207322 169.798095703125 106.33063507080078
12.0 12.207322 84.17375183105469 99.11128234863281
13.0 12.207322 229.93714904785156 97.54011535644531
14.0 12.207322 55.71730422973633 100.46263885498047
15.0 12.207322 128.85243225097656 140.77137756347656
16.0 12.207322 209.88626098632812 128.32781982421875
17.0 12.207322 141.5135955810547 93.9224853515625
18.0 12.207322 34.57386779785156 1406.1661376953125
0.0 12.253388 116.89747619628906 -1392.9716796875
1.0 12.253388 -134.276123046875 3425.88916015625
2.0 12.253388 -1715.9180908203125 126.86320495605469
3.0 12.253388 213.99557495117188 -2457.20947265625
4.0 12.253388 200.44480895996094 105.1572494506836
5.0 12.253388 1587.201171875 -1130.5667724609375
6.0 12.253388 312.07537841796875 79.51570892333984
7.0 12.253388 -2184.861328125 28827.11328125
8.0 12.253388 102.7437744140625 110.68955993652344
9.0 12.253388 161.16275024414062 34.7546501159668
10.0 12.253388 78.36461639404297 69.79955291748047
11.0 12.253388 171.29196166992188 106.79307556152344
12.0 12.253388 85.21418762207031 103.04983520507812
13.0 12.253388 230.59454345703125 94.93240356445312
14.0 12.253388 56.9801025390625 106.03195190429688
15.0 12.253388 131.64288330078125 143.03866577148438
16.0 12.253388 212.2164306640625 126.81791687011719
17.0 12.253388 142.30233764648438 95.53594970703125
18.0 12.253388 38.245262145996094 1422.4761962890625
0.0 12.299452999 119.26858520507812 -1423.4471435546875
1.0 12.299452999 -284.276123046875 3425.88916015625
2.0 12.299452999 -1739.723388671875 124.77169799804688
3.0 12.299452999 410.37957763671875 -2369.80615234375
4.0 12.299452999 200.70303344726562 99.04632568359375
5.0 12.299452999 1787.201171875 -980.5667724609375
6.0 12.299452999 361.1120910644531 67.97310638427734
7.0 12.299452999 -2334.861328125 28827.11328125
8.0 12.299452999 103.3763656616211 110.30225372314453
9.0 12.299452999 157.2046661376953 31.09841537475586
10.0 12.299452999 76.56029510498047 70.89875793457031
11.0 12.299452999 171.85740661621094 102.50543212890625
12.0 12.299452999 85.2774658203125 103.40839385986328
13.0 12.299452999 229.73834228515625 87.13935852050781
14.0 12.299452999 57.31230545043945 108.60823822021484
15.0 12.299452999 133.8055877685547 140.82749938964844
16.0 12.299452999 213.73410034179688 120.36665344238281
17.0 12.299452999 142.0275115966797 92.90076446533203
18.0 12.299452999 40.441532135009766 1457.6767578125
0.0 12.345517999 107.49734497070312 -1455.3594970703125
1.0 12.345517999 -484.276123046875 3425.88916015625
2.0 12.345517999 -1768.4931640625 128.183349609375
3.0 12.345517999 410.37957763671875 -2269.80615234375
4.0 12.345517999 198.99681091308594 93.14507293701172
5.0 12.345517999 1787.201171875 -880.5667724609375
6.0 12.345517999 364.8854675292969 61.37917709350586
7.0 12.345517999 -2534.861328125 28827.11328125
8.0 12.345517999 102.4240493774414 109.21070098876953
9.0 12.345517999 152.22315979003906 27.29275894165039
10.0 12.345517999 73.68464660644531 71.24464416503906
11.0 12.345517999 170.64349365234375 98.28982543945312
12.0 12.345517999 83.84313201904297 102.93435668945312
13.0 12.345517999 227.2940216064453 80.09310150146484
14.0 12.345517999 56.333927154541016 110.06009674072266
15.0 12.345517999 133.88665771484375 138.2335968017578
16.0 12.345517999 181.3711395263672 140.5986328125
17.0 12.345517999 140.19906616210938 89.95779418945312
18.0 12.345517999 43.709808349609375 1493.3519287109375
0.0 12.391583999 106.4260025024414 -1487.165283203125
1.0 12.391583999 -484.276123046875 3425.88916015625
2.0 12.391583999 -1792.0418701171875 128.19883728027344
3.0 12.391583999 410.37957763671875 -2269.80615234375
4.0 12.391583999 200.06246948242188 89.98727416992188
5.0 12.391583999 1787.201171875 -880.5667724609375
6.0 12.391583999 369.4405212402344 55.88351058959961
7.0 12.391583999 -2534.861328125 28827.11328125
8.0 12.391583999 104.3878402709961 110.70577239990234
9.0 12.391583999 150.08079528808594 26.45448112487793
10.0 12.391583999 73.85519409179688 74.13252258300781
11.0 12.391583999 172.18003845214844 96.6054458618164
12.0 12.391583999 85.31709289550781 105.079833984375
13.0 12.391583999 227.31260681152344 75.66336822509766
14.0 12.391583999 58.335811614990234 113.92076110839844
15.0 12.391583999 136.886474609375 138.1963348388672
16.0 12.391583999 184.66004943847656 138.18724060058594
17.0 12.391583999 141.15896606445312 89.6783218383789
18.0 12.391583999 43.39366149902344 1558.434814453125
0.0 12.437649 95.32825469970703 -1518.82177734375
1.0 12.437649 -384.276123046875 3625.88916015625
2.0 12.437649 -1812.2679443359375 129.71762084960938
3.0 12.437649 410.37957763671875 -2269.80615234375
4.0 12.437649 200.0009307861328 86.84994506835938
5.0 12.437649 1787.201171875 -880.5667724609375
6.0 12.437649 372.6371154785156 50.04383850097656
7.0 12.437649 -2434.861328125 29027.11328125
8.0 12.437649 105.16010284423828 110.75138854980469
9.0 12.437649 147.88026428222656 24.930959701538086
10.0 12.437649 73.38507080078125 75.25079345703125
11.0 12.437649 172.57366943359375 94.57911682128906
12.0 12.437649 85.7217788696289 105.58605194091797
13.0 12.437649 226.49290466308594 71.76140594482422
14.0 12.437649 59.22528076171875 115.61322021484375
15.0 12.437649 138.276611328125 137.19168090820312
16.0 12.437649 186.29052734375 135.7258758544922
17.0 12.437649 141.15672302246094 88.58537292480469
18.0 12.437649 38.11829376220703 1551.5103759765625
0.0 12.483713999 96.27379608154297 -1551.3699951171875
1.0 12.483713999 -284.276123046875 3700.88916015625
2.0 12.483713999 -1833.746337890625 134.77096557617188
3.0 12.483713999 410.37957763671875 -14213.556640625
4.0 12.483713999 199.2852325439453 86.1078109741211
5.0 12.483713999 1787.201171875 -12824.31640625
6.0 12.483713999 373.5125732421875 50.03132247924805
7.0 12.483713999 -2334.861328125 29102.11328125
8.0 12.483713999 104.97999572753906 112.14176940917969
9.0 12.483713999 145.71713256835938 25.163991928100586
10.0 12.483713999 72.38933563232422 77.30909729003906
11.0 12.483713999 172.15682983398438 94.39277648925781
12.0 12.483713999 85.2990493774414 107.26664733886719
13.0 12.483713999 225.24417114257812 70.36813354492188
14.0 12.483713999 59.16836929321289 118.07937622070312
15.0 12.483713999 138.5203857421875 137.84930419921875
16.0 12.483713999 186.69256591796875 135.1704864501953
17.0 12.483713999 140.41885375976562 89.16338348388672
18.0 12.483713999 38.99959945678711 1566.5234375
0.0 12.529779999 96.31993103027344 -1583.0159912109375
1.0 12.529779999 -234.276123046875 3850.88916015625
2.0 12.529779999 -1863.8291015625 137.4098663330078
3.0 12.529779999 335.37957763671875 -14238.556640625
4.0 12.529779999 196.9429473876953 86.43898010253906
5.0 12.529779999 1712.201171875 -12849.31640625
6.0 12.529779999 363.445556640625 42.83869171142578
7.0 12.529779999 -2284.861328125 29252.11328125
8.0 12.529779999 102.7132568359375 113.13504791259766
9.0 12.529779999 142.98301696777344 25.814659118652344
10.0 12.529779999 70.0432357788086 78.47093200683594
11.0 12.529779999 169.84046936035156 94.975830078125
12.0 12.529779999 82.99800872802734 108.37625885009766
13.0 12.529779999 222.78260803222656 70.6352310180664
14.0 12.529779999 57.045204162597656 119.39210510253906
15.0 12.529779999 136.34439086914062 138.6945343017578
16.0 12.529779999 184.64698791503906 135.57980346679688
17.0 12.529779999 138.0089874267578 89.97639465332031
18.0 12.529779999 37.60019302368164 1589.292236328125
0.0 12.575845 97.76960754394531 -1615.3421630859375
1.0 12.575845 -259.276123046875 3950.88916015625
2.0 12.575845 -1888.8250732421875 136.6917724609375
3.0 12.575845 335.37957763671875 -14238.556640625
4.0 12.575845 195.44631958007812 86.50830078125
5.0 12.575845 1712.201171875 -12849.31640625
6.0 12.575845 461.9558410644531 48.663185119628906
7.0 12.575845 -2309.861328125 29352.11328125
8.0 12.575845 101.20633697509766 112.89024353027344
9.0 12.575845 141.58395385742188 25.627944946289062
10.0 12.575845 68.51853942871094 78.29480743408203
11.0 12.575845 168.32452392578125 94.77018737792969
12.0 12.575845 81.43584442138672 108.18738555908203
13.0 12.575845 221.21031188964844 70.68463134765625
14.0 12.575845 55.57598114013672 119.2286376953125
15.0 12.575845 134.64556884765625 138.59371948242188
16.0 12.575845 183.12205505371094 135.3218536376953
17.0 12.575845 136.4214630126953 89.85648345947266
18.0 12.575845 19.86541175842285 1616.170654296875
0.0 12.621911 57.496978759765625 -1646.7113037109375
1.0 12.621911 -434.276123046875 3850.88916015625
2.0 12.621911 -1919.14697265625 134.79190063476562
3.0 12.621911 535.3795776367188 -14038.556640625
4.0 12.621911 195.00135803222656 87.08695220947266
5.0 12.621911 1912.201171875 -12649.31640625
6.0 12.621911 471.7936706542969 50.55175018310547
7.0 12.621911 -2484.861328125 29252.11328125
8.0 12.621911 100.42243957519531 112.28340911865234
9.0 12.621911 141.82737731933594 25.50497817993164
10.0 12.621911 68.13729095458984 77.32691955566406
11.0 12.621911 167.72683715820312 94.95059967041016
12.0 12.621911 80.68101501464844 107.41981506347656
13.0 12.621911 220.95632934570312 71.559814453125
14.0 12.621911 54.7010383605957 118.1411361694336
15.0 12.621911 133.5726318359375 138.47682189941406
16.0 12.621911 182.1170196533203 135.53448486328125
17.0 12.621911 135.84629821777344 89.69210052490234
18.0 12.621911 17.90188217163086 1635.44189453125
0.0 12.667975999 57.803489685058594 -1677.0313720703125
1.0 12.667975999 -434.276123046875 3950.88916015625
2.0 12.667975999 -1938.11328125 147.10589599609375
3.0 12.667975999 635.3795776367188 -14038.556640625
4.0 12.667975999 193.7743377685547 90.75347900390625
5.0 12.667975999 2012.201171875 -12649.31640625
6.0 12.667975999 483.93658447265625 56.18933868408203
7.0 12.667975999 -2484.861328125 29352.11328125
8.0 12.667975999 98.31324005126953 112.14239501953125
9.0 12.667975999 143.0941925048828 26.9921932220459
10.0 12.667975999 67.36434173583984 76.0818862915039
11.0 12.667975999 165.99606323242188 97.22389221191406
12.0 12.667975999 78.84184265136719 106.78838348388672
13.0 12.667975999 220.24485778808594 76.10323333740234
14.0 12.667975999 52.50886917114258 116.21676635742188
15.0 12.667975999 130.5720672607422 139.73196411132812
16.0 12.667975999 179.1038360595703 138.2526397705078
17.0 12.667975999 134.42056274414062 91.06327056884766
18.0 12.667975999 24.827001571655273 1707.943115234375
0.0 12.714040999 62.66400146484375 -1707.8939208984375
1.0 12.714040999 -459.276123046875 3975.88916015625
2.0 12.714040999 -1960.43896484375 138.1388702392578
3.0 12.714040999 635.3795776367188 -13988.556640625
4.0 12.714040999 191.21730041503906 96.36508178710938
5.0 12.714040999 2012.201171875 -12599.31640625
6.0 12.714040999 491.8013000488281 66.03607940673828
7.0 12.714040999 -2509.861328125 29377.11328125
8.0 12.714040999 94.47225189208984 110.81720733642578
9.0 12.714040999 145.15476989746094 29.192710876464844
10.0 12.714040999 66.07882690429688 72.83349609375
11.0 12.714040999 162.7042999267578 100.36559295654297
12.0 12.714040999 75.59015655517578 104.68750762939453
13.0 12.714040999 218.6410369873047 83.4190902709961
14.0 12.714040999 48.6441535949707 111.68791198730469
15.0 12.714040999 125.00765228271484 140.76402282714844
16.0 12.714040999 173.426513671875 142.2785186767578
17.0 12.714040999 131.7761688232422 92.40633392333984
18.0 12.714040999 26.20309829711914 1759.0955810546875
0.0 12.760107 92.96165466308594 -1739.5703125
1.0 12.760107 -309.276123046875 4125.88916015625
2.0 12.760107 -1998.6693115234375 130.03990173339844
3.0 12.760107 660.3795776367188 -13588.556640625
4.0 12.760107 188.49234008789062 103.55335235595703
5.0 12.760107 2037.201171875 -12199.31640625
6.0 12.760107 517.31982421875 63.28584289550781
7.0 12.760107 -2359.861328125 29527.11328125
8.0 12.760107 91.07208251953125 111.15029907226562
9.0 12.760107 147.37908935546875 33.333351135253906
10.0 12.760107 65.35423278808594 71.32027435302734
11.0 12.760107 159.48971557617188 105.11803436279297
12.0 12.760107 72.71154022216797 104.15168762207031
13.0 12.760107 216.86036682128906 92.46576690673828
14.0 12.760107 45.542633056640625 108.56846618652344
15.0 12.760107 119.7088623046875 143.4261474609375
16.0 12.760107 167.69056701660156 147.7029571533203
17.0 12.760107 129.36077880859375 95.35906219482422
18.0 12.760107 29.71523094177246 1762.032958984375
0.0 12.806172 96.21380615234375 -1771.2066650390625
1.0 12.806172 -6197.2763671875 93.88916015625
2.0 12.806172 -2042.8861083984375 116.2771224975586
3.0 12.806172 660.3795776367188 -13588.556640625
4.0 12.806172 185.51119995117188 108.6827621459961
5.0 12.806172 2037.201171875 -12199.31640625
6.0 12.806172 469.96771240234375 61.400699615478516
7.0 12.806172 -8759.861328125 24727.11328125
8.0 12.806172 87.8404769897461 110.71367645263672
9.0 12.806172 148.31773376464844 36.158267974853516
10.0 12.806172 64.2994155883789 69.49006652832031
11.0 12.806172 156.17822265625 108.11600494384766
12.0 12.806172 69.89273834228516 103.11399841308594
13.0 12.806172 214.40721130371094 98.84440612792969
14.0 12.806172 42.73442840576172 105.54043579101562
15.0 12.806172 114.8425064086914 144.64376831054688
16.0 12.806172 162.3712158203125 151.02403259277344
17.0 12.806172 126.73023223876953 97.1130599975586
18.0 12.806172 25.44554328918457 1773.4639892578125
