0.0 21.390900999 174.0 85.0
1.0 21.390900999 103.0 118.0
2.0 21.390900999 227.0 158.0
3.0 21.390900999 124.0 47.0
4.0 21.390900999 49.0 95.0
5.0 21.390900999 238.0 79.0
6.0 21.390900999 180.0 131.0
7.0 21.390900999 195.0 31.0
8.0 21.390900999 129.0 144.0
9.0 21.390900999 52.0 53.0
0.0 21.434965999 160.21563720703125 84.13462829589844
1.0 21.434965999 90.82500457763672 117.40727996826172
2.0 21.434965999 214.40342712402344 155.0429229736328
3.0 21.434965999 111.04719543457031 47.45927810668945
4.0 21.434965999 34.48786544799805 153.3196258544922
5.0 21.434965999 258.7347717285156 53.35957336425781
6.0 21.434965999 166.52587890625 129.29026794433594
7.0 21.434965999 181.03553771972656 30.900711059570312
8.0 21.434965999 116.6012191772461 142.4684295654297
9.0 21.434965999 40.58837890625 53.9226188659668
0.0 21.479030999 150.6384735107422 83.19550323486328
1.0 21.479030999 82.63725280761719 116.09845733642578
2.0 21.479030999 205.03945922851562 152.6581573486328
3.0 21.479030999 102.5946273803711 47.37541961669922
4.0 21.479030999 29.914148330688477 152.4835662841797
5.0 21.479030999 283.06634521484375 49.87617492675781
6.0 21.479030999 156.8533935546875 127.474853515625
7.0 21.479030999 171.6359100341797 30.91839599609375
8.0 21.479030999 107.81893920898438 140.5474395751953
9.0 21.479030999 33.66047286987305 53.70034408569336
0.0 21.523097 144.8390655517578 83.38664245605469
1.0 21.523097 77.4416732788086 114.428466796875
2.0 21.523097 197.4532012939453 152.8024139404297
3.0 21.523097 98.63987731933594 47.2955322265625
4.0 21.523097 26.322805404663086 149.66363525390625
5.0 21.523097 308.0256652832031 51.13209533691406
6.0 21.523097 149.99563598632812 126.83252716064453
7.0 21.523097 166.9198455810547 32.53102493286133
8.0 21.523097 101.48702239990234 139.07814025878906
9.0 21.523097 31.364574432373047 52.00318908691406
0.0 21.567162 141.4290771484375 83.48976135253906
1.0 21.567162 74.42964935302734 112.57377624511719
2.0 21.567162 192.09913635253906 152.9919891357422
3.0 21.567162 96.96318817138672 47.017333984375
4.0 21.567162 24.44446563720703 146.48855590820312
5.0 21.567162 331.6045837402344 49.04847717285156
6.0 21.567162 145.49884033203125 126.10108184814453
7.0 21.567162 164.57717895507812 34.104522705078125
8.0 21.567162 97.39827728271484 137.41307067871094
9.0 21.567162 31.096384048461914 49.864810943603516
0.0 21.611226999 136.1304931640625 83.62866973876953
1.0 21.611226999 69.9178237915039 111.60551452636719
2.0 21.611226999 185.7064971923828 152.63299560546875
3.0 21.611226999 92.98294067382812 47.24750518798828
4.0 21.611226999 22.701641082763672 145.4468994140625
5.0 21.611226999 358.3841857910156 53.99183654785156
6.0 21.611226999 139.6912384033203 125.47407531738281
7.0 21.611226999 159.72390747070312 35.41210174560547
8.0 21.611226999 92.11338806152344 136.34854125976562
9.0 21.611226999 28.574647903442383 49.12379455566406
0.0 21.655293 131.2438507080078 82.68585205078125
1.0 21.655293 65.83587646484375 109.88615417480469
2.0 21.655293 179.9325408935547 151.02195739746094
3.0 21.655293 89.19815826416016 46.59047317504883
4.0 21.655293 19.627201080322266 143.50735473632812
5.0 21.655293 387.92364501953125 58.10504150390625
6.0 21.655293 134.4688262939453 123.80622100830078
7.0 21.655293 154.989990234375 35.51851272583008
8.0 21.655293 87.47418975830078 134.4022674560547
9.0 21.655293 25.8084659576416 47.70412826538086
0.0 21.699358 126.3580551147461 81.52071380615234
1.0 21.699358 61.49888610839844 107.45744323730469
2.0 21.699358 173.50576782226562 149.65443420410156
3.0 21.699358 85.65252685546875 45.25810623168945
4.0 21.699358 19.29801368713379 141.53346252441406
5.0 21.699358 410.5346374511719 58.59703063964844
6.0 21.699358 129.01824951171875 121.9766616821289
7.0 21.699358 150.68865966796875 35.606651306152344
8.0 21.699358 82.34666442871094 132.04962158203125
9.0 21.699358 23.382673263549805 45.250732421875
0.0 21.743423 124.12937927246094 79.36719512939453
1.0 21.743423 59.90413284301758 104.88868713378906
2.0 21.743423 170.4967498779297 146.76467895507812
3.0 21.743423 84.09556579589844 43.42091751098633
4.0 21.743423 17.649229049682617 139.29380798339844
5.0 21.743423 438.9547119140625 62.69364929199219
6.0 21.743423 126.67446899414062 119.17339324951172
7.0 21.743423 148.21450805664062 34.31230163574219
8.0 21.743423 80.52960205078125 129.2444610595703
9.0 21.743423 22.362735748291016 43.06428909301758
0.0 21.787489 122.91621398925781 72.97415924072266
1.0 21.787489 59.43415069580078 98.94898223876953
2.0 21.787489 169.29730224609375 139.2919464111328
3.0 21.787489 82.94215393066406 37.78305435180664
4.0 21.787489 16.88970184326172 134.11351013183594
5.0 21.787489 473.33477783203125 70.9444351196289
6.0 21.787489 125.82305145263672 112.20986938476562
7.0 21.787489 146.2562255859375 28.542776107788086
8.0 21.787489 80.18392944335938 122.72089385986328
9.0 21.787489 21.222444534301758 38.27020263671875
0.0 21.831554 126.22836303710938 65.68571472167969
1.0 21.831554 63.456939697265625 92.63968658447266
2.0 21.831554 173.1988067626953 130.65853881835938
3.0 21.831554 85.68247985839844 31.627788543701172
4.0 21.831554 19.073795318603516 128.9450225830078
5.0 21.831554 502.7808837890625 72.16361236572266
6.0 21.831554 129.92405700683594 104.51797485351562
7.0 21.831554 148.26153564453125 21.524972915649414
8.0 21.831554 84.64738464355469 115.72960662841797
9.0 21.831554 23.258018493652344 33.5221061706543
0.0 21.875619999 130.0498504638672 62.05613327026367
1.0 21.875619999 67.53375244140625 89.22959899902344
2.0 21.875619999 176.68882751464844 126.42816162109375
3.0 21.875619999 89.35078430175781 28.373910903930664
4.0 21.875619999 19.202184677124023 125.22884368896484
5.0 21.875619999 531.3733520507812 74.43894958496094
6.0 21.875619999 133.98651123046875 100.68621063232422
7.0 21.875619999 151.41864013671875 18.261253356933594
8.0 21.875619999 88.8473129272461 112.08906555175781
9.0 21.875619999 26.437774658203125 30.51407814025879
0.0 21.919685 132.67921447753906 61.60893630981445
1.0 21.919685 70.19781494140625 88.6234359741211
2.0 21.919685 178.7742919921875 125.65790557861328
3.0 21.919685 91.98338317871094 27.829607009887695
4.0 21.919685 20.88180923461914 124.69210815429688
5.0 21.919685 557.1629028320312 73.4879150390625
6.0 21.919685 136.69036865234375 100.14904022216797
7.0 21.919685 153.6959991455078 17.96428680419922
8.0 21.919685 91.55551147460938 111.46927642822266
9.0 21.919685 28.855510711669922 29.586227416992188
0.0 21.96375 136.33750915527344 60.51998519897461
1.0 21.96375 73.80403137207031 87.65682983398438
2.0 21.96375 182.0518341064453 124.260009765625
3.0 21.96375 95.40016174316406 26.6674747467041
4.0 21.96375 21.714794158935547 123.91889190673828
5.0 21.96375 584.1644897460938 73.11106872558594
6.0 21.96375 140.52120971679688 99.02954864501953
7.0 21.96375 156.83335876464844 16.887453079223633
8.0 21.96375 95.36793518066406 110.48857879638672
9.0 21.96375 31.651580810546875 28.319541931152344
0.0 22.007815999 141.4691162109375 60.98200607299805
1.0 22.007815999 78.81108856201172 88.27442932128906
2.0 22.007815999 186.72901916503906 124.56230926513672
3.0 22.007815999 100.2881851196289 26.941091537475586
4.0 22.007815999 23.986230850219727 124.45502471923828
5.0 22.007815999 611.1953735351562 73.07208251953125
6.0 22.007815999 145.81173706054688 99.6828384399414
7.0 22.007815999 161.49012756347656 17.276113510131836
8.0 22.007815999 100.53523254394531 111.1504135131836
9.0 22.007815999 35.89571762084961 28.286724090576172
0.0 22.051880999 147.17559814453125 64.447998046875
1.0 22.051880999 83.97704315185547 91.06891632080078
2.0 22.051880999 191.04132080078125 128.45321655273438
3.0 22.051880999 106.1924057006836 29.443857192993164
4.0 22.051880999 25.734189987182617 126.21416473388672
5.0 22.051880999 638.2006225585938 75.03778076171875
6.0 22.051880999 151.0907440185547 103.3704833984375
7.0 22.051880999 167.32046508789062 20.70667839050293
8.0 22.051880999 105.58861541748047 114.45352935791016
9.0 22.051880999 41.4731559753418 29.3614501953125
0.0 22.095945999 153.30535888671875 69.45071411132812
1.0 22.095945999 89.36428833007812 94.91070556640625
2.0 22.095945999 195.14730834960938 134.24244689941406
3.0 22.095945999 112.85045623779297 33.06971740722656
4.0 22.095945999 27.89736557006836 128.5081329345703
5.0 22.095945999 665.5975952148438 75.07240295410156
6.0 22.095945999 156.44070434570312 108.54385375976562
7.0 22.095945999 173.9772186279297 25.738019943237305
8.0 22.095945999 110.6412582397461 119.09727478027344
9.0 22.095945999 48.08355712890625 30.920364379882812
0.0 22.140011999 158.1507568359375 75.42643737792969
1.0 22.140011999 93.23748016357422 99.05260467529297
2.0 22.140011999 197.21238708496094 141.28802490234375
3.0 22.140011999 118.73135375976562 37.21852111816406
4.0 22.140011999 29.40166473388672 130.42236328125
5.0 22.140011999 693.7636108398438 83.80973815917969
6.0 22.140011999 160.02713012695312 114.60279846191406
7.0 22.140011999 179.9811553955078 31.968769073486328
8.0 22.140011999 113.77888488769531 124.32014465332031
9.0 22.140011999 54.078556060791016 32.31410217285156
0.0 22.184076999 161.3660888671875 81.0468978881836
1.0 22.184076999 95.29034423828125 101.99388122558594
2.0 22.184076999 196.67723083496094 148.35594177246094
3.0 22.184076999 123.65178680419922 40.545440673828125
4.0 22.184076999 28.799795150756836 130.40676879882812
5.0 22.184076999 720.2879028320312 86.96430969238281
6.0 22.184076999 161.4715576171875 120.0948257446289
7.0 22.184076999 185.1029510498047 38.29526901245117
8.0 22.184076999 114.66954040527344 128.6017303466797
9.0 22.184076999 59.28926467895508 32.119468688964844
0.0 22.228141999 165.7889862060547 84.5010986328125
1.0 22.228141999 98.92134094238281 103.63346099853516
2.0 22.228141999 198.23455810546875 152.65475463867188
3.0 22.228141999 129.33326721191406 42.298648834228516
4.0 22.228141999 30.270885467529297 130.00953674316406
5.0 22.228141999 746.7113647460938 85.13731384277344
6.0 22.228141999 164.62847900390625 123.41413879394531
7.0 22.228141999 190.80137634277344 42.16313171386719
8.0 22.228141999 117.39215087890625 131.16526794433594
9.0 22.228141999 65.07238006591797 31.336721420288086
0.0 22.272207999 171.42672729492188 88.35096740722656
1.0 22.272207999 103.60607147216797 104.76038360595703
2.0 22.272207999 199.73484802246094 157.63880920410156
3.0 22.272207999 136.83395385742188 44.007781982421875
4.0 22.272207999 32.509857177734375 128.20115661621094
5.0 22.272207999 771.4144287109375 86.98844909667969
6.0 22.272207999 168.41229248046875 126.89332580566406
7.0 22.272207999 198.35400390625 46.84769821166992
8.0 22.272207999 120.68168640136719 133.44483947753906
9.0 22.272207999 72.92542266845703 29.686418533325195
0.0 22.316272999 177.4265899658203 96.0062026977539
1.0 22.316272999 108.80917358398438 109.30448150634766
2.0 22.316272999 201.19161987304688 166.09071350097656
3.0 22.316272999 145.2294464111328 49.39585876464844
4.0 22.316272999 35.049068450927734 128.59217834472656
5.0 22.316272999 795.7525024414062 88.45880126953125
6.0 22.316272999 172.37075805664062 133.9932098388672
7.0 22.316272999 206.39476013183594 55.486785888671875
8.0 22.316272999 124.21862030029297 139.19114685058594
9.0 22.316272999 81.87106323242188 31.200315475463867
0.0 22.360339 182.5553741455078 101.1848373413086
1.0 22.360339 113.25045013427734 110.88111877441406
2.0 22.360339 201.19659423828125 172.0122833251953
3.0 22.360339 153.2565460205078 52.31829833984375
4.0 22.360339 37.7054443359375 125.9075698852539
5.0 22.360339 818.6598510742188 89.15681457519531
6.0 22.360339 175.19090270996094 138.22540283203125
7.0 22.360339 214.1122589111328 62.25815963745117
8.0 22.360339 126.5835952758789 141.94126892089844
9.0 22.360339 90.79120635986328 30.12849235534668
0.0 22.404403999 183.675048828125 111.33391571044922
1.0 22.404403999 114.06379699707031 119.46927642822266
2.0 22.404403999 199.72726440429688 181.8181915283203
3.0 22.404403999 156.1287078857422 61.324092864990234
4.0 22.404403999 28.37804412841797 122.05503845214844
5.0 22.404403999 841.3032836914062 89.9976806640625
6.0 22.404403999 174.99522399902344 147.74661254882812
7.0 22.404403999 216.653076171875 72.85868072509766
8.0 22.404403999 126.36798095703125 150.98240661621094
9.0 22.404403999 94.10832214355469 36.531768798828125
0.0 22.448468999 181.8473663330078 120.02023315429688
1.0 22.448468999 111.96604919433594 127.63578796386719
2.0 22.448468999 195.45498657226562 263.41461181640625
3.0 22.448468999 155.23583984375 69.4556655883789
4.0 22.448468999 28.98273277282715 129.1085662841797
5.0 22.448468999 872.1691284179688 107.56240844726562
6.0 22.448468999 172.45774841308594 156.00799560546875
7.0 22.448468999 215.70404052734375 81.52311706542969
8.0 22.448468999 123.62096405029297 159.22874450683594
9.0 22.448468999 93.40680694580078 43.181114196777344
0.0 22.492535 179.6764678955078 128.030029296875
1.0 22.492535 109.51746368408203 135.24729919433594
2.0 22.492535 197.08677673339844 293.88812255859375
3.0 22.492535 153.87533569335938 77.02599334716797
4.0 22.492535 27.696392059326172 134.94972229003906
5.0 22.492535 894.079833984375 108.9102783203125
6.0 22.492535 169.5899200439453 163.62660217285156
7.0 22.492535 214.38584899902344 89.54241180419922
8.0 22.492535 120.55496215820312 166.73410034179688
9.0 22.492535 92.17513275146484 49.41455078125
0.0 22.5366 179.52928161621094 132.09181213378906
1.0 22.5366 109.0033950805664 138.96575927734375
2.0 22.5366 197.7893829345703 325.20562744140625
3.0 22.5366 154.29812622070312 80.6150894165039
4.0 22.5366 26.4379940032959 137.58596801757812
5.0 22.5366 917.3529052734375 104.2650146484375
6.0 22.5366 168.74392700195312 167.3539276123047
7.0 22.5366 214.9360809326172 93.72499084472656
8.0 22.5366 119.50201416015625 170.3686065673828
9.0 22.5366 92.51728057861328 51.97500228881836
0.0 22.580665 180.5263214111328 132.1072235107422
1.0 22.580665 109.4889907836914 138.89845275878906
2.0 22.580665 197.7090606689453 355.9830627441406
3.0 22.580665 155.56028747558594 80.16316223144531
4.0 22.580665 26.514671325683594 137.15234375
5.0 22.580665 943.5904541015625 106.203857421875
6.0 22.580665 169.2534942626953 167.21302795410156
7.0 22.580665 216.53810119628906 93.83917236328125
8.0 22.580665 119.71275329589844 170.28277587890625
9.0 22.580665 93.3287582397461 50.92155838012695
0.0 22.624731 182.0996551513672 130.18682861328125
1.0 22.624731 110.5831527709961 137.08836364746094
2.0 22.624731 196.08631896972656 387.96881103515625
3.0 22.624731 157.35986328125 77.80624389648438
4.0 22.624731 26.357248306274414 135.13052368164062
5.0 22.624731 972.1817626953125 106.86622619628906
6.0 22.624731 170.3041229248047 165.3123321533203
7.0 22.624731 218.66932678222656 92.1301498413086
8.0 22.624731 120.55509185791016 168.45590209960938
9.0 22.624731 94.53817749023438 48.093475341796875
0.0 22.668796 183.54554748535156 127.72415924072266
1.0 22.668796 111.32012939453125 132.01803588867188
2.0 22.668796 198.56080627441406 418.7052001953125
3.0 22.668796 160.9590301513672 73.96961975097656
4.0 22.668796 25.618576049804688 127.205810546875
5.0 22.668796 998.56494140625 105.99819946289062
6.0 22.668796 170.00201416015625 162.13748168945312
7.0 22.668796 222.04107666015625 91.47059631347656
8.0 22.668796 120.14684295654297 164.0147705078125
9.0 22.668796 98.77415466308594 41.58415603637695
0.0 22.712862 185.65525817871094 126.93441772460938
1.0 22.712862 112.84378051757812 127.83399200439453
2.0 22.712862 196.31500244140625 450.7947082519531
3.0 22.712862 165.86691284179688 71.752685546875
4.0 22.712862 25.522151947021484 118.8809814453125
5.0 22.712862 1025.3858642578125 107.21965789794922
6.0 22.712862 170.09445190429688 160.37136840820312
7.0 22.712862 226.30653381347656 93.1949462890625
8.0 22.712862 119.88312530517578 160.5917510986328
9.0 22.712862 104.93953704833984 36.17485809326172
0.0 22.756927 188.3472900390625 123.82538604736328
1.0 22.756927 115.0489730834961 122.67597198486328
2.0 22.756927 197.45584106445312 482.1181640625
3.0 22.756927 170.18313598632812 67.66399383544922
4.0 22.756927 26.500301361083984 112.16961669921875
5.0 22.756927 1054.7332763671875 106.98839569091797
6.0 22.756927 171.48341369628906 156.54379272460938
7.0 22.756927 230.1439666748047 91.65045928955078
8.0 22.756927 121.02876281738281 155.88113403320312
9.0 22.756927 109.73187255859375 30.205272674560547
0.0 22.800992 191.16632080078125 117.08747863769531
1.0 22.800992 117.29411315917969 115.22900390625
2.0 22.800992 196.82083129882812 512.35791015625
3.0 22.800992 173.41702270507812 60.35120391845703
4.0 22.800992 27.79361343383789 104.13809967041016
5.0 22.800992 1081.45263671875 105.60389709472656
6.0 22.800992 173.62098693847656 149.66909790039062
7.0 22.800992 233.53204345703125 86.04735565185547
8.0 22.800992 122.8888168334961 148.67469787597656
9.0 22.800992 112.73429870605469 22.239397048950195
0.0 22.845057999 191.88119506835938 111.41217803955078
1.0 22.845057999 117.49015045166016 108.71910858154297
2.0 22.845057999 245.58197021484375 500.6266174316406
3.0 22.845057999 174.6947021484375 54.09049987792969
4.0 22.845057999 27.325700759887695 97.23406982421875
5.0 22.845057999 1108.250732421875 100.41345977783203
6.0 22.845057999 173.68333435058594 143.91400146484375
7.0 22.845057999 234.95208740234375 81.45482635498047
8.0 22.845057999 122.69444274902344 142.4398193359375
9.0 22.845057999 114.02373504638672 15.245044708251953
0.0 22.889122999 194.59255981445312 105.72850799560547
1.0 22.889122999 119.68257904052734 103.24838256835938
2.0 22.889122999 316.63323974609375 494.4692687988281
3.0 22.889122999 176.92518615722656 48.085636138916016
4.0 22.889122999 28.818296432495117 92.39105224609375
5.0 22.889122999 1134.5888671875 94.33943939208984
6.0 22.889122999 176.25485229492188 138.3655242919922
7.0 22.889122999 237.98944091796875 75.95708465576172
8.0 22.889122999 124.85224151611328 137.14022827148438
9.0 22.889122999 115.6557388305664 9.473307609558105
0.0 22.933188 197.11788940429688 98.01296997070312
1.0 22.933188 121.65648651123047 95.65753936767578
2.0 22.933188 366.63323974609375 506.9692687988281
3.0 22.933188 178.93739318847656 40.13582229614258
4.0 22.933188 33.25974655151367 92.49787139892578
5.0 22.933188 1161.6710205078125 85.66161346435547
6.0 22.933188 178.6466827392578 130.94273376464844
7.0 22.933188 241.30609130859375 70.6402816772461
8.0 22.933188 126.87661743164062 129.72442626953125
9.0 22.933188 117.29713439941406 0.7208216190338135
0.0 22.977253999 199.5992431640625 94.81717681884766
1.0 22.977253999 123.80467224121094 92.90292358398438
2.0 22.977253999 666.6332397460938 206.96926879882812
3.0 22.977253999 180.66403198242188 36.841758728027344
4.0 22.977253999 34.82418441772461 90.47976684570312
5.0 22.977253999 1190.470703125 80.96118927001953
6.0 22.977253999 181.2091522216797 128.12538146972656
7.0 22.977253999 244.57083129882812 66.7769546508789
8.0 22.977253999 129.11285400390625 127.13829040527344
9.0 22.977253999 116.86463165283203 -54.80165481567383
0.0 23.021318999 201.59521484375 95.08848571777344
1.0 23.021318999 125.65984344482422 94.26700592041016
2.0 23.021318999 666.6332397460938 206.96926879882812
3.0 23.021318999 181.4873809814453 37.24371337890625
4.0 23.021318999 36.58930587768555 92.5423812866211
5.0 23.021318999 1217.0765380859375 80.99038696289062
6.0 23.021318999 183.6379852294922 129.02003479003906
7.0 23.021318999 264.483154296875 64.82134246826172
8.0 23.021318999 131.25527954101562 128.3778839111328
9.0 23.021318999 157.26039123535156 -79.14131164550781
0.0 23.065383999 205.03659057617188 97.34506225585938
1.0 23.065383999 129.2843780517578 98.78208923339844
2.0 23.065383999 882.6332397460938 158.96926879882812
3.0 23.065383999 182.82444763183594 40.146907806396484
4.0 23.065383999 36.51565933227539 92.98261260986328
5.0 23.065383999 1245.0028076171875 82.02005004882812
6.0 23.065383999 188.16094970703125 132.21554565429688
7.0 23.065383999 346.7782897949219 135.99452209472656
8.0 23.065383999 135.62973022460938 132.62509155273438
9.0 23.065383999 156.71934509277344 -109.7559585571289
0.0 23.109449999 207.14015197753906 96.93059539794922
1.0 23.109449999 131.74046325683594 101.96011352539062
2.0 23.109449999 910.8154296875 157.7006072998047
3.0 23.109449999 181.79783630371094 41.10076141357422
4.0 23.109449999 39.19465637207031 99.79190063476562
5.0 23.109449999 1272.0673828125 78.91288757324219
6.0 23.109449999 192.0321502685547 133.09164428710938
7.0 23.109449999 371.5820007324219 123.86492919921875
8.0 23.109449999 139.50852966308594 135.12503051757812
9.0 23.109449999 154.07667541503906 -140.7565460205078
0.0 23.153514999 208.3759765625 93.97764587402344
1.0 23.153514999 133.62033081054688 102.43986511230469
2.0 23.153514999 938.4453125 157.60171508789062
3.0 23.153514999 179.9022674560547 39.853172302246094
4.0 23.153514999 41.88865280151367 104.18556213378906
5.0 23.153514999 1298.3970947265625 75.19837188720703
6.0 23.153514999 195.213134765625 131.2335968017578
7.0 23.153514999 402.6730041503906 119.26478576660156
8.0 23.153514999 142.7932891845703 134.94276428222656
9.0 23.153514999 152.8296661376953 -171.7358856201172
0.0 23.197580999 210.44003295898438 85.06031036376953
1.0 23.197580999 136.64291381835938 97.08882904052734
2.0 23.197580999 968.1948852539062 156.55416870117188
3.0 23.197580999 178.5653839111328 33.011497497558594
4.0 23.197580999 46.1027717590332 103.77226257324219
5.0 23.197580999 1330.3388671875 88.99658203125
6.0 23.197580999 199.48475646972656 123.43141174316406
7.0 23.197580999 432.6036376953125 117.47373962402344
8.0 23.197580999 147.4181671142578 128.68121337890625
9.0 23.197580999 154.10809326171875 -203.89761352539062
0.0 23.241645999 213.4505157470703 79.37689208984375
1.0 23.241645999 140.65785217285156 94.02867126464844
2.0 23.241645999 995.626953125 146.99118041992188
3.0 23.241645999 178.99093627929688 29.290517807006836
4.0 23.241645999 51.36941146850586 104.03579711914062
5.0 23.241645999 1361.7412109375 94.30194091796875
6.0 23.241645999 204.30221557617188 118.5505599975586
7.0 23.241645999 460.4263610839844 114.59561157226562
8.0 23.241645999 152.44589233398438 124.86297607421875
9.0 23.241645999 155.9155731201172 -234.48562622070312
0.0 23.285710999 218.7871551513672 74.80540466308594
1.0 23.285710999 147.56275939941406 92.96745300292969
2.0 23.285710999 1021.1146850585938 99.6041259765625
3.0 23.285710999 181.38197326660156 27.377681732177734
4.0 23.285710999 68.65254974365234 118.2401351928711
5.0 23.285710999 1392.3800048828125 98.49517822265625
6.0 23.285710999 212.091064453125 115.1046142578125
7.0 23.285710999 489.1459045410156 114.56192016601562
8.0 23.285710999 160.6790771484375 122.75128936767578
9.0 23.285710999 161.86111450195312 -266.1355895996094
0.0 23.329777 222.66029357910156 67.3039779663086
1.0 23.329777 153.35165405273438 90.18065643310547
2.0 23.329777 1046.7882080078125 96.0894775390625
3.0 23.329777 181.59506225585938 23.34779167175293
4.0 23.329777 77.21470642089844 120.35584259033203
5.0 23.329777 1418.2835693359375 95.39517211914062
6.0 23.329777 219.0618438720703 109.06547546386719
7.0 23.329777 516.7146606445312 113.06736755371094
8.0 23.329777 168.2862091064453 118.36461639404297
9.0 23.329777 149.7239532470703 -298.10797119140625
0.0 23.373842 220.7510223388672 59.42059326171875
1.0 23.373842 153.58763122558594 87.21215057373047
2.0 23.373842 1079.19482421875 96.03436279296875
3.0 23.373842 176.21444702148438 19.2581844329834
4.0 23.373842 81.12548828125 122.50178527832031
5.0 23.373842 1450.639892578125 95.28141784667969
6.0 23.373842 220.57687377929688 102.24685668945312
7.0 23.373842 544.0423583984375 100.85028076171875
8.0 23.373842 170.49533081054688 113.45713806152344
9.0 23.373842 164.45684814453125 -331.80377197265625
0.0 23.417907 221.86300659179688 54.581214904785156
1.0 23.417907 157.58419799804688 88.13787841796875
2.0 23.417907 1106.73095703125 94.7758560180664
3.0 23.417907 173.7459259033203 19.126235961914062
4.0 23.417907 89.59062194824219 128.7813720703125
5.0 23.417907 1477.8575439453125 89.17227172851562
6.0 23.417907 225.71441650390625 98.50860595703125
7.0 23.417907 571.6494140625 100.04952239990234
8.0 23.417907 176.4625244140625 112.12646484375
9.0 23.417907 163.98617553710938 -357.20257568359375
0.0 23.461973 216.19908142089844 45.06746292114258
1.0 23.461973 154.2924041748047 82.95581817626953
2.0 23.461973 1134.557861328125 97.43614196777344
3.0 23.461973 165.15489196777344 13.537934303283691
4.0 23.461973 91.05228424072266 127.9858169555664
5.0 23.461973 1506.2626953125 84.0191879272461
6.0 23.461973 223.26318359375 89.18527221679688
7.0 23.461973 599.2182006835938 102.36311340332031
8.0 23.461973 174.85272216796875 104.75270080566406
9.0 23.461973 169.82444763183594 -386.80950927734375
0.0 23.506038 213.2685546875 41.074893951416016
1.0 23.506038 153.8605499267578 83.10494232177734
2.0 23.506038 1162.16015625 95.43978881835938
3.0 23.506038 159.68885803222656 13.484472274780273
4.0 23.506038 95.08464813232422 131.62550354003906
5.0 23.506038 1534.7347412109375 86.6126708984375
6.0 23.506038 223.3963623046875 85.31100463867188
7.0 23.506038 626.704345703125 103.78689575195312
8.0 23.506038 175.686767578125 102.88741302490234
9.0 23.506038 208.6551055908203 -411.8252868652344
0.0 23.550103 202.20567321777344 37.030540466308594
1.0 23.550103 145.63339233398438 83.43791198730469
2.0 23.550103 1188.7274169921875 88.05018615722656
3.0 23.550103 146.3923797607422 13.856925964355469
4.0 23.550103 92.5002670288086 135.41188049316406
5.0 23.550103 1562.0281982421875 81.85900115966797
6.0 23.550103 215.50613403320312 80.91532897949219
7.0 23.550103 651.4189453125 80.76386260986328
8.0 23.550103 168.77236938476562 100.61223602294922
9.0 23.550103 195.4957733154297 -445.96710205078125
0.0 23.594169 197.1487274169922 31.12723159790039
1.0 23.594169 143.62437438964844 81.40682983398438
2.0 23.594169 1217.230712890625 132.9352569580078
3.0 23.594169 139.60263061523438 12.264334678649902
4.0 23.594169 95.546630859375 136.23007202148438
5.0 23.594169 1593.056396484375 87.41624450683594
6.0 23.594169 213.38661193847656 74.6068344116211
7.0 23.594169 681.3972778320312 81.32341003417969
8.0 23.594169 167.7483673095703 96.23990631103516
9.0 23.594169 194.40451049804688 -479.4219055175781
0.0 23.638234 193.9385223388672 30.377458572387695
1.0 23.638234 142.80137634277344 83.22183227539062
2.0 23.638234 1242.9837646484375 137.69253540039062
3.0 23.638234 135.49562072753906 14.626999855041504
4.0 23.638234 98.42179870605469 139.39791870117188
5.0 23.638234 1622.497314453125 83.18211364746094
6.0 23.638234 212.2906036376953 73.56429290771484
7.0 23.638234 710.6649780273438 80.1416244506836
8.0 23.638234 167.3858184814453 96.44631958007812
9.0 23.638234 244.5634307861328 -492.464111328125
0.0 23.682299999 193.36050415039062 26.933189392089844
1.0 23.682299999 143.72401428222656 81.19442749023438
2.0 23.682299999 1268.3114013671875 140.8204803466797
3.0 23.682299999 134.46771240234375 13.236306190490723
4.0 23.682299999 101.76481628417969 137.94296264648438
5.0 23.682299999 1649.384521484375 123.56266784667969
6.0 23.682299999 212.92959594726562 69.89470672607422
7.0 23.682299999 737.8580322265625 108.27101135253906
8.0 23.682299999 168.33274841308594 93.48760986328125
9.0 23.682299999 243.7441864013672 -487.28173828125
0.0 23.726365 193.30894470214844 26.27946662902832
1.0 23.726365 144.13787841796875 80.94933319091797
2.0 23.726365 1295.2513427734375 141.53045654296875
3.0 23.726365 134.41366577148438 13.415918350219727
4.0 23.726365 103.12764739990234 137.38145446777344
5.0 23.726365 1676.6837158203125 121.9284896850586
6.0 23.726365 213.10964965820312 69.2369155883789
7.0 23.726365 764.97900390625 111.15452575683594
8.0 23.726365 168.5228729248047 92.99574279785156
9.0 23.726365 267.61376953125 -619.013427734375
0.0 23.77043 191.9148406982422 28.308998107910156
1.0 23.77043 142.1826934814453 82.51344299316406
2.0 23.77043 1321.148193359375 145.4388427734375
3.0 23.77043 133.46060180664062 15.2200345993042
4.0 23.77043 101.01895904541016 137.8452911376953
5.0 23.77043 1704.8214111328125 119.05841827392578
6.0 23.77043 211.1743621826172 71.52163696289062
7.0 23.77043 792.3848266601562 110.10449981689453
8.0 23.77043 166.1859893798828 94.92191314697266
9.0 23.77043 6667.61376953125 -77419.015625
0.0 23.814495999 188.67230224609375 30.689077377319336
1.0 23.814495999 139.55633544921875 85.67162322998047
2.0 23.814495999 1348.8001708984375 145.4199676513672
3.0 23.814495999 130.32098388671875 18.616968154907227
4.0 23.814495999 99.85994720458984 140.60824584960938
5.0 23.814495999 1732.868896484375 117.02964782714844
6.0 23.814495999 208.2689208984375 73.87853240966797
7.0 23.814495999 819.8206787109375 109.27606964111328
8.0 23.814495999 163.45962524414062 97.6838607788086
9.0 23.814495999 6767.61376953125 -77444.015625
0.0 23.858560999 186.728271484375 32.422489166259766
1.0 23.858560999 137.63058471679688 87.60115051269531
2.0 23.858560999 1373.5279541015625 150.86643981933594
3.0 23.858560999 128.5722198486328 20.612586975097656
4.0 23.858560999 98.3896484375 141.94093322753906
5.0 23.858560999 1760.6177978515625 115.89784240722656
6.0 23.858560999 206.1936798095703 75.86351013183594
7.0 23.858560999 847.8059692382812 85.00737762451172
8.0 23.858560999 161.2549591064453 99.59659576416016
9.0 23.858560999 6767.61376953125 -77444.015625
0.0 23.902625999 185.1704559326172 36.40308380126953
1.0 23.902625999 135.38156127929688 91.34561920166016
2.0 23.902625999 1400.4129638671875 152.10328674316406
3.0 23.902625999 127.33838653564453 24.159217834472656
4.0 23.902625999 95.7548599243164 144.62564086914062
5.0 23.902625999 1786.5772705078125 102.81391906738281
6.0 23.902625999 203.97201538085938 80.34623718261719
7.0 23.902625999 873.7958374023438 89.98312377929688
8.0 23.902625999 158.64231872558594 103.78689575195312
9.0 23.902625999 6567.61376953125 -75444.015625
0.0 23.946691999 184.20767211914062 40.31782913208008
1.0 23.946691999 134.013671875 95.49629211425781
2.0 23.946691999 1428.2564697265625 154.24774169921875
3.0 23.946691999 126.37755584716797 27.872909545898438
4.0 23.946691999 94.29288482666016 148.07000732421875
5.0 23.946691999 1814.23388671875 108.14265441894531
6.0 23.946691999 202.7315673828125 84.82634735107422
7.0 23.946691999 901.7320556640625 94.89283752441406
8.0 23.946691999 157.0623016357422 108.15198516845703
9.0 23.946691999 6592.61376953125 -75456.515625
0.0 23.990756999 183.23345947265625 46.126468658447266
1.0 23.990756999 132.7517852783203 102.15498352050781
2.0 23.990756999 1455.5001220703125 156.29159545898438
3.0 23.990756999 125.19185638427734 33.79925537109375
4.0 23.990756999 93.10789489746094 154.19232177734375
5.0 23.990756999 1839.49853515625 114.43451690673828
6.0 23.990756999 201.7290802001953 91.37918853759766
7.0 23.990756999 928.517333984375 106.98518371582031
8.0 23.990756999 155.7008819580078 114.91534423828125
9.0 23.990756999 6742.61376953125 -75406.515625
0.0 24.034822999 183.22349548339844 51.73162078857422
1.0 24.034822999 132.33523559570312 108.73064422607422
2.0 24.034822999 1484.9222412109375 156.3826141357422
3.0 24.034822999 124.5315170288086 39.405059814453125
4.0 24.034822999 92.54166412353516 160.43197631835938
5.0 24.034822999 1866.953369140625 120.88233947753906
6.0 24.034822999 201.78317260742188 97.92682647705078
7.0 24.034822999 955.4415283203125 107.21879577636719
8.0 24.034822999 155.25955200195312 121.65402221679688
9.0 24.034822999 6642.61376953125 -75506.515625
0.0 24.078887999 183.11068725585938 56.290199279785156
1.0 24.078887999 130.92857360839844 113.7655029296875
2.0 24.078887999 1512.6708984375 154.89927673339844
3.0 24.078887999 123.7906494140625 43.163169860839844
4.0 24.078887999 90.09288787841797 164.9271697998047
5.0 24.078887999 1893.8590087890625 128.30572509765625
6.0 24.078887999 201.1968994140625 103.64298248291016
7.0 24.078887999 982.0829467773438 112.1506118774414
8.0 24.078887999 153.7110595703125 127.28878021240234
9.0 24.078887999 6680.11376953125 -75525.265625
0.0 24.122952999 184.76657104492188 62.5640869140625
1.0 24.122952999 131.02601623535156 120.55107879638672
2.0 24.122952999 1538.598876953125 160.1417236328125
3.0 24.122952999 124.6169662475586 48.40966033935547
4.0 24.122952999 88.7136459350586 170.8994598388672
5.0 24.122952999 1918.8504638671875 138.06796264648438
6.0 24.122952999 202.3379364013672 111.3143310546875
7.0 24.122952999 1009.6200561523438 82.87480926513672
8.0 24.122952999 153.6862030029297 134.7052764892578
9.0 24.122952999 6980.11376953125 -75425.265625
0.0 24.167019 188.71302795410156 66.94087219238281
1.0 24.167019 133.00218200683594 125.29660034179688
2.0 24.167019 1567.7777099609375 159.0293426513672
3.0 24.167019 127.5368881225586 51.51616287231445
4.0 24.167019 91.57904052734375 203.72015380859375
5.0 24.167019 1940.8216552734375 175.001708984375
6.0 24.167019 205.5009002685547 117.27326965332031
7.0 24.167019 1037.1099853515625 85.4503402709961
8.0 24.167019 155.55078125 140.3390350341797
9.0 24.167019 7005.11376953125 -75450.265625
0.0 24.211084 195.85626220703125 73.4105453491211
1.0 24.211084 137.81040954589844 131.87034606933594
2.0 24.211084 1595.452392578125 158.36886596679688
3.0 24.211084 133.71209716796875 56.32556915283203
4.0 24.211084 77.1159439086914 240.05230712890625
5.0 24.211084 1964.7882080078125 222.1327667236328
6.0 24.211084 211.57810974121094 125.48230743408203
7.0 24.211084 1062.5924072265625 87.35881805419922
8.0 24.211084 159.95375061035156 147.97015380859375
9.0 24.211084 6905.11376953125 -75525.265625
0.0 24.255148999 202.3763885498047 77.63660430908203
1.0 24.255148999 142.1992645263672 136.4518280029297
2.0 24.255148999 1624.6666259765625 137.01364135742188
3.0 24.255148999 139.04806518554688 59.11842727661133
4.0 24.255148999 76.76288604736328 274.707275390625
5.0 24.255148999 1964.7882080078125 272.13275146484375
6.0 24.255148999 217.2346954345703 131.26132202148438
7.0 24.255148999 1089.40087890625 86.2940902709961
8.0 24.255148999 164.15017700195312 153.4640655517578
9.0 24.255148999 7505.11376953125 -75225.265625
0.0 24.299215 206.714599609375 79.39732360839844
1.0 24.299215 144.8968505859375 139.01866149902344
2.0 24.299215 1650.6102294921875 138.28097534179688
3.0 24.299215 141.97779846191406 60.01355743408203
4.0 24.299215 75.7573013305664 306.0967712402344
5.0 24.299215 2027.2882080078125 272.13275146484375
6.0 24.299215 221.0825653076172 134.49716186523438
7.0 24.299215 1115.109375 87.0759506225586
8.0 24.299215 166.7664337158203 156.5781707763672
9.0 24.299215 7630.11376953125 -75237.765625
0.0 24.34328 208.38723754882812 79.44161224365234
1.0 24.34328 144.82142639160156 139.36962890625
2.0 24.34328 1676.8408203125 138.73983764648438
3.0 24.34328 142.54774475097656 58.94511795043945
4.0 24.34328 74.80927276611328 337.67681884765625
5.0 24.34328 2027.2882080078125 272.13275146484375
6.0 24.34328 222.0989532470703 135.81434631347656
7.0 24.34328 1146.4049072265625 118.3528823852539
8.0 24.34328 166.67678833007812 157.5829620361328
9.0 24.34328 7630.11376953125 -75237.765625
0.0 24.387345 207.4185333251953 81.80162811279297
1.0 24.387345 141.1963653564453 140.7650909423828
2.0 24.387345 1704.1513671875 156.56138610839844
3.0 24.387345 141.0888214111328 59.243595123291016
4.0 24.387345 73.78656768798828 370.0405578613281
5.0 24.387345 1927.2882080078125 422.13275146484375
6.0 24.387345 219.4071807861328 139.3086700439453
7.0 24.387345 1174.521728515625 116.04136657714844
8.0 24.387345 162.71543884277344 160.1796417236328
9.0 24.387345 7630.11376953125 -75287.765625
0.0 24.431411 203.6445770263672 87.09799194335938
1.0 24.431411 134.92889404296875 144.5063018798828
2.0 24.431411 1729.7401123046875 167.86160278320312
3.0 24.431411 137.4093475341797 62.33338928222656
4.0 24.431411 78.01428985595703 402.00543212890625
5.0 24.431411 1914.7882080078125 472.13275146484375
6.0 24.431411 213.8116455078125 145.26681518554688
7.0 24.431411 1200.74169921875 117.56056213378906
8.0 24.431411 155.994873046875 164.9489288330078
9.0 24.431411 7780.11376953125 -75237.765625
0.0 24.475476 201.27310180664062 88.22760009765625
1.0 24.475476 130.9639129638672 143.86648559570312
2.0 24.475476 1760.7200927734375 124.77304077148438
3.0 24.475476 135.63751220703125 61.63287353515625
4.0 24.475476 79.32227325439453 435.1971740722656
5.0 24.475476 1914.7882080078125 547.1327514648438
6.0 24.475476 209.89340209960938 146.56663513183594
7.0 24.475476 1228.3699951171875 117.10501098632812
8.0 24.475476 151.49090576171875 165.0835723876953
9.0 24.475476 7880.11376953125 -75212.765625
0.0 24.519542 202.4275360107422 89.32171630859375
1.0 24.519542 132.41226196289062 144.59608459472656
2.0 24.519542 1787.520751953125 124.83558654785156
3.0 24.519542 137.2799530029297 62.792137145996094
4.0 24.519542 79.04773712158203 466.53155517578125
5.0 24.519542 2304.7880859375 5.13275146484375
6.0 24.519542 210.96170043945312 147.2639617919922
7.0 24.519542 1255.249755859375 117.08809661865234
8.0 24.519542 152.82528686523438 165.72708129882812
9.0 24.519542 7867.61376953125 -75256.515625
0.0 24.563607 203.24383544921875 87.05818939208984
1.0 24.563607 134.01873779296875 141.44049072265625
2.0 24.563607 1814.959228515625 118.33363342285156
3.0 24.563607 139.0359649658203 60.6879997253418
4.0 24.563607 81.11096954345703 498.55572509765625
5.0 24.563607 2325.730712890625 -21.874631881713867
6.0 24.563607 211.64004516601562 144.163818359375
7.0 24.563607 1283.2550048828125 116.35550689697266
8.0 24.563607 154.15493774414062 162.43777465820312
9.0 24.563607 7892.61376953125 -75262.765625
0.0 24.607672 205.15078735351562 86.40016174316406
1.0 24.607672 136.5192413330078 138.4917449951172
2.0 24.607672 1842.922119140625 118.89283752441406
3.0 24.607672 142.78297424316406 59.48403549194336
4.0 24.607672 89.8139419555664 533.7059326171875
5.0 24.607672 2375.730712890625 -9.374631881713867
6.0 24.607672 212.61245727539062 142.2111053466797
7.0 24.607672 1310.913818359375 115.95835876464844
8.0 24.607672 155.92860412597656 159.67010498046875
9.0 24.607672 7942.61376953125 -75250.265625
0.0 24.651737999 205.18939208984375 86.85128784179688
1.0 24.651737999 138.14720153808594 137.10400390625
2.0 24.651737999 1868.955322265625 115.01071166992188
3.0 24.651737999 144.69505310058594 60.1945686340332
4.0 24.651737999 95.8623046875 565.0772094726562
5.0 24.651737999 2507.730712890625 14.625368118286133
6.0 24.651737999 212.39630126953125 140.94090270996094
7.0 24.651737999 1337.62158203125 116.87213134765625
8.0 24.651737999 157.00804138183594 157.96229553222656
9.0 24.651737999 8242.61328125 -75150.265625
0.0 24.695802999 203.57000732421875 85.587890625
1.0 24.695802999 138.62301635742188 134.13131713867188
2.0 24.695802999 1896.995849609375 114.17715454101562
3.0 24.695802999 145.05325317382812 59.60002136230469
4.0 24.695802999 103.02349853515625 591.87548828125
5.0 24.695802999 2535.37744140625 13.447359085083008
6.0 24.695802999 210.7991180419922 137.7213897705078
7.0 24.695802999 1365.6787109375 116.2056884765625
8.0 24.695802999 157.13580322265625 154.41641235351562
9.0 24.695802999 8242.61328125 -75150.265625
0.0 24.739868 201.59823608398438 83.6240234375
1.0 24.739868 138.96475219726562 130.44471740722656
2.0 24.739868 1923.664306640625 113.297607421875
3.0 24.739868 145.0832977294922 58.44369888305664
4.0 24.739868 138.1743927001953 626.67529296875
5.0 24.739868 2563.6845703125 15.026979446411133
6.0 24.739868 208.94473266601562 133.6340789794922
7.0 24.739868 1392.3258056640625 114.10247802734375
8.0 24.739868 157.11346435546875 150.0577392578125
9.0 24.739868 8242.61328125 -75100.265625
0.0 24.783933999 198.4554901123047 81.94820404052734
1.0 24.783933999 137.9571990966797 126.833984375
2.0 24.783933999 1951.4091796875 112.4066162109375
3.0 24.783933999 144.028564453125 57.399375915527344
4.0 24.783933999 138.0171661376953 657.1388549804688
5.0 24.783933999 2589.776611328125 14.043703079223633
6.0 24.783933999 205.72943115234375 129.8297882080078
7.0 24.783933999 1420.3814697265625 114.86163330078125
8.0 24.783933999 155.69769287109375 145.80572509765625
9.0 24.783933999 8267.61328125 -75125.265625
0.0 24.827998999 194.8667449951172 80.15934753417969
1.0 24.827998999 136.6001434326172 123.31588745117188
2.0 24.827998999 1980.6810302734375 122.18997192382812
3.0 24.827998999 142.49517822265625 56.351253509521484
4.0 24.827998999 139.0808868408203 688.1241455078125
5.0 24.827998999 2616.282470703125 13.205598831176758
6.0 24.827998999 202.22427368164062 125.99544525146484
7.0 24.827998999 1449.4222412109375 125.631591796875
8.0 24.827998999 154.004638671875 141.6239471435547
9.0 24.827998999 8167.61328125 -75200.265625
0.0 24.872063999 189.20729064941406 78.74098205566406
1.0 24.872063999 132.89913940429688 119.76116943359375
2.0 24.872063999 2006.94921875 122.73218536376953
3.0 24.872063999 138.94277954101562 55.28243637084961
4.0 24.872063999 141.68638610839844 719.6395263671875
5.0 24.872063999 2641.1005859375 9.037141799926758
6.0 24.872063999 196.32313537597656 122.49476623535156
7.0 24.872063999 1472.5262451171875 98.13153076171875
8.0 24.872063999 149.7536163330078 137.57630920410156
9.0 24.872063999 7867.61328125 -75400.265625
0.0 24.916129999 184.84469604492188 77.80326843261719
1.0 24.916129999 130.36033630371094 117.05233001708984
2.0 24.916129999 2034.657470703125 121.03472137451172
3.0 24.916129999 136.54800415039062 54.84311294555664
4.0 24.916129999 142.72903442382812 751.3287353515625
5.0 24.916129999 2669.209716796875 9.564851760864258
6.0 24.916129999 191.83822631835938 119.7496566772461
7.0 24.916129999 1500.324951171875 101.06472778320312
8.0 24.916129999 146.859130859375 134.41957092285156
9.0 24.916129999 8467.61328125 -75100.265625
