0.0 0.368307001 135.0 53.0
1.0 0.368307001 199.0 97.0
2.0 0.368307001 116.0 145.0
3.0 0.368307001 44.0 119.0
4.0 0.368307001 203.0 151.0
5.0 0.368307001 160.0 176.0
6.0 0.368307001 216.0 28.0
0.0 0.412372001 134.38760375976562 52.4476318359375
1.0 0.412372001 197.71498107910156 96.24376678466797
2.0 0.412372001 115.10009765625 143.92025756835938
3.0 0.412372001 43.52092742919922 118.62610626220703
4.0 0.412372001 202.59121704101562 150.49896240234375
5.0 0.412372001 159.4760284423828 175.46646118164062
6.0 0.412372001 215.47634887695312 27.40467643737793
0.0 0.456437 133.41612243652344 52.32863998413086
1.0 0.456437 195.9361114501953 95.55115509033203
2.0 0.456437 113.93901824951172 143.25132751464844
3.0 0.456437 42.75677490234375 118.71000671386719
4.0 0.456437 202.026611328125 150.2293243408203
5.0 0.456437 158.7811279296875 175.70263671875
6.0 0.456437 214.52334594726562 26.964187622070312
0.0 0.500503 132.02723693847656 52.40395736694336
1.0 0.500503 194.11402893066406 95.53288269042969
2.0 0.500503 112.26300811767578 142.9711151123047
3.0 0.500503 41.47871017456055 118.69561767578125
4.0 0.500503 200.7332763671875 150.40713500976562
5.0 0.500503 157.3695526123047 176.4195556640625
6.0 0.500503 213.34422302246094 26.963468551635742
0.0 0.544568 130.02139282226562 52.68283462524414
1.0 0.544568 191.6084747314453 96.17064666748047
2.0 0.544568 109.5265884399414 142.83364868164062
3.0 0.544568 39.32957458496094 118.48774719238281
4.0 0.544568 198.43185424804688 151.18701171875
5.0 0.544568 154.8245391845703 177.78057861328125
6.0 0.544568 211.79751586914062 27.591934204101562
0.0 0.588633001 127.24529266357422 53.414371490478516
1.0 0.588633001 188.59486389160156 96.83447265625
2.0 0.588633001 106.45254516601562 143.25906372070312
3.0 0.588633001 36.735111236572266 119.04342651367188
4.0 0.588633001 195.8466033935547 152.07357788085938
5.0 0.588633001 152.31610107421875 179.7890625
6.0 0.588633001 209.4563751220703 28.17660903930664
0.0 0.632699001 123.31155395507812 53.477935791015625
1.0 0.632699001 184.64244079589844 96.66329193115234
2.0 0.632699001 102.58592987060547 143.13876342773438
3.0 0.632699001 33.397735595703125 119.40030670166016
4.0 0.632699001 192.48468017578125 152.1283721923828
5.0 0.632699001 148.952880859375 180.37655639648438
6.0 0.632699001 206.01712036132812 27.83466148376465
0.0 0.676764001 119.01071166992188 54.44773864746094
1.0 0.676764001 180.30308532714844 97.37828826904297
2.0 0.676764001 98.37752532958984 143.87255859375
3.0 0.676764001 29.747236251831055 120.48248291015625
4.0 0.676764001 188.77613830566406 153.02169799804688
5.0 0.676764001 145.3741455078125 183.9823760986328
6.0 0.676764001 202.17816162109375 28.270235061645508
0.0 0.720829 113.84546661376953 55.55447006225586
1.0 0.720829 175.16412353515625 98.19601440429688
2.0 0.720829 93.39373779296875 144.82473754882812
3.0 0.720829 25.440446853637695 121.7245101928711
4.0 0.720829 184.2993621826172 154.0054168701172
5.0 0.720829 218.34820556640625 -392.6871337890625
6.0 0.720829 197.53245544433594 28.782255172729492
0.0 0.764895 108.33753967285156 55.938167572021484
1.0 0.764895 169.317626953125 98.81690216064453
2.0 0.764895 87.3792953491211 144.91746520996094
3.0 0.764895 20.336782455444336 121.70124816894531
4.0 0.764895 178.64108276367188 154.86509704589844
5.0 0.764895 218.56533813476562 -424.640380859375
6.0 0.764895 192.85302734375 29.382497787475586
0.0 0.80896 102.7557373046875 56.337520599365234
1.0 0.80896 163.35601806640625 99.55355834960938
2.0 0.80896 81.2450180053711 144.9959716796875
3.0 0.80896 15.261597633361816 121.56330871582031
4.0 0.80896 172.7701416015625 155.80734252929688
5.0 0.80896 219.9765167236328 -453.84765625
6.0 0.80896 188.1871337890625 30.042585372924805
0.0 0.853026001 97.24058532714844 56.86456298828125
1.0 0.853026001 157.38174438476562 100.37828063964844
2.0 0.853026001 75.1353530883789 145.21484375
3.0 0.853026001 10.21943473815918 121.48487091064453
4.0 0.853026001 166.88861083984375 156.9287872314453
5.0 0.853026001 220.1470489501953 -483.90283203125
6.0 0.853026001 183.48419189453125 30.792253494262695
0.0 0.897091001 91.95326232910156 57.00619125366211
1.0 0.897091001 151.59237670898438 100.93090057373047
2.0 0.897091001 69.28754425048828 145.01280212402344
3.0 0.897091001 5.534219741821289 120.92921447753906
4.0 0.897091001 161.20791625976562 157.73802185058594
5.0 0.897091001 221.05198669433594 -511.60626220703125
6.0 0.897091001 179.0608673095703 31.291791915893555
0.0 0.941156001 86.47265625 56.219512939453125
1.0 0.941156001 145.60447692871094 100.49940490722656
2.0 0.941156001 63.289306640625 143.98963928222656
3.0 0.941156001 -45.72185134887695 119.7813491821289
4.0 0.941156001 155.304931640625 157.6773223876953
5.0 0.941156001 223.6306915283203 -537.5538940429688
6.0 0.941156001 174.49520874023438 30.90108871459961
0.0 0.985222001 80.77867889404297 55.76124572753906
1.0 0.985222001 139.43484497070312 100.19102478027344
2.0 0.985222001 57.29375457763672 143.23098754882812
3.0 0.985222001 -80.84881591796875 117.8837661743164
4.0 0.985222001 149.3511199951172 157.6775360107422
5.0 0.985222001 222.38438415527344 -569.6229858398438
6.0 0.985222001 169.54310607910156 30.52959442138672
0.0 1.029287 75.3074951171875 54.847801208496094
1.0 1.029287 133.37403869628906 99.55183410644531
2.0 1.029287 51.397491455078125 142.0779266357422
3.0 1.029287 -110.70274353027344 116.26353454589844
4.0 1.029287 143.40403747558594 157.39285278320312
5.0 1.029287 222.5179901123047 -601.4536743164062
6.0 1.029287 164.76028442382812 29.92822265625
0.0 1.073352 69.35803985595703 52.7421760559082
1.0 1.073352 126.5656509399414 97.95513916015625
2.0 1.073352 44.66569900512695 139.6671142578125
3.0 1.073352 -177.06683349609375 121.45669555664062
4.0 1.073352 136.3917694091797 156.18304443359375
5.0 1.073352 223.3348846435547 -630.501220703125
6.0 1.073352 159.66432189941406 28.592613220214844
0.0 1.117418001 64.18511962890625 52.07854461669922
1.0 1.117418001 120.84906768798828 97.30485534667969
2.0 1.117418001 39.3996467590332 138.71078491210938
3.0 1.117418001 -206.69296264648438 106.71843719482422
4.0 1.117418001 130.91580200195312 155.79391479492188
5.0 1.117418001 224.0688934326172 -659.8495483398438
6.0 1.117418001 154.91676330566406 27.886287689208984
0.0 1.161483001 59.036800384521484 50.57784652709961
1.0 1.161483001 114.89808654785156 96.1412582397461
2.0 1.161483001 33.7137336730957 136.94967651367188
3.0 1.161483001 -239.05784606933594 104.82743835449219
4.0 1.161483001 124.86856079101562 154.95205688476562
5.0 1.161483001 224.1769256591797 -695.021728515625
6.0 1.161483001 150.3104248046875 26.92767333984375
0.0 1.205549001 54.39775848388672 49.226993560791016
1.0 1.205549001 109.63005828857422 94.84129333496094
2.0 1.205549001 28.816551208496094 135.31106567382812
3.0 1.205549001 -267.7099304199219 107.49293518066406
4.0 1.205549001 119.65084075927734 153.90664672851562
5.0 1.205549001 221.11900329589844 -724.6519775390625
6.0 1.205549001 145.99229431152344 25.663082122802734
0.0 1.249614 50.49038314819336 47.84237289428711
1.0 1.249614 105.16686248779297 93.55679321289062
2.0 1.249614 24.72437858581543 133.76272583007812
3.0 1.249614 -296.61480712890625 104.88981628417969
4.0 1.249614 115.22916412353516 152.86744689941406
5.0 1.249614 219.50511169433594 -759.0924072265625
6.0 1.249614 142.38597106933594 24.463546752929688
0.0 1.293679 47.486778259277344 46.72240447998047
1.0 1.293679 101.697265625 92.42549133300781
2.0 1.293679 21.61474609375 132.4890899658203
3.0 1.293679 -326.2597351074219 106.05484771728516
4.0 1.293679 111.83639526367188 151.9641876220703
5.0 1.293679 221.44581604003906 -789.4388427734375
6.0 1.293679 139.5558624267578 23.377601623535156
0.0 1.337745001 44.567989349365234 45.65753936767578
1.0 1.337745001 98.35426330566406 91.33377075195312
2.0 1.337745001 18.583696365356445 131.2650146484375
3.0 1.337745001 -354.44879150390625 106.89234924316406
4.0 1.337745001 108.56883239746094 151.09353637695312
5.0 1.337745001 221.9452667236328 -818.9909057617188
6.0 1.337745001 136.82943725585938 22.363861083984375
0.0 1.381810001 42.267982482910156 44.186702728271484
1.0 1.381810001 95.66976165771484 89.85136413574219
2.0 1.381810001 16.117488861083984 129.64674377441406
3.0 1.381810001 -383.2743835449219 108.41312408447266
4.0 1.381810001 105.86907958984375 149.7852020263672
5.0 1.381810001 221.2265167236328 -852.3787841796875
6.0 1.381810001 134.66781616210938 20.92584228515625
0.0 1.425875001 41.19500732421875 43.2591552734375
1.0 1.425875001 94.17738342285156 89.1444091796875
2.0 1.425875001 14.57625961303711 128.4530029296875
3.0 1.425875001 -411.6003112792969 105.00885009765625
4.0 1.425875001 104.21776580810547 149.2227783203125
5.0 1.425875001 222.8546600341797 -881.5640258789062
6.0 1.425875001 133.7892303466797 20.422178268432617
0.0 1.469941 40.65041732788086 42.85065841674805
1.0 1.469941 93.54020690917969 88.72399139404297
2.0 1.469941 14.01512336730957 127.96643829345703
3.0 1.469941 -439.9096984863281 102.53924560546875
4.0 1.469941 103.6886978149414 148.9118194580078
5.0 1.469941 224.9557342529297 -907.4423217773438
6.0 1.469941 133.30181884765625 19.992685317993164
0.0 1.514006001 40.35589599609375 42.8128776550293
1.0 1.514006001 93.2682113647461 88.57306671142578
2.0 1.514006001 13.775960922241211 127.91217041015625
3.0 1.514006001 -468.1763916015625 100.68862915039062
4.0 1.514006001 103.6185531616211 148.84814453125
5.0 1.514006001 225.03611755371094 -939.0352172851562
6.0 1.514006001 132.98658752441406 19.815153121948242
0.0 1.558071001 40.53056716918945 43.066768646240234
1.0 1.558071001 93.48466491699219 88.82249450683594
2.0 1.558071001 13.92405891418457 128.0724334716797
3.0 1.558071001 -496.35015869140625 99.85137176513672
4.0 1.558071001 104.03975677490234 149.19493103027344
5.0 1.558071001 226.09852600097656 -966.9319458007812
6.0 1.558071001 133.21356201171875 20.060762405395508
0.0 1.602137 41.653682708740234 44.27840805053711
1.0 1.602137 95.044921875 89.7644271850586
2.0 1.602137 15.443321228027344 129.4207763671875
3.0 1.602137 -525.2514038085938 99.45794677734375
4.0 1.602137 106.0343017578125 150.20297241210938
5.0 1.602137 229.29188537597656 -991.8621215820312
6.0 1.602137 134.23724365234375 20.78470802307129
0.0 1.646202 43.51904296875 44.347042083740234
1.0 1.646202 97.36659240722656 89.57487487792969
2.0 1.646202 17.56442642211914 129.6029052734375
3.0 1.646202 -553.5700073242188 100.3944320678711
4.0 1.646202 108.74411010742188 150.09092712402344
5.0 1.646202 227.83045959472656 -1026.866455078125
6.0 1.646202 136.11143493652344 20.51624870300293
0.0 1.690268001 46.41422653198242 44.93152618408203
1.0 1.690268001 100.36141967773438 90.61363220214844
2.0 1.690268001 19.875743865966797 130.08714294433594
3.0 1.690268001 -581.744140625 99.14471435546875
4.0 1.690268001 111.54863739013672 151.18447875976562
5.0 1.690268001 231.41453552246094 -1051.683837890625
6.0 1.690268001 139.1464385986328 21.76251220703125
0.0 1.734333001 50.71070098876953 46.27836990356445
1.0 1.734333001 104.88372039794922 92.33499908447266
2.0 1.734333001 23.673423767089844 131.2679901123047
3.0 1.734333001 -610.2744140625 99.56696319580078
4.0 1.734333001 115.93155670166016 152.87030029296875
5.0 1.734333001 291.047119140625 -1059.0902099609375
6.0 1.734333001 143.49526977539062 23.66612434387207
0.0 1.778398 53.958106994628906 47.24955368041992
1.0 1.778398 108.76982879638672 92.97197723388672
2.0 1.778398 27.335269927978516 132.41014099121094
3.0 1.778398 -638.6223754882812 103.00309753417969
4.0 1.778398 120.27104949951172 153.45547485351562
5.0 1.778398 491.047119140625 -984.0902099609375
6.0 1.778398 146.4417724609375 24.242265701293945
0.0 1.822464001 58.30620193481445 47.827308654785156
1.0 1.822464001 113.75721740722656 93.16471099853516
2.0 1.822464001 32.012271881103516 133.03846740722656
3.0 1.822464001 -666.8433227539062 104.67593383789062
4.0 1.822464001 125.60982513427734 153.5270233154297
5.0 1.822464001 891.047119140625 -734.0902099609375
6.0 1.822464001 150.38095092773438 24.490211486816406
0.0 1.866529001 63.214820861816406 47.43792724609375
1.0 1.866529001 119.13202667236328 92.58119201660156
2.0 1.866529001 36.9637336730957 132.6579132080078
3.0 1.866529001 -693.0697021484375 107.94429779052734
4.0 1.866529001 131.1260528564453 152.78614807128906
5.0 1.866529001 916.047119140625 -746.5902099609375
6.0 1.866529001 154.8867950439453 24.22052764892578
0.0 1.910594001 68.56283569335938 46.36914825439453
1.0 1.910594001 124.80027770996094 91.45951843261719
2.0 1.910594001 42.141727447509766 131.55419921875
3.0 1.910594001 -719.89208984375 107.85833740234375
4.0 1.910594001 136.70359802246094 151.5347900390625
5.0 1.910594001 891.047119140625 -796.5902099609375
6.0 1.910594001 159.86659240722656 23.593185424804688
0.0 1.95466 74.51776123046875 44.76197052001953
1.0 1.95466 130.65029907226562 90.30947875976562
2.0 1.95466 47.23850631713867 129.62559509277344
3.0 1.95466 -747.99169921875 108.60591125488281
4.0 1.95466 141.943603515625 150.21395874023438
5.0 1.95466 928.547119140625 -815.3402099609375
6.0 1.95466 165.55807495117188 23.203380584716797
0.0 1.998725 79.85680389404297 44.5316276550293
1.0 1.998725 135.9786376953125 90.42057037353516
2.0 1.998725 51.99521255493164 129.03854370117188
3.0 1.998725 -769.97900390625 195.60006713867188
4.0 1.998725 146.83242797851562 150.0841522216797
5.0 1.998725 853.547119140625 -890.3402099609375
6.0 1.998725 170.4926300048828 23.9329891204834
0.0 2.042791001 83.89912414550781 43.78021240234375
1.0 2.042791001 140.45094299316406 89.19181823730469
2.0 2.042791001 56.558250427246094 128.3846893310547
3.0 2.042791001 -819.97900390625 195.60006713867188
4.0 2.042791001 151.6181640625 148.55657958984375
5.0 2.042791001 866.047119140625 -927.8402099609375
6.0 2.042791001 173.78492736816406 22.997661590576172
0.0 2.086856 88.05329132080078 43.112064361572266
1.0 2.086856 144.69863891601562 88.3560791015625
2.0 2.086856 60.80952453613281 127.62310791015625
3.0 2.086856 -843.97900390625 75.60006713867188
4.0 2.086856 155.87493896484375 147.49429321289062
5.0 2.086856 766.047119140625 -927.8402099609375
6.0 2.086856 177.1840057373047 22.5632381439209
0.0 2.130921 93.51683044433594 45.057735443115234
1.0 2.130921 150.02822875976562 90.4983139038086
2.0 2.130921 65.97936248779297 129.2545166015625
3.0 2.130921 -871.448486328125 74.73430633544922
4.0 2.130921 160.87303161621094 149.27394104003906
5.0 2.130921 966.047119140625 -927.8402099609375
6.0 2.130921 181.7870635986328 25.102609634399414
0.0 2.174987001 98.3656997680664 43.98210525512695
1.0 2.174987001 154.92897033691406 89.09441375732422
2.0 2.174987001 71.13529968261719 127.98799896240234
3.0 2.174987001 -899.3995361328125 71.652099609375
4.0 2.174987001 165.7549285888672 147.52577209472656
5.0 2.174987001 966.047119140625 -952.8402099609375
6.0 2.174987001 185.70269775390625 24.29067039489746
0.0 2.219052001 104.27925872802734 43.8331413269043
1.0 2.219052001 161.12147521972656 88.18917846679688
2.0 2.219052001 77.9796371459961 127.79463958740234
3.0 2.219052001 -927.2573852539062 69.79837799072266
4.0 2.219052001 172.34043884277344 146.25238037109375
5.0 2.219052001 1016.047119140625 -959.0902099609375
6.0 2.219052001 190.28199768066406 23.5908260345459
0.0 2.263117001 109.69123840332031 45.38829803466797
1.0 2.263117001 165.9645538330078 90.15322875976562
2.0 2.263117001 82.82402801513672 128.7770233154297
3.0 2.263117001 -955.6383666992188 67.1787109375
4.0 2.263117001 176.5257568359375 147.7307891845703
5.0 2.263117001 916.047119140625 -959.0902099609375
6.0 2.263117001 194.7875213623047 26.166091918945312
0.0 2.307183001 115.10137176513672 45.85990524291992
1.0 2.307183001 171.0625457763672 90.5360336303711
2.0 2.307183001 88.3347396850586 128.92417907714844
3.0 2.307183001 -986.4497680664062 65.2427978515625
4.0 2.307183001 181.44134521484375 147.7218780517578
5.0 2.307183001 916.047119140625 -990.3402099609375
6.0 2.307183001 199.0455322265625 27.095165252685547
0.0 2.351248001 121.38774871826172 46.41591262817383
1.0 2.351248001 177.50930786132812 90.20997619628906
2.0 2.351248001 95.74726867675781 129.44081115722656
3.0 2.351248001 -1013.9523315429688 62.22753143310547
4.0 2.351248001 188.3798370361328 147.02780151367188
5.0 2.351248001 916.047119140625 -1015.3402099609375
6.0 2.351248001 203.7615203857422 26.877344131469727
0.0 2.395313001 128.71551513671875 47.363338470458984
1.0 2.395313001 184.56951904296875 90.91020202636719
2.0 2.395313001 103.49895477294922 130.13824462890625
3.0 2.395313001 -1044.8577880859375 49.16132736206055
4.0 2.395313001 195.39149475097656 147.35711669921875
5.0 2.395313001 928.547119140625 -1027.8402099609375
6.0 2.395313001 209.73779296875 27.897789001464844
0.0 2.439379 136.7845916748047 47.337501525878906
1.0 2.439379 191.68360900878906 91.52262115478516
2.0 2.439379 110.76187896728516 129.39207458496094
3.0 2.439379 -1073.9544677734375 47.9194450378418
4.0 2.439379 201.51416015625 147.62387084960938
5.0 2.439379 1003.547119140625 -1002.8402099609375
6.0 2.439379 217.0095977783203 29.368993759155273
0.0 2.483444 144.72784423828125 48.609683990478516
1.0 2.483444 199.2548065185547 92.59233093261719
2.0 2.483444 119.1640853881836 130.3668670654297
3.0 2.483444 -1103.0113525390625 48.43490219116211
4.0 2.483444 208.8701629638672 148.2882537841797
5.0 2.483444 1016.047119140625 -1034.0902099609375
6.0 2.483444 223.70591735839844 30.834585189819336
0.0 2.527510001 151.44363403320312 48.52351760864258
1.0 2.527510001 205.7996826171875 91.77227020263672
2.0 2.527510001 126.90066528320312 130.0935821533203
3.0 2.527510001 -1131.05908203125 44.14742660522461
4.0 2.527510001 215.7533721923828 147.22781372070312
5.0 2.527510001 1116.047119140625 -1009.0902099609375
6.0 2.527510001 229.08702087402344 30.470056533813477
0.0 2.571575 157.69309997558594 49.511695861816406
1.0 2.571575 211.58363342285156 92.58198547363281
2.0 2.571575 133.48529052734375 130.78390502929688
3.0 2.571575 -1160.5406494140625 45.2417106628418
4.0 2.571575 221.45712280273438 147.68121337890625
5.0 2.571575 1128.547119140625 -1046.5902099609375
6.0 2.571575 234.3848876953125 31.787736892700195
0.0 2.61564 162.82513427734375 49.89665985107422
1.0 2.61564 216.0988311767578 93.0673599243164
2.0 2.61564 138.6091766357422 130.76744079589844
3.0 2.61564 -1187.3665771484375 41.933650970458984
4.0 2.61564 225.7789306640625 147.89170837402344
5.0 2.61564 1141.047119140625 -1052.8402099609375
6.0 2.61564 238.51219177246094 32.50655746459961
0.0 2.659706001 167.16229248046875 50.130775451660156
1.0 2.659706001 219.9938507080078 93.15937805175781
2.0 2.659706001 143.13758850097656 130.6152801513672
3.0 2.659706001 -1214.4693603515625 35.214656829833984
4.0 2.659706001 229.63385009765625 147.77908325195312
5.0 2.659706001 1166.047119140625 -1090.3402099609375
6.0 2.659706001 261.88323974609375 33.36697769165039
0.0 2.703771001 170.5996856689453 49.03131866455078
1.0 2.703771001 223.17686462402344 91.79784393310547
2.0 2.703771001 147.03195190429688 129.28421020507812
3.0 2.703771001 -1243.4078369140625 39.433223724365234
4.0 2.703771001 232.995361328125 146.3125457763672
5.0 2.703771001 1241.047119140625 -1065.3402099609375
6.0 2.703771001 288.0005187988281 29.834543228149414
0.0 2.747836001 173.10948181152344 49.20246124267578
1.0 2.747836001 225.5326690673828 91.53034973144531
2.0 2.747836001 150.1370391845703 129.3397216796875
3.0 2.747836001 -1272.0743408203125 41.103084564208984
4.0 2.747836001 236.47824096679688 145.80645751953125
5.0 2.747836001 1241.047119140625 -1065.3402099609375
6.0 2.747836001 314.79486083984375 27.695411682128906
0.0 2.791902 174.96286010742188 48.06414794921875
1.0 2.791902 227.52880859375 89.75172424316406
2.0 2.791902 152.92864990234375 128.18968200683594
3.0 2.791902 -1300.498291015625 40.37223434448242
4.0 2.791902 242.03375244140625 142.85911560058594
5.0 2.791902 1316.047119140625 -1077.8402099609375
6.0 2.791902 338.93255615234375 24.709117889404297
0.0 2.835967001 176.20156860351562 46.7211799621582
1.0 2.835967001 228.74095153808594 88.18338012695312
2.0 2.835967001 154.63998413085938 126.78130340576172
3.0 2.835967001 -1328.119384765625 43.06583786010742
4.0 2.835967001 256.13958740234375 141.72891235351562
5.0 2.835967001 1416.047119140625 -1052.8402099609375
6.0 2.835967001 353.360107421875 21.564586639404297
0.0 2.880033 177.15919494628906 47.45669174194336
1.0 2.880033 229.60560607910156 88.74512481689453
2.0 2.880033 155.7224578857422 127.44009399414062
3.0 2.880033 -1356.8099365234375 43.29194259643555
4.0 2.880033 278.5832214355469 144.95802307128906
5.0 2.880033 1403.547119140625 -1084.0902099609375
6.0 2.880033 367.355224609375 21.983314514160156
0.0 2.924098 177.36019897460938 47.885169982910156
1.0 2.924098 229.71209716796875 89.25367736816406
2.0 2.924098 155.81387329101562 127.69693756103516
3.0 2.924098 -1385.5111083984375 43.67780685424805
4.0 2.924098 301.0542297363281 145.5958251953125
5.0 2.924098 1553.547119140625 -1059.0902099609375
6.0 2.924098 378.9991455078125 24.747270584106445
0.0 2.968163 176.71286010742188 48.54154586791992
1.0 2.968163 229.01092529296875 90.00304412841797
2.0 2.968163 154.89358520507812 128.12615966796875
3.0 2.968163 -1414.004638671875 44.19114303588867
4.0 2.968163 319.4188232421875 146.56747436523438
5.0 2.968163 1653.547119140625 -1009.0902099609375
6.0 2.968163 377.79119873046875 28.25991439819336
0.0 3.012229001 175.56329345703125 49.51140594482422
1.0 3.012229001 227.8376007080078 91.18377685546875
2.0 3.012229001 153.3867950439453 128.95591735839844
3.0 3.012229001 -1442.9522705078125 45.88901901245117
4.0 3.012229001 336.6086730957031 146.79771423339844
5.0 3.012229001 2053.547119140625 -709.0902099609375
6.0 3.012229001 394.82928466796875 33.080169677734375
0.0 3.056294001 174.38729858398438 49.24749755859375
1.0 3.056294001 226.9754180908203 90.67073822021484
2.0 3.056294001 152.3653564453125 128.72589111328125
3.0 3.056294001 -1470.7298583984375 44.35151290893555
4.0 3.056294001 374.6989440917969 145.4984130859375
5.0 3.056294001 2053.547119140625 -759.0902099609375
6.0 3.056294001 421.610595703125 35.774749755859375
0.0 3.100359 173.2982635498047 48.78665542602539
1.0 3.100359 226.2818145751953 90.0977554321289
2.0 3.100359 151.48260498046875 128.37216186523438
3.0 3.100359 -1502.07861328125 55.3890495300293
4.0 3.100359 412.13214111328125 144.53562927246094
5.0 3.100359 2078.547119140625 -796.5902099609375
6.0 3.100359 451.1231384277344 37.1053352355957
0.0 3.144425001 171.99171447753906 49.22856521606445
1.0 3.144425001 225.2546844482422 90.6662826538086
2.0 3.144425001 150.00120544433594 128.83026123046875
3.0 3.144425001 -1531.0244140625 55.71714401245117
4.0 3.144425001 446.4651794433594 145.85015869140625
5.0 3.144425001 2278.547119140625 -721.5902099609375
6.0 3.144425001 481.0231628417969 39.067420959472656
0.0 3.188490001 168.507568359375 48.96559524536133
1.0 3.188490001 222.09072875976562 90.58868408203125
2.0 3.188490001 146.1356658935547 128.5205841064453
3.0 3.188490001 -1559.7469482421875 56.20102310180664
4.0 3.188490001 476.4500427246094 143.5311737060547
5.0 3.188490001 2078.547119140625 -621.5902099609375
6.0 3.188490001 510.9851989746094 41.97502517700195
0.0 3.232555001 164.04698181152344 48.587799072265625
1.0 3.232555001 218.1475372314453 90.20345306396484
2.0 3.232555001 141.5828094482422 128.2978515625
3.0 3.232555001 -1588.81396484375 52.53214645385742
4.0 3.232555001 504.3278503417969 157.48216247558594
5.0 3.232555001 2028.547119140625 -684.0902099609375
6.0 3.232555001 543.286376953125 44.81272506713867
0.0 3.276621 158.20535278320312 49.195457458496094
1.0 3.276621 212.82716369628906 90.78791809082031
2.0 3.276621 135.55491638183594 129.03619384765625
3.0 3.276621 -1620.320068359375 72.24363708496094
4.0 3.276621 534.3418579101562 157.56143188476562
5.0 3.276621 2091.047119140625 -690.3402099609375
6.0 3.276621 570.4630737304688 46.53263854980469
0.0 3.320686001 152.33013916015625 49.379329681396484
1.0 3.320686001 207.4665985107422 90.94973754882812
2.0 3.320686001 129.5311737060547 129.3585205078125
3.0 3.320686001 -1649.6549072265625 71.30757904052734
4.0 3.320686001 562.4016723632812 156.59481811523438
5.0 3.320686001 2103.547119140625 -715.3402099609375
6.0 3.320686001 597.7823486328125 44.20126724243164
0.0 3.364751001 145.77444458007812 49.504451751708984
1.0 3.364751001 201.65037536621094 90.76434326171875
2.0 3.364751001 123.27592468261719 129.77969360351562
3.0 3.364751001 -1677.4072265625 55.962669372558594
4.0 3.364751001 586.115478515625 181.3455352783203
5.0 3.364751001 1903.547119140625 -765.3402099609375
6.0 3.364751001 621.0648803710938 39.51003646850586
0.0 3.408817 139.46009826660156 49.0573844909668
1.0 3.408817 195.90838623046875 90.13155364990234
2.0 3.408817 117.0083236694336 129.49000549316406
3.0 3.408817 -1705.1690673828125 54.60881805419922
4.0 3.408817 603.3080444335938 223.19155883789062
5.0 3.408817 1966.047119140625 -784.0902099609375
6.0 3.408817 645.0352172851562 34.35781478881836
0.0 3.452882 133.42361450195312 49.40363311767578
1.0 3.452882 190.22129821777344 90.6966323852539
2.0 3.452882 110.6287612915039 130.0060272216797
3.0 3.452882 -1734.4119873046875 52.18260192871094
4.0 3.452882 628.3080444335938 248.19155883789062
5.0 3.452882 1916.047119140625 -834.0902099609375
6.0 3.452882 668.03515625 46.66521072387695
0.0 3.496948001 126.91838836669922 49.17558288574219
1.0 3.496948001 183.82203674316406 90.8355484008789
2.0 3.496948001 103.44049072265625 129.67335510253906
3.0 3.496948001 -1761.4642333984375 49.083106994628906
4.0 3.496948001 703.3080444335938 248.19155883789062
5.0 3.496948001 1766.047119140625 -934.0902099609375
6.0 3.496948001 698.8439331054688 53.62843704223633
0.0 3.541013001 120.34244537353516 49.10031509399414
1.0 3.541013001 177.42181396484375 91.01223754882812
2.0 3.541013001 96.44695281982422 129.5758056640625
3.0 3.541013001 -1790.4014892578125 49.05766296386719
4.0 3.541013001 695.0717163085938 158.41421508789062
5.0 3.541013001 1791.047119140625 -946.5902099609375
6.0 3.541013001 726.9762573242188 52.44990921020508
0.0 3.585078 113.8067855834961 48.08146667480469
1.0 3.585078 170.64170837402344 90.72154235839844
2.0 3.585078 88.86244201660156 128.25416564941406
3.0 3.585078 -1819.920166015625 49.67658996582031
4.0 3.585078 722.707275390625 155.6342315673828
5.0 3.585078 1891.047119140625 -946.5902099609375
6.0 3.585078 741.524658203125 32.97258377075195
0.0 3.629144001 107.22574615478516 47.11776351928711
1.0 3.629144001 163.5044403076172 90.65929412841797
2.0 3.629144001 81.00630950927734 126.83353424072266
3.0 3.629144001 -1850.173095703125 53.311431884765625
4.0 3.629144001 745.63818359375 162.82489013671875
5.0 3.629144001 1916.047119140625 -984.0902099609375
6.0 3.629144001 768.0297241210938 34.607242584228516
0.0 3.673209001 99.55072784423828 47.290626525878906
1.0 3.673209001 155.85044860839844 90.6162109375
2.0 3.673209001 73.50963592529297 126.98403930664062
3.0 3.673209001 -1863.0760498046875 16.13536262512207
4.0 3.673209001 758.2152099609375 312.5316162109375
5.0 3.673209001 1891.047119140625 -1046.5902099609375
6.0 3.673209001 796.9146118164062 34.400943756103516
0.0 3.717274001 91.81095123291016 46.27342987060547
1.0 3.717274001 148.28941345214844 88.90473937988281
2.0 3.717274001 66.43315887451172 125.9959945678711
3.0 3.717274001 -1892.657958984375 16.968643188476562
4.0 3.717274001 764.4652099609375 350.0316162109375
5.0 3.717274001 1791.047119140625 -1146.5902099609375
6.0 3.717274001 830.0886840820312 43.055789947509766
0.0 3.76134 83.93807983398438 45.9283561706543
1.0 3.76134 140.27407836914062 88.29444885253906
2.0 3.76134 58.82688903808594 125.63607025146484
3.0 3.76134 -1922.0858154296875 17.434261322021484
4.0 3.76134 614.4652099609375 550.0316162109375
5.0 3.76134 1791.047119140625 -1177.8402099609375
6.0 3.76134 857.6324462890625 41.42721939086914
0.0 3.805405 77.033935546875 45.60102081298828
1.0 3.805405 132.71844482421875 88.2320785522461
2.0 3.805405 51.498905181884766 125.03160095214844
3.0 3.805405 -1951.9320068359375 18.157512664794922
4.0 3.805405 664.4652099609375 500.0316162109375
5.0 3.805405 1841.047119140625 -1184.0902099609375
6.0 3.805405 885.2031860351562 42.62540054321289
0.0 3.849471001 70.7398681640625 46.0168571472168
1.0 3.849471001 125.7983169555664 88.74172973632812
2.0 3.849471001 44.97496795654297 125.01976776123047
3.0 3.849471001 -1982.12158203125 20.31075668334961
4.0 3.849471001 564.4652099609375 500.0316162109375
5.0 3.849471001 1941.047119140625 -1109.0902099609375
6.0 3.849471001 905.5530395507812 34.40607833862305
0.0 3.893536 64.35626983642578 46.277896881103516
1.0 3.893536 118.76670837402344 88.98291778564453
2.0 3.893536 38.55790710449219 125.03040313720703
3.0 3.893536 -2012.5042724609375 23.415836334228516
4.0 3.893536 364.4652099609375 600.0316162109375
5.0 3.893536 1916.047119140625 -1146.5902099609375
6.0 3.893536 933.2892456054688 34.702152252197266
