0.0 7.298831 136.0 47.0
1.0 7.298831 201.0 93.0
2.0 7.298831 113.0 140.0
3.0 7.298831 45.0 111.0
4.0 7.298831 159.0 177.0
5.0 7.298831 199.0 149.0
6.0 7.298831 220.0 23.0
7.0 7.298831 48.0 47.0
0.0 7.342897001 135.63072204589844 46.09378433227539
1.0 7.342897001 199.69923400878906 91.77899169921875
2.0 7.342897001 112.622314453125 138.72291564941406
3.0 7.342897001 44.754825592041016 110.38285827636719
4.0 7.342897001 158.3710479736328 176.57699584960938
5.0 7.342897001 198.98036193847656 147.9686279296875
6.0 7.342897001 219.66796875 21.92704963684082
7.0 7.342897001 48.051090240478516 46.467872619628906
0.0 7.386962001 135.465087890625 45.24943161010742
1.0 7.386962001 198.6765899658203 90.9028091430664
2.0 7.386962001 112.15629577636719 137.31143188476562
3.0 7.386962001 44.59596633911133 109.58007049560547
4.0 7.386962001 157.77586364746094 176.76824951171875
5.0 7.386962001 198.8855438232422 147.15963745117188
6.0 7.386962001 219.5887908935547 21.178447723388672
7.0 7.386962001 47.90913009643555 45.59508514404297
0.0 7.431027 135.31398010253906 44.15354919433594
1.0 7.431027 198.14776611328125 89.91765594482422
2.0 7.431027 111.57148742675781 135.73757934570312
3.0 7.431027 44.254791259765625 108.25183868408203
4.0 7.431027 157.04812622070312 176.9629669189453
5.0 7.431027 198.47628784179688 146.22500610351562
6.0 7.431027 219.57797241210938 20.420307159423828
7.0 7.431027 47.67008972167969 44.2108154296875
0.0 7.475093001 135.25668334960938 43.473880767822266
1.0 7.475093001 197.69224548339844 88.98019409179688
2.0 7.475093001 111.61808776855469 134.7160186767578
3.0 7.475093001 44.339298248291016 107.82279205322266
4.0 7.475093001 157.29432678222656 177.95632934570312
5.0 7.475093001 198.8013458251953 145.3614959716797
6.0 7.475093001 219.47311401367188 19.543975830078125
7.0 7.475093001 47.81911087036133 43.81821060180664
0.0 7.519158001 135.08815002441406 41.836673736572266
1.0 7.519158001 197.19351196289062 87.28985595703125
2.0 7.519158001 111.35203552246094 132.81797790527344
3.0 7.519158001 44.11360549926758 106.35761260986328
4.0 7.519158001 157.59483337402344 179.86526489257812
5.0 7.519158001 198.68893432617188 143.730224609375
6.0 7.519158001 219.35565185546875 18.11736488342285
7.0 7.519158001 47.981239318847656 42.4356689453125
0.0 7.563223001 135.51458740234375 41.592376708984375
1.0 7.563223001 197.38314819335938 86.88927459716797
2.0 7.563223001 111.75557708740234 132.15567016601562
3.0 7.563223001 44.51185607910156 106.15846252441406
4.0 7.563223001 157.78419494628906 195.92906188964844
5.0 7.563223001 199.29808044433594 143.3380584716797
6.0 7.563223001 219.6942596435547 17.765060424804688
7.0 7.563223001 48.54668045043945 42.21358108520508
0.0 7.607289001 135.72250366210938 41.22175979614258
1.0 7.607289001 197.44078063964844 86.30006408691406
2.0 7.607289001 112.05937957763672 131.49693298339844
3.0 7.607289001 44.737552642822266 105.90555572509766
4.0 7.607289001 159.22842407226562 229.28416442871094
5.0 7.607289001 199.72857666015625 142.7671661376953
6.0 7.607289001 219.82984924316406 17.264436721801758
7.0 7.607289001 49.118350982666016 42.0489501953125
0.0 7.651354001 136.70350646972656 40.4410514831543
1.0 7.651354001 197.88095092773438 85.85453796386719
2.0 7.651354001 112.4439697265625 130.2610321044922
3.0 7.651354001 45.33963394165039 104.59627532958984
4.0 7.651354001 160.82247924804688 261.503173828125
5.0 7.651354001 200.14035034179688 142.34922790527344
6.0 7.651354001 220.97915649414062 17.192501068115234
7.0 7.651354001 50.47761154174805 40.8417854309082
0.0 7.69542 137.7532501220703 40.06237030029297
1.0 7.69542 198.01210021972656 86.48894500732422
2.0 7.69542 112.00016784667969 129.17381286621094
3.0 7.69542 45.414939880371094 102.77487182617188
4.0 7.69542 161.68060302734375 293.48272705078125
5.0 7.69542 199.59109497070312 142.9227294921875
6.0 7.69542 222.54397583007812 18.378896713256836
7.0 7.69542 51.82855987548828 39.102294921875
0.0 7.739485001 138.98355102539062 39.7952995300293
1.0 7.739485001 198.4567413330078 87.09428405761719
2.0 7.739485001 111.9731216430664 128.31088256835938
3.0 7.739485001 45.78139114379883 101.2806167602539
4.0 7.739485001 161.10763549804688 325.3709716796875
5.0 7.739485001 199.43341064453125 143.49984741210938
6.0 7.739485001 224.13278198242188 19.49907112121582
7.0 7.739485001 53.29045867919922 37.661216735839844
0.0 7.783550001 140.51312255859375 39.109432220458984
1.0 7.783550001 198.66690063476562 87.8785171508789
2.0 7.783550001 111.38520812988281 126.66629791259766
3.0 7.783550001 46.03048324584961 98.31119537353516
4.0 7.783550001 156.13328552246094 357.4261474609375
5.0 7.783550001 198.4673309326172 144.1810302734375
6.0 7.783550001 226.3873748779297 21.21261215209961
7.0 7.783550001 55.23939895629883 34.872169494628906
0.0 7.827616 142.7344512939453 38.29375457763672
1.0 7.827616 198.87820434570312 89.37958526611328
2.0 7.827616 110.3529052734375 124.46853637695312
3.0 7.827616 46.2796630859375 94.0243911743164
4.0 7.827616 154.75257873535156 389.1014404296875
5.0 7.827616 196.68609619140625 145.43008422851562
6.0 7.827616 229.56942749023438 24.24188804626465
7.0 7.827616 57.95335006713867 30.84204864501953
0.0 7.871681 145.1444854736328 38.24956512451172
1.0 7.871681 199.24388122558594 91.53997802734375
2.0 7.871681 109.63595581054688 122.97319030761719
3.0 7.871681 46.72943115234375 90.4619140625
4.0 7.871681 152.6230010986328 420.38714599609375
5.0 7.871681 195.1989288330078 147.32736206054688
6.0 7.871681 232.70652770996094 27.923994064331055
7.0 7.871681 60.985679626464844 27.723127365112305
0.0 7.915746 146.77996826171875 37.57798767089844
1.0 7.915746 198.78550720214844 92.87327575683594
2.0 7.915746 108.29783630371094 120.6787338256836
3.0 7.915746 46.77677917480469 86.33558654785156
4.0 7.915746 158.1465606689453 452.3143615722656
5.0 7.915746 192.8865203857422 148.2460479736328
6.0 7.915746 235.46563720703125 31.137041091918945
7.0 7.915746 63.298500061035156 23.9844913482666
0.0 7.959812 149.48411560058594 37.377723693847656
1.0 7.959812 198.69517517089844 95.2503433227539
2.0 7.959812 107.23060607910156 118.38946533203125
3.0 7.959812 47.54685592651367 81.55470275878906
4.0 7.959812 152.218017578125 484.36260986328125
5.0 7.959812 190.3844451904297 150.0564422607422
6.0 7.959812 238.399658203125 35.26428985595703
7.0 7.959812 66.82951354980469 19.792123794555664
0.0 8.003877 151.73263549804688 37.606170654296875
1.0 8.003877 198.02456665039062 97.87002563476562
2.0 8.003877 105.82869720458984 116.29431915283203
3.0 8.003877 48.24646759033203 77.07041931152344
4.0 8.003877 149.8199920654297 515.2439575195312
5.0 8.003877 187.28314208984375 152.02236938476562
6.0 8.003877 241.62184143066406 40.43232345581055
7.0 8.003877 70.2334976196289 16.040990829467773
0.0 8.047942 154.28379821777344 37.91717529296875
1.0 8.047942 197.92909240722656 100.20108032226562
2.0 8.047942 105.26727294921875 114.51384735107422
3.0 8.047942 49.418128967285156 73.29145812988281
4.0 8.047942 148.12432861328125 547.1049194335938
5.0 8.047942 185.09341430664062 153.83030700683594
6.0 8.047942 255.76580810546875 5.9408416748046875
7.0 8.047942 73.75598907470703 12.917346954345703
0.0 8.092008 157.20802307128906 38.71400833129883
1.0 8.092008 197.7338104248047 103.17182922363281
2.0 8.092008 104.73973846435547 112.80484771728516
3.0 8.092008 51.00919723510742 69.37249755859375
4.0 8.092008 152.75637817382812 575.375732421875
5.0 8.092008 182.54660034179688 156.22125244140625
6.0 8.092008 275.6448669433594 -18.262752532958984
7.0 8.092008 77.91529846191406 9.77305793762207
0.0 8.136073 160.43389892578125 39.92539978027344
1.0 8.136073 197.61343383789062 106.45084381103516
2.0 8.136073 104.46429443359375 111.2762680053711
3.0 8.136073 53.0515251159668 65.58326721191406
4.0 8.136073 148.46243286132812 606.4930419921875
5.0 8.136073 180.07962036132812 158.87506103515625
6.0 8.136073 363.6448669433594 -4.262752532958984
7.0 8.136073 82.47001647949219 6.791120529174805
0.0 8.180139001 163.90989685058594 40.8100471496582
1.0 8.180139001 197.1397705078125 109.6205062866211
2.0 8.180139001 104.25739288330078 108.99259185791016
3.0 8.180139001 55.490478515625 61.07712936401367
4.0 8.180139001 144.0902099609375 636.6984252929688
5.0 8.180139001 177.08856201171875 160.86070251464844
6.0 8.180139001 397.3124084472656 -28.30669593811035
7.0 8.180139001 87.2095947265625 1.6658557653427124
0.0 8.224204 168.2122802734375 42.872344970703125
1.0 8.224204 196.98731994628906 113.79129791259766
2.0 8.224204 104.5167007446289 107.35202026367188
3.0 8.224204 58.874000549316406 56.885433197021484
4.0 8.224204 133.40228271484375 666.7084350585938
5.0 8.224204 173.90798950195312 163.68499755859375
6.0 8.224204 417.3124084472656 -8.306695938110352
7.0 8.224204 93.21875 -5.3639960289001465
0.0 8.268269 171.7579345703125 44.907386779785156
1.0 8.268269 196.4330291748047 117.48011016845703
2.0 8.268269 104.64933013916016 105.83625030517578
3.0 8.268269 61.88982009887695 53.329246520996094
4.0 8.268269 130.70150756835938 696.9521484375
5.0 8.268269 170.9391326904297 165.94869995117188
6.0 8.268269 467.3124084472656 -27.05669593811035
7.0 8.268269 99.46000671386719 -31.830039978027344
0.0 8.312335001 175.81153869628906 47.50495147705078
1.0 8.312335001 195.99501037597656 121.51343536376953
2.0 8.312335001 105.31717681884766 104.49054718017578
3.0 8.312335001 65.55784606933594 49.94049835205078
4.0 8.312335001 127.70597076416016 726.7963256835938
5.0 8.312335001 168.18516540527344 168.24282836914062
6.0 8.312335001 417.3124084472656 -64.55669403076172
7.0 8.312335001 106.5627212524414 -53.25930404663086
0.0 8.356400001 179.9266815185547 50.92257308959961
1.0 8.356400001 195.45399475097656 126.14350891113281
2.0 8.356400001 106.22230529785156 103.68203735351562
3.0 8.356400001 69.62520599365234 47.19037628173828
4.0 8.356400001 123.70975494384766 757.4016723632812
5.0 8.356400001 165.32705688476562 170.94790649414062
6.0 8.356400001 467.3124084472656 -64.55669403076172
7.0 8.356400001 112.78087615966797 -64.37681579589844
0.0 8.400465001 183.20541381835938 53.77471923828125
1.0 8.400465001 195.34234619140625 129.66818237304688
2.0 8.400465001 107.37126922607422 103.38004302978516
3.0 8.400465001 73.07584381103516 45.67818832397461
4.0 8.400465001 119.24213409423828 788.6040649414062
5.0 8.400465001 162.9849395751953 175.78955078125
6.0 8.400465001 517.3123779296875 -70.80669403076172
7.0 8.400465001 117.86186981201172 -86.99517059326172
0.0 8.444531001 186.23355102539062 56.52479553222656
1.0 8.444531001 194.59718322753906 132.9789276123047
2.0 8.444531001 108.19538879394531 102.52848815917969
3.0 8.444531001 76.4761962890625 43.533241271972656
4.0 8.444531001 119.57954406738281 818.9660034179688
5.0 8.444531001 159.27867126464844 187.91329956054688
6.0 8.444531001 442.3123779296875 -120.80669403076172
7.0 8.444531001 122.4230728149414 -101.37097930908203
0.0 8.488596001 189.52345275878906 60.548946380615234
1.0 8.488596001 193.6168670654297 137.35740661621094
2.0 8.488596001 109.19227600097656 102.2397232055664
3.0 8.488596001 80.50285339355469 41.92327117919922
4.0 8.488596001 115.5360107421875 850.1931762695312
5.0 8.488596001 157.0819549560547 231.48040771484375
6.0 8.488596001 642.3123779296875 -20.80669403076172
7.0 8.488596001 129.1915740966797 -142.76046752929688
0.0 8.532661001 191.7886962890625 63.115570068359375
1.0 8.532661001 193.38670349121094 140.03868103027344
2.0 8.532661001 110.38418579101562 102.18812561035156
3.0 8.532661001 83.373046875 41.2606315612793
4.0 8.532661001 114.172119140625 880.45849609375
5.0 8.532661001 155.8374786376953 280.6363525390625
6.0 8.532661001 742.3123779296875 -8.306694030761719
7.0 8.532661001 133.30288696289062 -169.45350646972656
0.0 8.576727001 193.11587524414062 64.91527557373047
1.0 8.576727001 193.92066955566406 141.9113311767578
2.0 8.576727001 111.5054931640625 103.24382019042969
3.0 8.576727001 84.87430572509766 42.261783599853516
4.0 8.576727001 113.91356658935547 912.193603515625
5.0 8.576727001 157.31439208984375 344.5257568359375
6.0 8.576727001 795.3123779296875 -6.306694030761719
7.0 8.576727001 135.2043914794922 -206.555908203125
0.0 8.620792001 193.12103271484375 65.64839935302734
1.0 8.620792001 194.4141082763672 142.62562561035156
2.0 8.620792001 111.89813232421875 104.45270538330078
3.0 8.620792001 84.8370361328125 43.77397537231445
4.0 8.620792001 114.39586639404297 943.3047485351562
5.0 8.620792001 158.86007690429688 399.4571228027344
6.0 8.620792001 828.2465209960938 -22.428707122802734
7.0 8.620792001 133.64256286621094 -242.107421875
0.0 8.664858 191.81883239746094 65.02509307861328
1.0 8.664858 195.631103515625 141.9345703125
2.0 8.664858 112.11307525634766 106.42839050292969
3.0 8.664858 83.07930755615234 46.78483581542969
4.0 8.664858 117.6842269897461 974.1416015625
5.0 8.664858 160.85641479492188 443.9294738769531
6.0 8.664858 876.2465209960938 5.571292877197266
7.0 8.664858 128.78074645996094 -274.729248046875
0.0 8.708923 188.47943115234375 62.489768981933594
1.0 8.708923 197.3203887939453 138.84523010253906
2.0 8.708923 111.69644927978516 108.7923355102539
3.0 8.708923 79.1046371459961 51.170509338378906
4.0 8.708923 124.37033081054688 1004.7339477539062
5.0 8.708923 163.77442932128906 487.6526184082031
6.0 8.708923 901.2344970703125 -23.424360275268555
7.0 8.708923 121.11214447021484 -329.3810119628906
0.0 8.752988001 184.21009826660156 59.2347526550293
1.0 8.752988001 198.18630981445312 134.5720672607422
2.0 8.752988001 110.77529907226562 110.23927307128906
3.0 8.752988001 74.64395141601562 54.9465217590332
4.0 8.752988001 130.60707092285156 1039.8304443359375
5.0 8.752988001 167.3704376220703 541.1766357421875
6.0 8.752988001 923.2344970703125 1.5756397247314453
7.0 8.752988001 111.95706176757812 -388.98699951171875
0.0 8.797054 180.14712524414062 55.00480651855469
1.0 8.797054 198.22915649414062 129.14414978027344
2.0 8.797054 109.52843475341797 109.67608642578125
3.0 8.797054 70.77396392822266 56.46387481689453
4.0 8.797054 149.2847137451172 1076.792236328125
5.0 8.797054 169.11328125 591.4818725585938
6.0 8.797054 948.7446899414062 -21.830087661743164
7.0 8.797054 104.82810974121094 -466.54840087890625
0.0 8.841119 175.35601806640625 52.27606201171875
1.0 8.841119 198.93405151367188 124.2822494506836
2.0 8.841119 108.92483520507812 111.42540740966797
3.0 8.841119 66.6402359008789 61.2928352355957
4.0 8.841119 168.29920959472656 1029.01806640625
5.0 8.841119 171.89515686035156 622.1473999023438
6.0 8.841119 1034.74462890625 -3.830087661743164
7.0 8.841119 93.86772918701172 -408.87677001953125
0.0 8.885184 168.06683349609375 49.18288040161133
1.0 8.885184 198.87994384765625 117.57495880126953
2.0 8.885184 107.80986022949219 113.92607879638672
3.0 8.885184 61.13071823120117 68.22695922851562
4.0 8.885184 253.89047241210938 628.75927734375
5.0 8.885184 -16.804540634155273 376.9501953125
6.0 8.885184 1064.9442138671875 -26.62206268310547
7.0 8.885184 -751.6072998046875 -3108.7490234375
0.0 8.92925 161.0703582763672 44.54600524902344
1.0 8.92925 198.4322052001953 108.91468048095703
2.0 8.92925 107.3203353881836 114.19514465332031
3.0 8.92925 56.681087493896484 73.4260482788086
4.0 8.92925 244.89047241210938 770.75927734375
5.0 8.92925 -79.3045425415039 376.9501953125
6.0 8.92925 1014.9442138671875 -51.62206268310547
7.0 8.92925 -776.6072998046875 -3183.7490234375
0.0 8.973315 154.14703369140625 40.918277740478516
1.0 8.973315 196.85818481445312 101.07659912109375
2.0 8.973315 106.41846466064453 114.31880187988281
3.0 8.973315 52.72145462036133 78.42134094238281
4.0 8.973315 310.30426025390625 769.54931640625
5.0 8.973315 -54.304542541503906 526.9501953125
6.0 8.973315 614.9442138671875 -351.6220703125
7.0 8.973315 -801.6072998046875 -3196.2490234375
0.0 9.01738 146.72869873046875 39.024593353271484
1.0 9.01738 194.85931396484375 94.05440521240234
2.0 9.01738 105.92040252685547 116.07453918457031
3.0 9.01738 49.38408279418945 85.83290100097656
4.0 9.01738 240.30426025390625 824.54931640625
5.0 9.01738 -104.3045425415039 426.9501953125
6.0 9.01738 664.9442138671875 -351.6220703125
7.0 9.01738 -1801.6072998046875 -2196.2490234375
0.0 9.061446 138.75645446777344 36.31468963623047
1.0 9.061446 192.17453002929688 85.21830749511719
2.0 9.061446 105.89348602294922 116.85465240478516
3.0 9.061446 46.758689880371094 93.06936645507812
4.0 9.061446 233.05908203125 878.6078491210938
5.0 9.061446 -179.30453491210938 476.9501953125
6.0 9.061446 739.9442138671875 -345.3720703125
7.0 9.061446 -1801.6072998046875 -2283.7490234375
0.0 9.105511 130.49594116210938 32.98454666137695
1.0 9.105511 188.32574462890625 75.6557388305664
2.0 9.105511 105.63542175292969 116.29920196533203
3.0 9.105511 44.56139373779297 99.0307846069336
4.0 9.105511 315.8029479980469 875.9043579101562
5.0 9.105511 -179.30453491210938 576.9501953125
6.0 9.105511 739.9442138671875 -357.8720703125
7.0 9.105511 -1851.6072998046875 -2233.7490234375
0.0 9.149577001 123.84417724609375 31.347501754760742
1.0 9.149577001 184.77609252929688 68.80976867675781
2.0 9.149577001 105.71190643310547 116.39857482910156
3.0 9.149577001 43.52815246582031 104.49107360839844
4.0 9.149577001 365.8029479980469 975.9043579101562
5.0 9.149577001 -204.30453491210938 639.4501953125
6.0 9.149577001 689.9442138671875 -420.3720703125
7.0 9.149577001 -1901.6072998046875 -2183.7490234375
0.0 9.193642001 117.30950164794922 29.963102340698242
1.0 9.193642001 180.63015747070312 62.62379455566406
2.0 9.193642001 105.25836944580078 116.1381607055664
3.0 9.193642001 42.486454010009766 109.06249237060547
4.0 9.193642001 265.8029479980469 1075.904296875
5.0 9.193642001 -4.304534912109375 889.4501953125
6.0 9.193642001 689.9442138671875 -470.3720703125
7.0 9.193642001 -1951.6072998046875 -2158.7490234375
0.0 9.237707 112.06786346435547 28.206436157226562
1.0 9.237707 176.9750213623047 57.196075439453125
2.0 9.237707 104.62085723876953 114.94222259521484
3.0 9.237707 41.6685676574707 111.54881286621094
4.0 9.237707 253.30294799804688 1150.904296875
5.0 9.237707 -57.347774505615234 912.9625244140625
6.0 9.237707 739.9442138671875 -482.8720703125
7.0 9.237707 -2026.6072998046875 -2133.7490234375
0.0 9.281773001 108.44758605957031 27.332124710083008
1.0 9.281773001 174.50823974609375 53.2863655090332
2.0 9.281773001 104.79878234863281 114.31616973876953
3.0 9.281773001 41.832786560058594 113.9727554321289
4.0 9.281773001 353.3029479980469 1200.904296875
5.0 9.281773001 -107.3477783203125 912.9625244140625
6.0 9.281773001 802.4442138671875 -489.1220703125
7.0 9.281773001 -1951.6072998046875 -2283.7490234375
0.0 9.325838001 104.94947814941406 26.514480590820312
1.0 9.325838001 172.27967834472656 48.81086730957031
2.0 9.325838001 105.814697265625 113.53522491455078
3.0 9.325838001 43.05942916870117 116.73994445800781
4.0 9.325838001 353.3029479980469 1250.904296875
5.0 9.325838001 -182.3477783203125 887.9625244140625
6.0 9.325838001 1002.4442138671875 -389.1220703125
7.0 9.325838001 -1951.6072998046875 -2483.7490234375
0.0 9.369903001 100.36676025390625 25.824148178100586
1.0 9.369903001 169.0616455078125 43.24951171875
2.0 9.369903001 107.32546997070312 112.69196319580078
3.0 9.369903001 44.83736038208008 120.3348388671875
4.0 9.369903001 403.3029479980469 1350.904296875
5.0 9.369903001 -282.3477783203125 787.9625244140625
6.0 9.369903001 977.4442138671875 -314.1220703125
7.0 9.369903001 -1951.6072998046875 -2546.2490234375
0.0 9.413969001 96.73623657226562 26.48712158203125
1.0 9.413969001 166.60609436035156 38.87919616699219
2.0 9.413969001 109.59095764160156 112.67242431640625
3.0 9.413969001 47.849857330322266 124.59313201904297
4.0 9.413969001 503.3029479980469 1350.904296875
5.0 9.413969001 -357.3477783203125 837.9625244140625
6.0 9.413969001 577.4442138671875 -14.1220703125
7.0 9.413969001 -2551.607421875 -1746.2490234375
0.0 9.458034001 92.7270736694336 28.83303451538086
1.0 9.458034001 163.4772186279297 35.76909637451172
2.0 9.458034001 112.09170532226562 113.87574768066406
3.0 9.458034001 51.40481185913086 130.242431640625
4.0 9.458034001 453.3029479980469 1400.904296875
5.0 9.458034001 -369.8477783203125 912.9625244140625
6.0 9.458034001 577.4442138671875 -14.1220703125
7.0 9.458034001 -2601.607421875 -1771.2490234375
0.0 9.5021 89.25018310546875 31.470441818237305
1.0 9.5021 160.38963317871094 33.89360046386719
2.0 9.5021 113.7489013671875 115.20742797851562
3.0 9.5021 54.24957275390625 134.99928283691406
4.0 9.5021 428.3029479980469 1463.404296875
5.0 9.5021 -469.8477783203125 812.9625244140625
6.0 9.5021 865.4442138671875 -6.1220703125
7.0 9.5021 -2639.107421875 -1808.7490234375
0.0 9.546165001 86.51055908203125 33.774539947509766
1.0 9.546165001 157.8047637939453 32.835411071777344
2.0 9.546165001 114.73535919189453 116.3227767944336
3.0 9.546165001 56.260284423828125 138.59500122070312
4.0 9.546165001 478.3029479980469 1513.404296875
5.0 9.546165001 -1269.8477783203125 412.9625244140625
6.0 9.546165001 892.53173828125 -27.32077980041504
7.0 9.546165001 -2614.107421875 -1808.7490234375
0.0 9.590230001 84.38253784179688 34.769676208496094
1.0 9.590230001 155.6524658203125 31.842269897460938
2.0 9.590230001 114.66226959228516 116.55535125732422
3.0 9.590230001 56.881996154785156 140.24256896972656
4.0 9.590230001 453.3029479980469 1638.404296875
5.0 9.590230001 -1357.3477783203125 387.9625244140625
6.0 9.590230001 917.53173828125 -52.320777893066406
7.0 9.590230001 -2714.107421875 -1758.7490234375
0.0 9.634296 83.03404998779297 34.119747161865234
1.0 9.634296 154.306884765625 30.610946655273438
2.0 9.634296 113.70565032958984 115.63346862792969
3.0 9.634296 56.30088424682617 139.7694854736328
4.0 9.634296 553.302978515625 1638.404296875
5.0 9.634296 -1357.3477783203125 387.9625244140625
6.0 9.634296 1067.53173828125 -27.320777893066406
7.0 9.634296 -2414.107421875 -2158.7490234375
0.0 9.678361 84.77234649658203 32.852901458740234
1.0 9.678361 155.92974853515625 31.86905860900879
2.0 9.678361 112.4295425415039 115.43801879882812
3.0 9.678361 54.34600067138672 137.5442657470703
4.0 9.678361 453.302978515625 1838.404296875
5.0 9.678361 -1444.8477783203125 387.9625244140625
6.0 9.678361 1117.53173828125 -52.320777893066406
7.0 9.678361 -2514.107421875 -2108.7490234375
0.0 9.722426 88.14215850830078 31.138303756713867
1.0 9.722426 158.89720153808594 34.52094650268555
2.0 9.722426 110.54399871826172 115.24858093261719
3.0 9.722426 51.445152282714844 133.90660095214844
4.0 9.722426 353.302978515625 1938.404296875
5.0 9.722426 -1444.8477783203125 537.9625244140625
6.0 9.722426 1230.03173828125 -52.320777893066406
7.0 9.722426 -2501.607421875 -2208.7490234375
0.0 9.766492 93.0761947631836 28.19721031188965
1.0 9.766492 162.97125244140625 37.200355529785156
2.0 9.766492 108.53982543945312 113.7848129272461
3.0 9.766492 48.30297088623047 127.9119873046875
4.0 9.766492 453.302978515625 1963.404296875
5.0 9.766492 -1519.8477783203125 612.9625244140625
6.0 9.766492 1486.03173828125 43.679222106933594
7.0 9.766492 -2201.607421875 -2508.7490234375
0.0 9.810557 98.36470794677734 25.739973068237305
1.0 9.810557 167.0067596435547 40.18181610107422
2.0 9.810557 106.9224624633789 112.17171478271484
3.0 9.810557 45.89662551879883 121.73611450195312
4.0 9.810557 237.302978515625 2379.404296875
5.0 9.810557 -1557.3477783203125 625.4625244140625
6.0 9.810557 1508.6005859375 37.614830017089844
7.0 9.810557 -2201.607421875 -2508.7490234375
0.0 9.854622 103.26399230957031 23.88540267944336
1.0 9.854622 170.54690551757812 42.76939010620117
2.0 9.854622 105.92704772949219 110.49068450927734
3.0 9.854622 44.526187896728516 116.12882995605469
4.0 9.854622 291.4602966308594 2393.634765625
5.0 9.854622 -1557.3477783203125 625.4625244140625
6.0 9.854622 1514.8511962890625 -100.1898422241211
7.0 9.854622 -2251.607421875 -2533.7490234375
0.0 9.898688 106.9673843383789 21.161457061767578
1.0 9.898688 172.8459014892578 44.0186767578125
2.0 9.898688 104.11225891113281 107.52557373046875
3.0 9.898688 42.64480972290039 109.59044647216797
4.0 9.898688 233.46029663085938 2449.634765625
5.0 9.898688 -1582.3477783203125 700.4625244140625
6.0 9.898688 1602.3511962890625 -100.1898422241211
7.0 9.898688 -2151.607421875 -2633.7490234375
0.0 9.942753 111.39262390136719 19.16397476196289
1.0 9.942753 174.906982421875 47.411949157714844
2.0 9.942753 101.0945053100586 104.65070343017578
3.0 9.942753 39.88623809814453 101.79873657226562
4.0 9.942753 289.73980712890625 2461.837158203125
5.0 9.942753 -1607.3477783203125 775.4625244140625
6.0 9.942753 1002.3511962890625 -400.1898498535156
7.0 9.942753 -2051.607421875 -2683.7490234375
0.0 9.986819001 118.32412719726562 19.717267990112305
1.0 9.986819001 178.54190063476562 54.29326248168945
2.0 9.986819001 99.42718505859375 103.49462127685547
3.0 9.986819001 38.959381103515625 94.48939514160156
4.0 9.986819001 314.73980712890625 2561.837158203125
5.0 9.986819001 -1657.3477783203125 875.4625244140625
6.0 9.986819001 1127.3511962890625 -387.6898498535156
7.0 9.986819001 -1951.607421875 -2783.7490234375
0.0 10.030884 125.48467254638672 20.725299835205078
1.0 10.030884 181.74070739746094 61.64183044433594
2.0 10.030884 97.95675659179688 101.82551574707031
3.0 10.030884 38.86345291137695 86.53128814697266
4.0 10.030884 377.23980712890625 2561.837158203125
5.0 10.030884 -1707.3477783203125 825.4625244140625
6.0 10.030884 1152.3511962890625 -400.1898498535156
7.0 10.030884 -1976.607421875 -2883.7490234375
0.0 10.074949 131.2223358154297 20.764568328857422
1.0 10.074949 183.78762817382812 66.5465087890625
2.0 10.074949 96.97110748291016 99.0829849243164
3.0 10.074949 39.578453063964844 78.99491882324219
4.0 10.074949 249.23980712890625 2537.837158203125
5.0 10.074949 -1682.3477783203125 925.4625244140625
6.0 10.074949 1189.8511962890625 -412.6898498535156
7.0 10.074949 -2051.607421875 -2833.7490234375
0.0 10.119015001 136.4593963623047 21.49266242980957
1.0 10.119015001 185.42396545410156 71.41069030761719
2.0 10.119015001 96.42263793945312 97.0016098022461
3.0 10.119015001 40.73296356201172 72.66922760009766
4.0 10.119015001 249.23980712890625 2512.837158203125
5.0 10.119015001 -1682.3477783203125 1000.4625244140625
6.0 10.119015001 1189.8511962890625 -450.1898498535156
7.0 10.119015001 -2051.607421875 -2433.7490234375
0.0 10.163080001 142.40931701660156 22.964962005615234
1.0 10.163080001 186.75961303710938 77.40489196777344
2.0 10.163080001 95.97647094726562 94.83892822265625
3.0 10.163080001 42.73560333251953 65.7815933227539
4.0 10.163080001 231.07293701171875 2494.67041015625
5.0 10.163080001 -1644.8477783203125 1100.4625244140625
6.0 10.163080001 1189.8511962890625 -475.1898498535156
7.0 10.163080001 -1951.607421875 -2733.7490234375
0.0 10.207145001 147.9449005126953 25.022397994995117
1.0 10.207145001 187.30609130859375 83.68040466308594
2.0 10.207145001 95.44306945800781 92.94995880126953
3.0 10.207145001 45.057220458984375 59.31204605102539
4.0 10.207145001 221.95751953125 2618.7900390625
5.0 10.207145001 -1744.8477783203125 1075.4625244140625
6.0 10.207145001 1214.8511962890625 -475.1898498535156
7.0 10.207145001 -8351.607421875 -2733.7490234375
0.0 10.251211001 153.2181396484375 27.708335876464844
1.0 10.251211001 187.65386962890625 89.78565979003906
2.0 10.251211001 95.41170501708984 91.66063690185547
3.0 10.251211001 47.94026565551758 54.07285690307617
4.0 10.251211001 197.7711181640625 2696.598388671875
5.0 10.251211001 -1819.8477783203125 1150.4625244140625
6.0 10.251211001 1239.8511962890625 -500.1898498535156
7.0 10.251211001 -8426.607421875 -2708.7490234375
0.0 10.295276001 157.6902313232422 30.334453582763672
1.0 10.295276001 187.590087890625 95.02110290527344
2.0 10.295276001 95.53411865234375 90.5130386352539
3.0 10.295276001 50.79506301879883 49.718387603759766
4.0 10.295276001 195.3574676513672 2728.971923828125
5.0 10.295276001 -1419.8477783203125 1550.4625244140625
6.0 10.295276001 2039.8511962890625 -100.18984985351562
7.0 10.295276001 -8426.607421875 -2708.7490234375
0.0 10.339341001 162.3789520263672 33.127498626708984
1.0 10.339341001 186.9940948486328 100.34236907958984
2.0 10.339341001 95.60309600830078 88.91929626464844
3.0 10.339341001 54.1285400390625 44.781951904296875
4.0 10.339341001 196.02157592773438 2761.034423828125
5.0 10.339341001 -1319.8477783203125 1650.4625244140625
6.0 10.339341001 1989.8511962890625 -150.18984985351562
7.0 10.339341001 -8326.607421875 -2808.7490234375
0.0 10.383407001 166.9163818359375 37.50023651123047
1.0 10.383407001 185.99827575683594 106.7274398803711
2.0 10.383407001 95.91139221191406 88.41252136230469
3.0 10.383407001 57.90633773803711 41.23116683959961
4.0 10.383407001 192.42971801757812 2791.1845703125
5.0 10.383407001 -1419.8477783203125 1650.4625244140625
6.0 10.383407001 1989.8511962890625 -162.68984985351562
7.0 10.383407001 -8501.607421875 -2733.7490234375
0.0 10.427472001 170.61309814453125 41.10869598388672
1.0 10.427472001 183.53106689453125 112.05403900146484
2.0 10.427472001 95.46714782714844 86.42407989501953
3.0 10.427472001 61.39097213745117 36.28658676147461
4.0 10.427472001 189.80679321289062 2822.441650390625
5.0 10.427472001 -1469.8477783203125 1600.4625244140625
6.0 10.427472001 1989.8511962890625 -187.68984985351562
7.0 10.427472001 -8576.607421875 -2733.7490234375
0.0 10.471538 175.4174346923828 46.392093658447266
1.0 10.471538 180.61471557617188 118.73491668701172
2.0 10.471538 95.85614776611328 84.38975524902344
3.0 10.471538 66.87885284423828 31.122779846191406
4.0 10.471538 178.07485961914062 2854.265869140625
5.0 10.471538 -1494.8477783203125 1700.4625244140625
6.0 10.471538 2039.8511962890625 -187.68984985351562
7.0 10.471538 -8626.607421875 -2758.7490234375
0.0 10.515603 179.20428466796875 51.59006118774414
1.0 10.515603 177.8371124267578 124.4559555053711
2.0 10.515603 96.63148498535156 82.99938201904297
3.0 10.515603 72.0966796875 27.499305725097656
4.0 10.515603 178.01158142089844 2884.73583984375
5.0 10.515603 -1644.8477783203125 1600.4625244140625
6.0 10.515603 2114.85107421875 -162.68984985351562
7.0 10.515603 -8676.607421875 -2783.7490234375
0.0 10.559668001 181.2962646484375 54.880958557128906
1.0 10.559668001 175.22341918945312 127.72835540771484
2.0 10.559668001 96.90213012695312 81.37966918945312
3.0 10.559668001 75.6597900390625 24.56616973876953
4.0 10.559668001 178.26988220214844 2916.44091796875
5.0 10.559668001 -1707.3477783203125 1625.4625244140625
6.0 10.559668001 2114.85107421875 -162.68984985351562
7.0 10.559668001 -8751.607421875 -2808.7490234375
0.0 10.603734 183.1084442138672 59.4373664855957
1.0 10.603734 171.85533142089844 131.9199676513672
2.0 10.603734 97.14962005615234 80.35187530517578
3.0 10.603734 79.61901092529297 22.307546615600586
4.0 10.603734 180.2043914794922 2945.8154296875
5.0 10.603734 -1757.3477783203125 1675.4625244140625
6.0 10.603734 2064.85107421875 -212.68984985351562
7.0 10.603734 -9101.607421875 -2458.7490234375
0.0 10.647799 184.0321807861328 63.76752471923828
1.0 10.647799 169.46701049804688 135.85531616210938
2.0 10.647799 97.27762603759766 81.08247375488281
3.0 10.647799 82.1443862915039 22.341487884521484
4.0 10.647799 173.356201171875 2976.380859375
5.0 10.647799 -1857.3477783203125 1725.4625244140625
6.0 10.647799 2164.85107421875 -175.18984985351562
7.0 10.647799 -9076.607421875 -2458.7490234375
0.0 10.691864 185.1488037109375 65.76029968261719
1.0 10.691864 169.30050659179688 137.63726806640625
2.0 10.691864 98.20736694335938 81.65091705322266
3.0 10.691864 83.92544555664062 22.73189353942871
4.0 10.691864 172.3401336669922 3008.108154296875
5.0 10.691864 -1888.5977783203125 1762.9625244140625
6.0 10.691864 2264.85107421875 -125.18984985351562
7.0 10.691864 -9201.607421875 -2458.7490234375
0.0 10.73593 185.51283264160156 67.73914337158203
1.0 10.73593 169.75497436523438 139.7251739501953
2.0 10.73593 98.68265533447266 83.8774642944336
3.0 10.73593 84.22347259521484 25.055627822875977
4.0 10.73593 171.2599334716797 3039.620849609375
5.0 10.73593 -1838.5977783203125 1812.9625244140625
6.0 10.73593 2189.85107421875 -187.68984985351562
7.0 10.73593 -9214.107421875 -2508.7490234375
0.0 10.779995 185.8867950439453 67.16791534423828
1.0 10.779995 171.6129913330078 139.46607971191406
2.0 10.779995 99.49533081054688 85.12354278564453
3.0 10.779995 83.67811584472656 26.65730857849121
4.0 10.779995 174.5735321044922 3069.13037109375
5.0 10.779995 -1863.5977783203125 1862.9625244140625
6.0 10.779995 2214.85107421875 -187.68984985351562
7.0 10.779995 -9314.107421875 -2508.7490234375
0.0 10.824061001 185.66937255859375 67.23353576660156
1.0 10.824061001 173.1866912841797 139.8326416015625
2.0 10.824061001 99.84526824951172 87.31011199951172
3.0 10.824061001 82.53125762939453 29.362733840942383
4.0 10.824061001 176.2311248779297 3099.188232421875
5.0 10.824061001 -1913.5977783203125 1962.9625244140625
6.0 10.824061001 2239.85107421875 -187.68984985351562
7.0 10.824061001 -9264.107421875 -2608.7490234375
