0.0 15.202934 -24.967860608008344 5.176956303667134
0.0 15.249 -23.246716364163305 9.810643721751731
0.0 15.295065 -24.966596287480133 11.559463536602362
0.0 15.34113 -27.472688071351907 13.26862151677463
0.0 15.387196 -31.8881467557541 15.389565007688967
0.0 15.433261 -39.81437267165684 15.984507496302385
0.0 15.479327 -46.78620434219725 15.574753267059892
0.0 15.525392 -58.01687453249964 16.66898241852062
0.0 15.571457 -65.94557304982344 17.427577332024654
0.0 15.617523 -77.47870737845145 15.584663782283124
0.0 15.663588 -82.05519929160054 15.2250531463645
0.0 15.709653 -81.62626361062684 16.66305033532806
0.0 15.755719 -76.9822258700958 20.0416294516891
0.0 15.801784 -63.25859344542725 27.06378632381115
0.0 15.847849 -56.74692477948924 30.86126974425157
0.0 15.893915 -50.87961099378703 30.128041250754304
0.0 15.93998 -47.8471270793639 28.63531934188452
0.0 15.986046 -42.75525750156219 29.44068657965214
0.0 16.03211 -36.253650288347835 29.062503808333634
0.0 16.078176 -27.59563305782717 27.23749656550244
0.0 16.124243 -16.054135136382868 25.61510963975022
0.0 16.170307 -1.2657005635090175 24.452666030081797
0.0 16.216372 15.397801544636966 24.8660423745418
0.0 16.262438 31.59353263888179 20.97350024309665
0.0 16.308502 44.339655867937886 21.844809269499866
0.0 16.354568 50.53476263952843 20.9977880957093
0.0 16.400635 48.24516571491 23.64680731248233
0.0 16.4467 37.39279844083907 24.721221826286154
0.0 16.492765 21.285342472366356 28.70744338189249
0.0 16.53883 1.4189181275241847 32.97428235287427
0.0 16.584894 -19.253237297014742 35.6478366851279
0.0 16.63096 -35.99646623805683 38.02680613172585
0.0 16.677027 -44.871339885476424 40.39217021384952
0.0 16.723091 -49.7160302672548 41.39911336267123
0.0 16.769157 -50.00299612365006 42.633121734674454
0.0 16.815222 -43.01192881346964 43.58082511743844
0.0 16.861288 -38.36339111331743 42.35331836632222
0.0 16.907352 -33.0901592009876 43.14546510873267
0.0 16.953419 -28.632986177347203 43.17115708933438
0.0 16.999483 -23.393308701006994 42.914134301480445
0.0 17.04555 -13.016353256747427 44.587267251781654
0.0 17.091614 -0.04559906014471836 46.57800423486584
0.0 17.13768 11.659885825934506 44.4107794861715
0.0 17.183744 28.70174089916579 43.37746018774902
0.0 17.22981 40.57072120764376 42.60425089492106
0.0 17.275875 47.55686752337886 41.09262504522879
0.0 17.321941 48.11418791045257 40.404710428827954
0.0 17.368008 44.23208076972423 42.5234670370843
0.0 17.414072 36.00029645254247 44.266353200683696
0.0 17.460136 23.423267923789503 44.714177533507424
0.0 17.506203 4.405559554725396 43.52774719283497
0.0 17.552267 -17.679478602530367 42.93235589558551
0.0 17.598333 -30.499791494382386 42.52831607002038
0.0 17.6444 -39.252535223402674 41.48596529389975
0.0 17.690464 -40.620442331937085 42.60685288036782
0.0 17.73653 -34.66445031353721 44.59721991943752
0.0 17.782595 -28.47200471845851 45.500783180426744
0.0 17.82866 -23.62338913832349 48.01714394713826
0.0 17.874725 -19.15801299771729 46.39346862789585
0.0 17.920792 -13.576913839019173 42.53517353123623
0.0 17.966856 -11.825339534111823 36.10134430624997
0.0 18.012922 -2.55234056045777 31.739743577034222
0.0 18.058987 15.88049272424038 31.716256381262685
0.0 18.105053 29.741530703253105 28.563587754367553
0.0 18.151117 45.182735964570945 26.203107596674986
0.0 18.197184 56.09348711615478 25.713989950625304
0.0 18.24325 65.89027551744294 25.26773202587102
0.0 18.289314 67.38267693957108 27.904268601155934
0.0 18.335379 64.56344077532395 28.8432217176209
0.0 18.381445 55.38482091853815 33.0839949962006
0.0 18.42751 38.9786058016772 34.54051901300448
0.0 18.473576 19.032121909540265 35.53653263375361
0.0 18.519642 -3.6017626704568166 35.25348720812543
0.0 18.565706 -22.55094552124522 34.20395833674388
0.0 18.61177 -34.748578295738824 36.55776198021866
0.0 18.657837 -42.66658201318624 36.599641561238414
0.0 18.703901 -49.14963278987348 36.13761500641988
0.0 18.749968 -42.93696200838398 41.51405337267708
0.0 18.796034 -42.71291478766421 40.14740799249754
0.0 18.842098 -46.70615203506456 38.1758265520104
0.0 18.888165 -47.76128367866922 38.67482349546297
1.0 15.202934 286.1794738529857 100.28175024593571
1.0 15.249 284.240332738769 101.10589691087543
1.0 15.295065 279.2583828627963 99.85083550373413
1.0 15.34113 275.0664034533424 98.06897175102375
1.0 15.387196 269.2157532915691 99.19787028357689
1.0 15.433261 264.0221979377893 100.06090770796713
1.0 15.479327 263.39561488365644 99.40777610621909
1.0 15.525392 259.18181785924367 102.16751511114235
1.0 15.571457 257.4189284110177 105.40152353841086
1.0 15.617523 250.99204870339545 108.15138868578748
1.0 15.663588 246.95143143947894 110.91921189350047
1.0 15.709653 242.73950187883466 114.68501303000326
1.0 15.755719 241.76796530316963 113.75556487332719
1.0 15.801784 246.96022578527345 112.42464182895945
1.0 15.847849 248.47883176710974 113.4486876329535
1.0 15.893915 251.61108585564853 113.27801656692998
1.0 15.93998 254.84377958893307 113.18430208160065
1.0 15.986046 260.8193075529546 112.01848144040517
1.0 16.03211 267.8327881352009 109.45906627034687
1.0 16.078176 273.7474919636535 106.72149508969476
1.0 16.124243 278.08138137583836 104.14930525978548
1.0 16.170307 279.7551197780774 104.10308134485405
1.0 16.216372 281.4978579407186 98.43461025993591
1.0 16.262438 279.7446436785802 97.15081993018222
1.0 16.308502 276.1811607077429 95.68992730195349
1.0 16.354568 272.7535309432082 91.61157675968197
1.0 16.400635 265.8446850926873 94.91928451525716
1.0 16.4467 260.3921693173612 96.48674545766148
1.0 16.492765 256.22448365592425 100.30464417316348
1.0 16.53883 251.7712931588267 106.7607962575215
1.0 16.584894 248.40739275498603 112.82442374041096
1.0 16.63096 244.9673652772537 119.26215968893055
1.0 16.677027 243.62010316395316 123.54462319505765
1.0 16.723091 241.90336762128248 124.16803636927563
1.0 16.769157 239.61746219162922 125.64487683106938
1.0 16.815222 242.0422852393782 122.21962521613122
1.0 16.861288 244.43855056133376 115.70598213939009
1.0 16.907352 248.40354575418996 112.10998130521122
1.0 16.953419 252.93663209763972 110.1393483891042
1.0 16.999483 257.9769044562451 106.23899074835161
1.0 17.04555 266.5403375228338 102.00845926393596
1.0 17.091614 272.8928096941916 103.66398552114968
1.0 17.13768 274.21278689897457 100.98709599625519
1.0 17.183744 278.1185840361704 99.2992261134968
1.0 17.22981 276.16403080038344 95.72645628764876
1.0 17.275875 270.5462467640457 96.06775805343293
1.0 17.321941 263.200208765606 97.16831336325174
1.0 17.368008 260.9182014472672 97.6433481743033
1.0 17.414072 262.3846760667451 97.55555059441114
1.0 17.460136 262.5973420214627 102.26377139386616
1.0 17.506203 257.6961260703492 111.99518143951538
1.0 17.552267 249.80899080834286 121.16649947987632
1.0 17.598333 248.02777502734605 127.58893042735644
1.0 17.6444 244.71596296988562 133.82529510500555
1.0 17.690464 245.43059800095216 135.6368650048472
1.0 17.73653 249.98631515360867 135.00386762154417
1.0 17.782595 257.2339945824948 130.77373328604216
1.0 17.82866 264.9044940246663 128.43114714175965
1.0 17.874725 273.3798625090533 125.52998802384201
1.0 17.920792 282.79404814472605 123.32140611165734
1.0 17.966856 285.0660742916721 122.4702438288794
1.0 18.012922 291.80011859607873 123.0376567419433
1.0 18.058987 308.27161114845 120.48133127156304
1.0 18.105053 310.6321428198048 119.42042342616476
1.0 18.151117 309.2217908390897 117.33161682255894
1.0 18.197184 301.5504261061645 111.2924373139978
1.0 18.24325 296.77263802318714 105.31966462318672
1.0 18.289314 285.070260181613 103.36634112573294
1.0 18.335379 279.29695581421737 100.92044275304156
1.0 18.381445 274.5034720400418 102.32232881189954
1.0 18.42751 269.2762865273762 103.77172237579873
1.0 18.473576 265.4349313332904 109.40839076773598
1.0 18.519642 261.63434504984826 116.62423580947127
1.0 18.565706 258.58025585323526 123.96607530180796
1.0 18.61177 258.0424598036559 129.976508923936
1.0 18.657837 255.99597369362456 134.92598464950976
1.0 18.703901 251.96019816038074 136.2286226037811
1.0 18.749968 255.6933596084538 136.4371865055836
1.0 18.796034 254.23874574588064 132.37774181176408
1.0 18.842098 249.07949855594413 131.88884692281746
1.0 18.888165 250.12596797947432 126.85170194022305
2.0 15.202934 156.88090352101696 14.287665377476435
2.0 15.249 155.4734828056084 14.5675210353472
2.0 15.295065 152.54425384836196 12.103025477001644
2.0 15.34113 150.29381801973895 9.211685709030544
2.0 15.387196 148.70752764007636 8.55102670292599
2.0 15.433261 149.27107569883455 7.538849749084759
2.0 15.479327 154.92193309632776 4.719536891489043
2.0 15.525392 160.98429087217275 5.3598423340500005
2.0 15.571457 171.20372722728462 5.633344015589985
2.0 15.617523 180.33825638344499 5.036234793781773
2.0 15.663588 191.6116779385843 4.921016076769772
2.0 15.709653 202.67931274782356 6.664166618062821
2.0 15.755719 213.85569943684357 3.2186691655602653
2.0 15.801784 226.25782089157363 -1.6829822834821122
2.0 15.847849 231.08541583949633 -2.6107093681946174
2.0 15.893915 232.74336602232518 -5.060211724903544
2.0 15.93998 227.84808855066854 -5.593126251334138
2.0 15.986046 218.78597156610456 -5.612806769701367
2.0 16.03211 206.6472769840099 -5.554072769760301
2.0 16.078176 191.6709398539921 -4.415443187346323
2.0 16.124243 174.9637363353981 -1.4695418544859757
2.0 16.170307 158.6090294266827 4.11814292814982
2.0 16.216372 142.62248783127785 5.858869181904497
2.0 16.262438 129.95615523727662 7.413215498302229
2.0 16.308502 117.68314545274524 10.235099247622703
2.0 16.354568 108.25667590995744 9.432476053357766
2.0 16.400635 102.64236233762212 12.383963910554126
2.0 16.4467 102.02108229707733 12.022963152213887
2.0 16.492765 107.67062242166443 12.600548721141335
2.0 16.53883 117.52207201533498 14.29453177448977
2.0 16.584894 131.1511025053848 15.967385553681927
2.0 16.63096 146.74269961760987 17.922726136589205
2.0 16.677027 163.92810440643655 18.494757879555067
2.0 16.723091 178.93676325395373 16.405658889344473
2.0 16.769157 191.4092022808627 16.180473416305045
2.0 16.815222 203.28843951089442 10.715509405729858
2.0 16.861288 209.03857406657212 3.0335042286796092
2.0 16.907352 209.43442523442602 -0.045301255948907077
2.0 16.953419 204.71456255179046 -0.11800332260719422
2.0 16.999483 196.1583737812035 -2.3649210373525196
2.0 17.04555 186.0659902754815 -2.4243501001594505
2.0 17.091614 173.85317754186661 4.837023314263547
2.0 17.13768 159.248315511305 6.59831033896039
2.0 17.183744 147.9065664601406 9.243552196124815
2.0 17.22981 133.91481017100597 10.651178661323
2.0 17.275875 122.41022611392357 12.206607280761691
2.0 17.321941 113.57001560647701 12.270552378037763
2.0 17.368008 110.13330039876737 14.432075987667842
2.0 17.414072 113.2553446021913 15.649425081651414
2.0 17.460136 121.65214052664435 16.92590861381214
2.0 17.506203 132.21700484510853 19.75784729277874
2.0 17.552267 142.51768554019438 23.400071369611748
2.0 17.598333 159.29516164688476 24.11067377988254
2.0 17.6444 176.29883909925456 24.5134700721934
2.0 17.690464 192.8554692734566 22.37807716941906
2.0 17.73653 209.06664530423353 17.943995426388064
2.0 17.782595 220.77424854796897 11.278144424340548
2.0 17.82866 225.5656218491531 9.86523676490572
2.0 17.874725 226.45441503719405 9.097166435563354
2.0 17.920792 224.00728217785027 10.029369313010234
2.0 17.966856 212.96599876045082 13.679161919275094
2.0 18.012922 202.16257776068022 19.077588396473953
2.0 18.058987 194.88316881213441 22.194457048630984
2.0 18.105053 181.38135920797254 25.575596996716925
2.0 18.151117 167.78635015531552 26.105642506661574
2.0 18.197184 150.20928550108206 24.872519089584785
2.0 18.24325 136.84604355425824 22.62767690153947
2.0 18.289314 122.78397231959183 23.0708283957972
2.0 18.335379 115.73992338385582 21.70185283675281
2.0 18.381445 113.7840226164385 23.273905027331665
2.0 18.42751 116.57759911110271 21.466783500836616
2.0 18.473576 125.58570370820192 21.579111114865576
2.0 18.519642 138.14466993949304 23.380269217230953
2.0 18.565706 153.34596899465717 25.423803888923775
2.0 18.61177 169.56608228482918 28.834492113443538
2.0 18.657837 184.62672988939667 31.595645229072954
2.0 18.703901 195.62296464868 32.49047245978877
2.0 18.749968 208.59832985676928 32.20124269030842
2.0 18.796034 213.822126099883 27.933321770210593
2.0 18.842098 212.12672886000095 28.07801713085799
2.0 18.888165 209.41670632113144 23.54391950462797
3.0 15.202934 131.67637766146234 41.17956774873752
3.0 15.249 130.3541900169135 41.32184578355546
3.0 15.295065 127.41490936770501 38.851906952555204
3.0 15.34113 125.24486385947779 36.083043061237504
3.0 15.387196 123.75833700497003 35.111194855974844
3.0 15.433261 124.61512371778339 33.896598000553375
3.0 15.479327 130.73174170491703 31.335063533591338
3.0 15.525392 137.5460617518068 31.75274527142373
3.0 15.571457 148.44847692395612 31.940563583351317
3.0 15.617523 158.22936386067582 31.178371996949494
3.0 15.663588 170.04975183919353 31.08390538186245
3.0 15.709653 181.64015261275296 32.73008475865084
3.0 15.755719 193.25625102938048 30.069949525573122
3.0 15.801784 205.73956356942156 26.360511835655334
3.0 15.847849 210.58228060676458 25.65565612388136
3.0 15.893915 211.52199762334754 23.27963739874099
3.0 15.93998 205.90565732154843 22.38055992821746
3.0 15.986046 196.22743991095368 22.071171646248526
3.0 16.03211 183.299131197485 21.896801100923888
3.0 16.078176 167.32370334768632 22.641113861985264
3.0 16.124243 149.60957402218847 25.1731357062215
3.0 16.170307 132.07504652183826 30.072844188235816
3.0 16.216372 115.23325482207247 32.29265832932047
3.0 16.262438 100.95005882774187 33.604576127391894
3.0 16.308502 87.63102588804988 36.498264673678015
3.0 16.354568 77.57286441139195 36.278255687702966
3.0 16.400635 71.47280691225818 38.65636212982959
3.0 16.4467 71.13814744988645 37.959259573332325
3.0 16.492765 77.87985182826063 37.91182560468718
3.0 16.53883 89.17462493158509 38.62184464062088
3.0 16.584894 104.62512818464717 39.57625437968579
3.0 16.63096 121.96298760841727 40.93147397272972
3.0 16.677027 140.73071391075712 41.47011364711303
3.0 16.723091 157.00100066504444 39.877187229199734
3.0 16.769157 170.38050453337985 39.9692240296231
3.0 16.815222 182.64417111841453 35.57237890525616
3.0 16.861288 188.4352348272212 29.136608129821237
3.0 16.907352 188.72999485795938 26.733108311155853
3.0 16.953419 183.59567647560664 26.79955833671706
3.0 16.999483 174.34923515732302 24.78031357307844
3.0 17.04555 163.57807356315467 25.093767673473543
3.0 17.091614 150.38084355303744 31.67348451969558
3.0 17.13768 134.45710754119236 33.21113927465357
3.0 17.183744 121.69057586319465 35.7685106033535
3.0 17.22981 106.58723038943486 37.39111668349129
3.0 17.275875 93.71105495621131 38.573170658853975
3.0 17.321941 83.79677346320953 38.17186794168794
3.0 17.368008 80.6194873780053 40.4102241827857
3.0 17.414072 84.87474392272601 41.89959649690653
3.0 17.460136 94.21099199577411 42.54698902942522
3.0 17.506203 105.53237461157607 43.88887974535389
3.0 17.552267 117.02164724354891 46.25795749730949
3.0 17.598333 135.09225763790587 46.440213749687366
3.0 17.6444 153.06870310569954 46.402130944545796
3.0 17.690464 170.4739577015649 44.775146077090035
3.0 17.73653 187.02747045713363 41.36569141156165
3.0 17.782595 198.73147139074294 36.217977875426314
3.0 17.82866 203.69829845110726 35.855011839226655
3.0 17.874725 204.2111827503786 35.81463684966335
3.0 17.920792 200.994892210017 37.05460654152202
3.0 17.966856 189.179097113056 40.00989364448239
3.0 18.012922 177.3726243425299 44.732214033516925
3.0 18.058987 169.13875898912517 48.16891999064816
3.0 18.105053 154.54435178248826 50.98383745420069
3.0 18.151117 139.63999724059943 51.05007835210879
3.0 18.197184 121.1670505826731 49.9282638832257
3.0 18.24325 106.9677436635358 48.13866334845202
3.0 18.289314 92.24573988176456 48.5779721885366
3.0 18.335379 85.07819969576107 47.493200174808145
3.0 18.381445 83.71253651875178 48.96890537060861
3.0 18.42751 87.38378205347914 46.86389579192186
3.0 18.473576 97.53587054942764 46.126748089450416
3.0 18.519642 111.53213254170673 47.04690961574524
3.0 18.565706 128.10558024363633 48.389256253710045
3.0 18.61177 145.90933517265748 51.74837509773326
3.0 18.657837 162.10528043748081 54.55680126953476
3.0 18.703901 174.12217437475232 55.81118263883557
3.0 18.749968 187.88203901656752 56.427990956425795
3.0 18.796034 193.3791271933367 52.83643161022461
3.0 18.842098 191.86397930079306 52.76526417055769
3.0 18.888165 189.27900062718382 48.792510613256496
4.0 15.202934 288.81939545556395 83.98754703146592
4.0 15.249 286.66883150016656 85.16316446912317
4.0 15.295065 281.4994240079102 84.37566950799263
4.0 15.34113 277.0575240955098 82.97136966838612
4.0 15.387196 270.79948856455457 84.51821833008273
4.0 15.433261 265.01446222347806 85.60201179043956
4.0 15.479327 263.5779587878919 84.83516791564969
4.0 15.525392 258.07184615258046 87.52078636463061
4.0 15.571457 254.75939541401283 90.48763751182587
4.0 15.617523 246.60124771388396 93.05423740914455
4.0 15.663588 240.70308388136775 95.50766044806505
4.0 15.709653 234.63930217125164 98.9694652672302
4.0 15.755719 231.82156451658258 97.87903721595218
4.0 15.801784 235.39118526495784 96.52111986346593
4.0 15.847849 236.3286777987769 97.66385183529799
4.0 15.893915 239.95452663930877 97.65062591583123
4.0 15.93998 244.54066959727032 97.80991959811334
4.0 15.986046 252.33067646911962 96.99523318608931
4.0 16.03211 261.7354317185776 94.75118146483254
4.0 16.078176 270.52232614015435 92.32915452126089
4.0 16.124243 277.69406546109667 90.01693670551478
4.0 16.170307 281.8628425989398 90.23463290115664
4.0 16.216372 285.3578402442931 84.70555368087463
4.0 16.262438 285.19350384667183 83.68799471407087
4.0 16.308502 282.36602829621813 82.48173599761638
4.0 16.354568 279.29511191633725 78.52288508899304
4.0 16.400635 272.21595320515337 82.17924720030608
4.0 16.4467 266.2998691716251 83.94437253690013
4.0 16.492765 261.140145969984 87.9341924449804
4.0 16.53883 255.33292329842294 94.5308888971828
4.0 16.584894 250.20745723816447 100.49644444022779
4.0 16.63096 244.66903532675846 106.72988315828931
4.0 16.677027 240.96823382050476 110.64288608074831
4.0 16.723091 236.95612011029684 110.89465769560924
4.0 16.769157 232.72368470491946 112.03045131267112
4.0 16.815222 233.6336771017579 108.41318817608456
4.0 16.861288 235.32167540760645 101.88674800318427
4.0 16.907352 239.30934127036758 98.31849512173245
4.0 16.953419 244.71822426988902 96.3763382189374
4.0 16.999483 251.24260778489094 92.71570169355309
4.0 17.04555 261.539732870524 88.59052337232318
4.0 17.091614 270.0865087605517 90.30042581933971
4.0 17.13768 273.6416044431191 87.86713348650832
4.0 17.183744 279.45223878029145 86.29746114714192
4.0 17.22981 278.83628403331414 82.95774001215779
4.0 17.275875 274.18397668504684 83.64141879231377
4.0 17.321941 267.2864555232678 85.13318306734445
4.0 17.368008 264.93638299248596 85.61562390096825
4.0 17.414072 265.9736016642209 85.2925722269462
4.0 17.460136 265.53992066659555 89.85639332925798
4.0 17.506203 259.6538952802326 99.56335269110086
4.0 17.552267 250.26506930949697 108.6528475347109
4.0 17.598333 246.59820778967875 114.74511965525679
4.0 17.6444 241.25248711551995 120.6272239256423
4.0 17.690464 239.8270657015145 121.99290071994481
4.0 17.73653 242.46781227407237 120.95274130318643
4.0 17.782595 248.36108677465586 116.3636788875799
4.0 17.82866 255.26743844419835 113.61020294591027
4.0 17.874725 263.99456860888495 110.22616123020065
4.0 17.920792 274.5874621236504 107.49849301610848
4.0 17.966856 279.235759819689 106.54106947902727
4.0 18.012922 288.5871691157055 106.95432438550606
4.0 18.058987 307.4249637854629 104.00664139029035
4.0 18.105053 312.3843658182108 103.27192741543661
4.0 18.151117 313.1477012408623 101.8464734713758
4.0 18.197184 306.7805469847838 96.59723110951641
4.0 18.24325 302.8914494578515 91.11814630950256
4.0 18.289314 291.2518209789325 89.83522034787438
4.0 18.335379 285.4477595136958 87.65609714009946
4.0 18.381445 280.1139090882577 89.22398748401108
4.0 18.42751 274.11692048677475 90.83268741885136
4.0 18.473576 269.2134268494914 96.50189748514927
4.0 18.519642 263.91955267598405 103.51743259406481
4.0 18.565706 259.03771046087365 110.47801115649426
4.0 18.61177 256.1125197114726 115.80654648806997
4.0 18.657837 251.72333185278282 119.9923872960712
4.0 18.703901 245.54434153762335 120.66540777867807
4.0 18.749968 247.10118779681608 120.29382779808458
4.0 18.796034 244.73271736743789 116.15043824663633
4.0 18.842098 239.57382144786152 115.77466314278693
4.0 18.888165 240.76065989318985 111.01511247285869
5.0 15.202934 287.3519421131973 109.64360734272344
5.0 15.249 285.36035430643295 110.57799589324118
5.0 15.295065 280.1202463837961 109.3768082780571
5.0 15.34113 275.60041096690816 107.68379813073612
5.0 15.387196 269.14742166674773 108.88138607312808
5.0 15.433261 262.97860044840803 109.8493770465582
5.0 15.479327 260.8685423474944 109.45038569076145
5.0 15.525392 254.61206233569837 112.39176584976593
5.0 15.571457 250.19242699723728 115.85602391447105
5.0 15.617523 240.70901549968386 118.62124939475525
5.0 15.663588 233.48789288400846 121.3027825800103
5.0 15.709653 226.25364413961304 124.76642655134711
5.0 15.755719 222.64193909640065 123.82112564828428
5.0 15.801784 225.76500134852145 122.7907607805617
5.0 15.847849 226.55183343543428 123.91004386971498
5.0 15.893915 230.0013894676098 123.77753773043926
5.0 15.93998 234.85090015741793 123.79107796732575
5.0 15.986046 243.50871751199819 122.96411332176167
5.0 16.03211 254.1073342096056 120.66441150101713
5.0 16.078176 264.34695953408544 117.92215531509866
5.0 16.124243 273.2832224498431 115.07149868820466
5.0 16.170307 279.2110792891565 114.48399794837033
5.0 16.216372 284.61102647779677 108.20665842437023
5.0 16.262438 285.3638965982204 106.31360050869674
5.0 16.308502 283.61155521687505 104.26907726546045
5.0 16.354568 281.18224097249686 99.7829101969023
5.0 16.400635 274.2784540644307 102.97416001928394
5.0 16.4467 268.08710485092263 104.69888203826959
5.0 16.492765 262.32497902006514 108.91501977547264
5.0 16.53883 255.5344062977415 115.91217376381013
5.0 16.584894 249.14493685742423 122.48526209161632
5.0 16.63096 242.09215799056471 129.32206074375827
5.0 16.677027 236.84468087623446 133.8415922599129
5.0 16.723091 231.49941473771963 134.50160223951897
5.0 16.769157 226.2037551306744 135.76785395267095
5.0 16.815222 226.42816888134007 132.27443739141023
5.0 16.861288 227.9279312216221 125.80803532421508
5.0 16.907352 232.19959744878958 122.33856077940098
5.0 16.953419 238.16829238392305 120.44804042881569
5.0 16.999483 245.5440225824155 116.76387777834168
5.0 17.04555 257.15757064201705 112.69302531921659
5.0 17.091614 267.18849649451596 114.04207920328705
5.0 17.13768 272.01300347958676 110.88865014230383
5.0 17.183744 279.00615531644905 108.71802583896279
5.0 17.22981 279.57245570382946 104.57174982681974
5.0 17.275875 275.4326145752501 104.4885015393379
5.0 17.321941 268.6520814523825 105.41470882752283
5.0 17.368008 266.68733513445983 105.86719347420242
5.0 17.414072 267.8631922160853 105.9690048256461
5.0 17.460136 266.7740910502876 111.12325436397398
5.0 17.506203 259.4921482109805 121.35354086358974
5.0 17.552267 248.6289368734022 130.87040236325717
5.0 17.598333 243.1504777780582 137.6676952781315
5.0 17.6444 235.79012299368944 144.01781978406405
5.0 17.690464 232.86472765878125 145.89217825695528
5.0 17.73653 234.35715388982464 145.3301244626454
5.0 17.782595 239.69094321115404 141.3588007994262
5.0 17.82866 246.74609078572328 139.30693835843732
5.0 17.874725 255.6883952083039 136.51284402766092
5.0 17.920792 266.6460044812636 134.23225693772613
5.0 17.966856 272.1106143421122 132.96662245386014
5.0 18.012922 282.70433346107177 133.1543963976692
5.0 18.058987 303.3736220709612 130.56668210272952
5.0 18.105053 309.96569248588787 129.02763861485187
5.0 18.151117 311.9892724277812 126.52004677743858
5.0 18.197184 307.07803896601325 119.92655789243085
5.0 18.24325 304.1994371076304 113.55665983216913
5.0 18.289314 293.2761397905426 111.22472791147331
5.0 18.335379 287.77285125228013 108.70367599543998
5.0 18.381445 282.5866026025871 110.23452711618621
5.0 18.42751 275.98755000917123 112.09184739241287
5.0 18.473576 269.9847682238542 118.32559083394102
5.0 18.519642 263.2713665551423 126.08934240536252
5.0 18.565706 256.64324614454 133.8447053415639
5.0 18.61177 252.24679808207605 140.07334426125794
5.0 18.657837 246.23767323534193 144.90207258767572
5.0 18.703901 238.82359198432937 145.86948364126928
5.0 18.749968 239.68176836135177 146.00873589136776
5.0 18.796034 236.84624767722286 141.76373764447487
5.0 18.842098 231.57419868564477 141.0033940730434
5.0 18.888165 233.25169302776592 136.2882185829697
6.0 15.202934 -20.473238540771092 -2.1171957663603482
6.0 15.249 -15.716819054459163 6.088890246383221
6.0 15.295065 -14.382414217788755 11.7576932612694
6.0 15.34113 -15.44109614965722 16.91918596299156
6.0 15.387196 -20.943031503611262 22.325693032632525
6.0 15.433261 -35.00699541279508 25.07356483108711
6.0 15.479327 -53.31020723049103 25.835442342949417
6.0 15.525392 -79.86903398586604 27.73569556980881
6.0 15.571457 -104.38164427570169 28.8963788508653
6.0 15.617523 -131.62719917331566 27.29087643556562
6.0 15.663588 -146.92291133349644 26.769733787818755
6.0 15.709653 -151.4718912584868 27.816824907879205
6.0 15.755719 -146.19267706269682 32.56608136717736
6.0 15.801784 -126.02654728965253 41.854487167860036
6.0 15.847849 -116.1491269155263 46.7091941163995
6.0 15.893915 -106.5029496000821 46.92724346280326
6.0 15.93998 -100.0141005970833 46.255498603709086
6.0 15.986046 -88.79852927261219 48.235092860268516
6.0 16.03211 -73.16181864063314 48.677629774867206
6.0 16.078176 -50.43886915531691 47.03958762148973
6.0 16.124243 -18.953806589082514 44.434241742045124
6.0 16.170307 20.852772497546027 41.29112061182617
6.0 16.216372 65.40310018323314 38.87110799405423
6.0 16.262438 107.10782369265019 33.41384179615801
6.0 16.308502 139.66853665643626 32.621049807510694
6.0 16.354568 158.30678278593993 30.31177526820207
6.0 16.400635 158.78221082009955 34.552726883536586
6.0 16.4467 142.5226748088331 37.80350657254718
6.0 16.492765 110.3199328100175 44.86096245103897
6.0 16.53883 67.30841076426852 52.66737675356214
6.0 16.584894 18.1178540177404 57.112969264267456
6.0 16.63096 -27.024630365140155 60.22011605198444
6.0 16.677027 -58.749977971863146 62.034446011491326
6.0 16.723091 -78.12802135963582 62.156854346388506
6.0 16.769157 -86.0728926546496 62.138040112628694
6.0 16.815222 -79.68133438050893 62.75997647136233
6.0 16.861288 -73.21022561609189 61.61843434262226
6.0 16.907352 -64.81737204444597 62.39723217011449
6.0 16.953419 -56.18383532291854 62.27607942266894
6.0 16.999483 -43.610449504396094 62.79609036971957
6.0 17.04555 -22.459477772247833 64.33209890376084
6.0 17.091614 4.595211514871044 64.949258256366
6.0 17.13768 34.40759963507284 61.73198484800493
6.0 17.183744 70.41618851698684 58.99857536028159
6.0 17.22981 100.4356974400741 56.363648199330974
6.0 17.275875 120.98315498003649 54.78506097449189
6.0 17.321941 129.20145302644232 55.60321644630667
6.0 17.368008 127.4636435786447 57.224635596189664
6.0 17.414072 114.34623357282567 58.13485308411166
6.0 17.460136 89.23762843493054 60.270027553213396
6.0 17.506203 50.65848597025948 62.19618628950899
6.0 17.552267 5.17571125213314 63.349077756539074
6.0 17.598333 -32.250469169837075 63.46836492899946
6.0 17.6444 -60.921356151945375 62.38800908142004
6.0 17.690464 -74.31933425583799 62.983380729611135
6.0 17.73653 -72.92779760800285 64.78965942098134
6.0 17.782595 -67.86758629177936 65.62107671410436
6.0 17.82866 -63.18680731035785 67.2975720503588
6.0 17.874725 -57.882809860895144 64.24007425702848
6.0 17.920792 -49.75460460653085 58.28856443131511
6.0 17.966856 -42.903500307126556 49.30958210673693
6.0 18.012922 -23.053730411611596 41.606060416948786
6.0 18.058987 11.279471592160792 38.167451717076155
6.0 18.105053 46.01188055557355 32.42620886000133
6.0 18.151117 85.60115326998063 29.933639453986395
6.0 18.197184 121.01865865851458 29.813975147080615
6.0 18.24325 150.09800359098938 29.499543382075615
6.0 18.289314 163.4566386646575 33.68457907653609
6.0 18.335379 165.61470547957214 35.36004045413559
6.0 18.381445 152.98861475672504 40.66472271506051
6.0 18.42751 125.0537559212504 45.06042092134078
6.0 18.473576 84.94836491997157 49.408201483603484
6.0 18.519642 34.953212562690716 50.802823635740005
6.0 18.565706 -13.542974637475 49.978987255845034
6.0 18.61177 -51.85840714243097 50.56896018775381
6.0 18.657837 -78.81826721032895 48.28529369018593
6.0 18.703901 -97.12288455364198 45.83666664150968
6.0 18.749968 -93.47363254089102 51.03528468515859
6.0 18.796034 -93.73119456033977 49.815761088374664
6.0 18.842098 -98.47452749173017 47.48821105805801
6.0 18.888165 -97.98474237462302 49.1553703296563
7.0 15.202934 87.10060351687356 118.8110825062091
7.0 15.249 85.90077476688015 119.06878861275536
7.0 15.295065 83.0222413902893 117.03777583814045
7.0 15.34113 81.20570313992093 114.80805864038648
7.0 15.387196 79.54106141082224 113.77236864390983
7.0 15.433261 80.56471638877261 112.35521615481211
7.0 15.479327 87.52994785975359 109.67044638121652
7.0 15.525392 94.99905737348101 109.34744824449437
7.0 15.571457 106.39182089192194 108.70187107734408
7.0 15.617523 116.28996650843315 107.20758567560424
7.0 15.663588 128.10634565139708 106.65229814553021
7.0 15.709653 139.48309527199956 107.88228688669076
7.0 15.755719 151.52886690889298 106.36122953202873
7.0 15.801784 164.2769162886043 104.63616889138899
7.0 15.847849 169.00109739635064 104.4884741878643
7.0 15.893915 168.74236882022848 102.2673835333799
7.0 15.93998 162.26073554442226 100.80553098206109
7.0 15.986046 152.49873132353886 100.16286138133846
7.0 16.03211 139.435848906493 99.78643826162828
7.0 16.078176 122.84558342513272 100.28313605097905
7.0 16.124243 104.30576440910725 102.8398110632544
7.0 16.170307 84.9190068656977 107.70115806177476
7.0 16.216372 67.68906563264197 111.93223251618274
7.0 16.262438 50.409777175796165 114.28054571181187
7.0 16.308502 35.160401621282254 118.9577098546315
7.0 16.354568 24.579033937595895 120.89352668278451
7.0 16.400635 16.46016694279427 123.62001723687762
7.0 16.4467 16.14603326240716 122.63048105672372
7.0 16.492765 24.147910512877925 120.9878893916994
7.0 16.53883 36.83531205672921 119.06034484863441
7.0 16.584894 54.570906143589454 117.33715791859004
7.0 16.63096 73.9618860394014 116.27599611390245
7.0 16.677027 94.906270917749 115.46754298815917
7.0 16.723091 113.09058939119303 113.86002334441652
7.0 16.769157 127.41602836802566 114.10071939660308
7.0 16.815222 140.47628859982302 111.27810583861924
7.0 16.861288 146.89410773230315 106.87833267032238
7.0 16.907352 147.68222853329496 105.6413936732068
7.0 16.953419 142.55331654919684 105.94942101706623
7.0 16.999483 133.2797022415449 104.43167758953219
7.0 17.04555 122.89167643904416 105.48654221833297
7.0 17.091614 108.47563998170511 111.44415960691296
7.0 17.13768 90.82740890424556 113.51492324267886
7.0 17.183744 75.99528401855628 116.81760100026165
7.0 17.22981 59.453920615202854 120.17064567046216
7.0 17.275875 43.59924906660113 122.3376918743106
7.0 17.321941 30.996971294231138 122.65607188381962
7.0 17.368008 28.298701402615894 125.34397829738815
7.0 17.414072 35.085633392816625 126.40626147761971
7.0 17.460136 45.3387280882135 124.86551387533741
7.0 17.506203 55.88598623307059 122.75887604634865
7.0 17.552267 67.52553813835279 122.12342208249541
7.0 17.598333 86.9435901140633 119.89566206709216
7.0 17.6444 105.48211501723172 117.92671901714479
7.0 17.690464 124.13458259441356 116.26388060811307
7.0 17.73653 141.4063168426072 114.00770083608299
7.0 17.782595 153.82307362778468 110.98485855128922
7.0 17.82866 159.89961901117672 112.11853678667907
7.0 17.874725 160.54941415185374 112.86349009025794
7.0 17.920792 156.71351920699243 114.14828314817136
7.0 17.966856 143.75207029956186 115.88088508662166
7.0 18.012922 130.43759668415956 119.6023828345642
7.0 18.058987 121.74269522141014 123.56847161069003
7.0 18.105053 105.30491405124774 126.17045446581758
7.0 18.151117 88.06363833233894 126.52153136046867
7.0 18.197184 68.3159391900459 127.29424820327026
7.0 18.24325 53.27098125159654 127.64659994445702
7.0 18.289314 37.008201928273344 130.15042322360458
7.0 18.335379 29.939028759452555 130.41499222467232
7.0 18.381445 29.45305726020507 132.0739323524575
7.0 18.42751 34.56008739531728 129.05583119431014
7.0 18.473576 45.829741035333406 125.8324982856272
7.0 18.519642 61.18842604388072 123.8804949522839
7.0 18.565706 79.0323756760493 122.56087011829055
7.0 18.61177 99.00123274035127 124.55137547065458
7.0 18.657837 116.38578705988148 126.51173490307131
7.0 18.703901 129.65580954885817 127.88043566657369
7.0 18.749968 144.9267761790203 129.77211056324774
7.0 18.796034 150.978230067665 127.18867699622535
7.0 18.842098 149.4019070544475 126.8970986522919
7.0 18.888165 147.84177860322464 123.89936004353466
8.0 15.202934 303.4194994129465 110.80179745758656
8.0 15.249 300.86877005832105 112.23025267718228
8.0 15.295065 294.5179963607728 111.54027595635955
8.0 15.34113 288.8062956897898 110.32122067136054
8.0 15.387196 280.48670517790106 112.06624472472235
8.0 15.433261 271.76049135940707 113.49692251224168
8.0 15.479327 266.27313798970175 113.54591711291808
8.0 15.525392 255.04391102225043 116.88811145903529
8.0 15.571457 244.4270183151834 120.7238829266419
8.0 15.617523 227.67049026501257 123.57380869764226
8.0 15.663588 213.0286069583646 125.98276775336932
8.0 15.709653 198.82827095592333 128.73605355793697
8.0 15.755719 189.35085389349655 127.5416517858895
8.0 15.801784 188.37758682156849 126.81361830801048
8.0 15.847849 187.828689619574 128.13580336735373
8.0 15.893915 192.4753475703742 128.2688520104107
8.0 15.93998 201.1125758153607 128.777761871217
8.0 15.986046 215.81508582282308 128.8208711922104
8.0 16.03211 234.61469501800684 127.20144057243279
8.0 16.078176 254.90238112320364 124.66855244630425
8.0 16.124243 274.49739182445563 121.40018553174224
8.0 16.170307 290.15763921561603 119.91523731366676
8.0 16.216372 303.48195291568913 112.24594633571193
8.0 16.262438 309.7186690302138 109.38757367482023
8.0 16.308502 311.26721178162944 106.30292542599548
8.0 16.354568 310.46256090059444 101.00729025039595
8.0 16.400635 302.9541546681037 104.31525148658785
8.0 16.4467 294.9064958509456 106.55590621874981
8.0 16.492765 285.49689864568126 111.7555343610253
8.0 16.53883 273.50732785969296 120.0724068868759
8.0 16.584894 260.402012020268 127.73657804027096
8.0 16.63096 245.19378113741016 135.39346753623707
8.0 16.677027 231.08180707611422 140.2044074081429
8.0 16.723091 217.46318040820364 140.65574078505318
8.0 16.769157 205.40593620018635 141.25727185575943
8.0 16.815222 201.00480315759123 137.33537217407226
8.0 16.861288 200.73975452079915 130.745593838535
8.0 16.907352 205.74698586421982 127.34850766909567
8.0 16.953419 214.87537010997954 125.5387891668287
8.0 16.999483 227.42720773573157 122.33177224225494
8.0 17.04555 245.8072153732797 118.41969818133107
8.0 17.091614 264.0539167892564 119.20729676648746
8.0 17.13768 276.7090605529778 115.32681185547696
8.0 17.183744 290.63422041947746 112.28322800999499
8.0 17.22981 296.3616200565296 107.13416135104859
8.0 17.275875 295.1416985751773 106.60191544446275
8.0 17.321941 289.2713154534944 107.61144251563279
8.0 17.368008 287.78201091035817 107.9623799721559
8.0 17.414072 288.41385676262354 108.13798810219983
8.0 17.460136 284.87318174531555 114.1423693738736
8.0 17.506203 272.7679094552839 125.6680941146177
8.0 17.552267 255.37207823970218 136.12345847228508
8.0 17.598333 241.87809346162524 143.6753543351945
8.0 17.6444 225.6775663189142 150.29364318017687
8.0 17.690464 214.77898840694888 152.02357920130243
8.0 17.73653 209.8572363020914 151.22153224321067
8.0 17.782595 211.38638044075043 147.24387883608085
8.0 17.82866 217.17610131807925 145.13817760762532
8.0 17.874725 227.3883010963877 142.02390968808194
8.0 17.920792 242.16805990010445 139.17055136850354
8.0 17.966856 254.9370645449214 137.18328518411184
8.0 18.012922 274.6883652424487 136.5736209179696
8.0 18.058987 305.6807347115296 133.32535213275668
8.0 18.105053 322.1820635191138 131.08715208958805
8.0 18.151117 331.9352455157821 128.29675062540832
8.0 18.197184 332.20359982516715 121.07655146359716
8.0 18.24325 332.80562909084136 114.17269907985175
8.0 18.289314 322.25572310685334 111.58989320550486
8.0 18.335379 316.8104649734587 109.07213553807267
8.0 18.381445 310.32615250127316 110.93327043220049
8.0 18.42751 300.6485829064007 113.76600323861102
8.0 18.473576 290.1334306435559 121.37738532928206
8.0 18.519642 277.21849257441556 130.3148002297538
8.0 18.565706 262.79389693031135 138.89004228954798
8.0 18.61177 249.54902274209957 145.13583168112575
8.0 18.657837 234.45192583480306 149.27255445032378
8.0 18.703901 219.13774989289004 149.12018414615562
8.0 18.749968 213.50006411633044 148.47671430736855
8.0 18.796034 207.64439465666007 143.74270501665737
8.0 18.842098 201.985511706911 142.62197412796928
8.0 18.888165 204.8666126920382 138.54772350207597
9.0 15.202934 303.0253626897802 144.3730799540443
9.0 15.249 300.6748210818924 145.31689122123578
9.0 15.295065 294.1934820839363 143.74917886580764
9.0 15.34113 288.37012565541414 141.84592352574478
9.0 15.387196 279.84373784044953 142.93547688807254
9.0 15.433261 270.7451021170042 144.08791953452175
9.0 15.479327 264.63641615349695 144.48762980071723
9.0 15.525392 252.7770824059076 148.1642121514075
9.0 15.571457 241.19077263850107 152.61736597385757
9.0 15.617523 223.24610655902816 155.59458601356428
9.0 15.663588 207.4888923213189 158.10075562492761
9.0 15.709653 192.3429849433776 160.63715702537104
9.0 15.755719 182.5053762767146 159.06767203719292
9.0 15.801784 181.59714216752607 158.0147371627527
9.0 15.847849 181.06532059610484 159.01463184988447
9.0 15.893915 185.54342382644208 158.81472301504834
9.0 15.93998 194.1995942843338 159.25072815691456
9.0 15.986046 209.4233362703028 159.4804619401322
9.0 16.03211 228.98472588875072 158.08957389416625
9.0 16.078176 250.22616031983932 155.5371321838926
9.0 16.124243 271.1585827758118 152.01117182418903
9.0 16.170307 288.2872841947939 149.9175745844114
9.0 16.216372 303.43592502354585 141.3829141706129
9.0 16.262438 310.3868789902449 137.41874218883524
9.0 16.308502 312.9906105107593 133.22691586062396
9.0 16.354568 312.7681981848407 127.1302134630752
9.0 16.400635 305.4746653042701 129.8292584089698
9.0 16.4467 297.1723327327847 131.98185020143322
9.0 16.492765 287.27130304656765 137.4772220733132
9.0 16.53883 274.4363857594403 146.37788464148215
9.0 16.584894 260.2219252887968 154.92783677436807
9.0 16.63096 243.64255082419115 163.41693395540491
9.0 16.677027 228.16751616588195 168.90059258237707
9.0 16.723091 213.469640645847 169.56512794486898
9.0 16.769157 200.5931624202652 170.04510558765404
9.0 16.815222 195.86589234483503 165.7158226215927
9.0 16.861288 195.70674845160048 158.70543022513547
9.0 16.907352 201.07794937241297 155.25040559052837
9.0 16.953419 210.6378336761761 153.60131429566573
9.0 16.999483 223.84803928051704 150.42581695435027
9.0 17.04555 243.32732893118452 146.74741962063308
9.0 17.091614 262.75392671567266 147.57910530128544
9.0 17.13768 276.3919292166448 142.9908106927238
9.0 17.183744 291.29756780443637 139.33980531320702
9.0 17.22981 298.06423202538326 133.19570657520373
9.0 17.275875 297.18908678874976 131.69118404910355
9.0 17.321941 291.30339146179284 131.92038280938107
9.0 17.368008 290.2728727596298 132.321298821245
9.0 17.414072 291.1968500470701 133.17909703706707
9.0 17.460136 287.1050557326666 140.1100575642629
9.0 17.506203 273.63020684987595 152.53222913105003
9.0 17.552267 254.79339638425063 163.7536155970919
9.0 17.598333 239.52380189377536 172.24137777455002
9.0 17.6444 221.34824546672684 179.34456764587716
9.0 17.690464 209.18971353068198 181.3851436030193
9.0 17.73653 203.503816956349 180.64820603264775
9.0 17.782595 204.89076071229348 176.9252979222425
9.0 17.82866 211.0353659751195 175.5801856365338
9.0 17.874725 221.47630505976113 173.3094314449207
9.0 17.920792 236.45065515340332 171.35332970079295
9.0 17.966856 249.59810560858202 169.61155893593323
9.0 18.012922 270.2213231259886 169.40501502498014
9.0 18.058987 303.00787922373354 167.17277043805674
9.0 18.105053 321.0045283122995 164.25672695770183
9.0 18.151117 331.8491641801245 160.0269177606875
9.0 18.197184 333.48087858377556 150.7989196537599
9.0 18.24325 334.9832939539972 142.488614904221
9.0 18.289314 325.0972471869126 138.30588154357238
9.0 18.335379 319.9126231193048 135.22085421228883
9.0 18.381445 313.69135678676173 137.05331227594917
9.0 18.42751 303.4197103605392 140.1692156499278
9.0 18.473576 291.85064107107235 148.61656811620665
9.0 18.519642 277.5830938472302 158.74947548788506
9.0 18.565706 261.43240969973374 168.55729415580066
9.0 18.61177 246.8447959918415 176.14173281383987
9.0 18.657837 230.18702646395127 181.15027586013497
9.0 18.703901 213.74700419744667 181.2406055032066
9.0 18.749968 207.70964570692794 180.86564588320806
9.0 18.796034 201.59699411058142 175.5780388092104
9.0 18.842098 195.78881056531938 173.94595291965143
9.0 18.888165 199.28595406548334 169.75723094485227
10.0 15.202934 81.58613224895967 72.77985322197485
10.0 15.249 80.28283819968134 73.0876605176347
10.0 15.295065 77.11565492180574 70.91243762306435
10.0 15.34113 74.82908425565847 68.5808543164487
10.0 15.387196 73.0220065978994 67.42639284538393
10.0 15.433261 73.70374594783381 65.9716577660482
10.0 15.479327 80.01411442381863 63.482269126854156
10.0 15.525392 86.92594112265276 63.36680822644848
10.0 15.571457 97.80869888775871 62.97664200662833
10.0 15.617523 107.1488707547315 61.44375786345889
10.0 15.663588 118.40065043178271 60.810768979469316
10.0 15.709653 129.27546827486043 61.858908905738936
10.0 15.755719 140.07342969682782 60.09390697825314
10.0 15.801784 151.47142435938028 58.179620600991214
10.0 15.847849 155.77006036028249 57.9749227813535
10.0 15.893915 156.1067371653002 55.65502887009691
10.0 15.93998 150.74267839504887 54.351902659372946
10.0 15.986046 141.99403398114757 54.09628263695307
10.0 16.03211 130.13519532632486 54.04967841662877
10.0 16.078176 115.04018680912522 54.691806537628764
10.0 16.124243 97.9440922222983 57.18934580735422
10.0 16.170307 80.30880185735144 61.71328513407332
10.0 16.216372 63.49763822059306 65.38581817644335
10.0 16.262438 47.73732720017057 66.74325341381434
10.0 16.308502 33.202023893418456 70.45595171904773
10.0 16.354568 22.322617538811716 71.56744046467081
10.0 16.400635 14.789668019502002 73.62986796657147
10.0 16.4467 14.095366994375231 72.56656500144152
10.0 16.492765 21.54318724705253 71.56287234397219
10.0 16.53883 33.810317316177226 70.59015321620048
10.0 16.584894 50.68842120876456 69.97915791746088
10.0 16.63096 69.15862427247669 69.87010687764602
10.0 16.677027 88.77254979596144 69.7609944852089
10.0 16.723091 105.2871682398744 68.38427896204705
10.0 16.769157 118.39893116546197 68.5382806657887
10.0 16.815222 130.05542314735393 65.47041025282925
10.0 16.861288 135.35941218539995 60.753572789690686
10.0 16.907352 135.76607266347278 59.470470995833075
10.0 16.953419 131.13219637081718 59.88289806465524
10.0 16.999483 122.5200754950358 58.53452118569746
10.0 17.04555 112.78005231579114 59.846747011205146
10.0 17.091614 100.19981025907516 65.89608375816445
10.0 17.13768 84.11732830133387 67.52811456932959
10.0 17.183744 70.92582589087183 70.33346800837323
10.0 17.22981 55.18666305520511 72.88676931693388
10.0 17.275875 40.60177812043623 74.02382894757963
10.0 17.321941 28.814182301702907 73.4092553804386
10.0 17.368008 25.66690578135495 76.04922836230574
10.0 17.414072 31.29209792459468 77.81278880534684
10.0 17.460136 41.331859491107494 77.05915635022214
10.0 17.506203 52.43837057335342 75.53430893575549
10.0 17.552267 63.99916469089263 75.42582732980796
10.0 17.598333 82.67520339476671 74.00506028012096
10.0 17.6444 100.54450999283225 72.48280059766229
10.0 17.690464 117.73149365212431 71.02053647478
10.0 17.73653 133.50795397840486 68.69804453956095
10.0 17.782595 144.45279974905395 65.48722888393293
10.0 17.82866 149.51225106536975 66.5951538605483
10.0 17.874725 150.21904716632784 67.26976425362015
10.0 17.920792 147.3527795303678 68.50278137689374
10.0 17.966856 136.30934669129437 70.25149382414929
10.0 18.012922 125.13696435004724 73.97331161774248
10.0 18.058987 117.73565645327943 78.04661626588685
10.0 18.105053 103.30126436403127 80.44130453640568
10.0 18.151117 87.92641454683081 80.3982172026849
10.0 18.197184 68.88288126432175 80.39894179847398
10.0 18.24325 54.01602339018386 80.01660282473415
10.0 18.289314 37.89551745016547 81.45709436130682
10.0 18.335379 30.196963181862326 81.28727064190238
10.0 18.381445 28.96636149439325 83.0212230378366
10.0 18.42751 33.02076716556538 80.44714611150467
10.0 18.473576 43.76665329626865 78.03831297592204
10.0 18.519642 58.54745715082845 76.96842538058516
10.0 18.565706 75.7748718562772 76.41977504637333
10.0 18.61177 94.40870642768006 78.98994923139512
10.0 18.657837 110.66500642816072 81.04054396425192
10.0 18.703901 122.53527851237338 82.18899113149125
10.0 18.749968 136.03884448613786 83.86505924209708
10.0 18.796034 141.11746844618816 81.02289838853655
10.0 18.842098 139.5699903366975 80.58149010251175
10.0 18.888165 137.39473252486496 77.76314750483806
11.0 15.202934 121.97777302068954 79.56110107610965
11.0 15.249 120.7829839631677 79.66999330339775
11.0 15.295065 117.963714242433 77.38969052841335
11.0 15.34113 116.02712965835767 74.86505380139842
11.0 15.387196 114.52341374744682 73.88650731872873
11.0 15.433261 115.43532259762371 72.6707872366134
11.0 15.479327 121.76510602080701 70.26260863645365
11.0 15.525392 128.71541462825047 70.50459728354863
11.0 15.571457 139.62111817329205 70.58144817048965
11.0 15.617523 149.27133099838628 69.8207411713829
11.0 15.663588 160.9470446002453 69.83558121724832
11.0 15.709653 172.3795786665949 71.54574732037902
11.0 15.755719 184.25810190433754 69.61207699688282
11.0 15.801784 197.08929197438093 66.93740370581996
11.0 15.847849 201.99654274489666 66.52738541203965
11.0 15.893915 202.36808304931142 64.37379978231644
11.0 15.93998 196.25606830184336 63.219322759040615
11.0 15.986046 186.50707119733164 62.544496552974266
11.0 16.03211 173.51240234910446 61.99866138436547
11.0 16.078176 157.31659117349557 62.31099790552534
11.0 16.124243 139.42933790112633 64.42519155697175
11.0 16.170307 121.39992702836689 68.84331174848255
11.0 16.216372 104.88281561789314 71.36544681519908
11.0 16.262438 89.76642941606212 72.87843522447596
11.0 16.308502 76.20826390330245 76.0943611551998
11.0 16.354568 66.40335335600525 76.50340140571042
11.0 16.400635 59.82387499638627 78.84073020732373
11.0 16.4467 59.536137291553956 78.0794753346013
11.0 16.492765 66.50888572424691 77.52520475287159
11.0 16.53883 77.90042928511849 77.40032441079666
11.0 16.584894 93.70377794746523 77.55617906420872
11.0 16.63096 111.3535953744226 78.24377090868944
11.0 16.677027 130.6222335228796 78.55549712796801
11.0 16.723091 147.50123708702137 77.26923223494768
11.0 16.769157 161.22227436467278 77.65747356880912
11.0 16.815222 173.89324225023628 74.18430504484374
11.0 16.861288 180.05165787236373 68.7952603726444
11.0 16.907352 180.6552407276468 66.84420702346476
11.0 16.953419 175.54365290900517 66.86077419246172
11.0 16.999483 166.3141568259146 64.87658946065194
11.0 17.04555 155.82294740487598 65.14029276136749
11.0 17.091614 142.21295808831832 70.98072392655226
11.0 17.13768 125.76729426554364 72.4234472356631
11.0 17.183744 112.39040906956387 74.96934788185612
11.0 17.22981 97.12963563828501 76.90595708720714
11.0 17.275875 83.45425348123074 78.2880130804511
11.0 17.321941 72.83977919196299 78.10476709345404
11.0 17.368008 70.01071127072103 80.31738281163797
11.0 17.414072 75.10432906967326 81.5712551389223
11.0 17.460136 84.40083301032972 81.57663027492505
11.0 17.506203 94.91206699104603 81.94598948457812
11.0 17.552267 106.0318534223034 83.43326641058304
11.0 17.598333 124.12505667889461 83.09807375847491
11.0 17.6444 141.91416754584992 82.77316186176515
11.0 17.690464 159.66023589263287 81.51928740000089
11.0 17.73653 176.51640122175834 78.95291996956547
11.0 17.782595 188.64780590529304 74.9402829444183
11.0 17.82866 194.27630745618885 75.13749283448156
11.0 17.874725 194.88285587906645 75.38778802794202
11.0 17.920792 191.323795021859 76.59117459788109
11.0 17.966856 178.82125249043708 78.86005080183128
11.0 18.012922 166.29086082884098 82.89494965595499
11.0 18.058987 157.95077347195118 86.18953016634306
11.0 18.105053 142.66137824643823 88.5883676265876
11.0 18.151117 126.96669403132577 88.51484314255157
11.0 18.197184 108.45303299072286 87.73556606180591
11.0 18.24325 94.37596203176601 86.49644571452497
11.0 18.289314 79.65483516344251 87.38680784825057
11.0 18.335379 72.85368898741905 86.68168959592981
11.0 18.381445 71.96041169818986 88.07702657226235
11.0 18.42751 76.05622134013636 85.779667883965
11.0 18.473576 86.22468245578962 84.3770629651085
11.0 18.519642 100.23814841263247 84.50710972128418
11.0 18.565706 116.79607725102137 85.18486384828756
11.0 18.61177 135.1552933509106 88.23745830557107
11.0 18.657837 151.63477491188152 91.0046218266017
11.0 18.703901 164.13086074591433 92.52852281149758
11.0 18.749968 178.6928315917517 93.80309623665131
11.0 18.796034 184.4778602327173 90.79411299958976
11.0 18.842098 182.9001091210867 90.64673587451846
11.0 18.888165 180.8115073172099 86.98930229195803
12.0 15.202934 55.565937736143404 103.96910232207176
12.0 15.249 54.324836748087804 104.50582571323115
12.0 15.295065 51.14404873889452 102.72602531705995
12.0 15.34113 48.94880868717516 100.81529630586354
12.0 15.387196 46.793447203011894 99.7971208826551
12.0 15.433261 47.10934544267161 98.30992493314963
12.0 15.479327 53.39151824744605 95.6183830502068
12.0 15.525392 59.78384495692089 95.02576668152568
12.0 15.571457 70.09002983565676 93.95267894684115
12.0 15.617523 78.47477895568771 91.75762960028538
12.0 15.663588 88.83927469234102 90.49162864912867
12.0 15.709653 98.74990860763171 90.9032982508723
12.0 15.755719 109.08938537827021 89.33481897152699
12.0 15.801784 120.32234609413509 88.09868366421277
12.0 15.847849 124.42622984480487 88.10509378434075
12.0 15.893915 124.63705978790732 85.86384735888221
12.0 15.93998 119.62917185892618 84.52789019017436
12.0 15.986046 111.88757888352643 84.53735646924292
12.0 16.03211 101.26672284311702 84.8453500514595
12.0 16.078176 87.32712857266922 85.82709121388443
12.0 16.124243 71.25007541729649 88.7759447235695
12.0 16.170307 54.01290137534224 93.68077837061246
12.0 16.216372 38.24699272699411 98.64543264337641
12.0 16.262438 22.162618553405455 100.72163793312367
12.0 16.308502 7.48091844079137 105.56678414372266
12.0 16.354568 -3.1517330293754835 107.8874986360706
12.0 16.400635 -11.847706247783712 110.42895400946384
12.0 16.4467 -13.158393146094268 109.3992036958492
12.0 16.492765 -6.124168252207921 107.69953427720677
12.0 16.53883 5.4559755627276765 105.43474029242905
12.0 16.584894 21.931224221762314 103.27974782554905
12.0 16.63096 39.91049862247426 101.63014647481799
12.0 16.677027 59.300674688129305 100.3705050675412
12.0 16.723091 75.61331458179902 98.48634423136473
12.0 16.769157 88.21061030180218 98.22544658447957
12.0 16.815222 99.81569251319956 95.48500002408481
12.0 16.861288 105.3584727532158 91.4935629100391
12.0 16.907352 106.29930666530949 90.73205357567578
12.0 16.953419 102.3598199064879 91.38121832110086
12.0 16.999483 94.79284128770773 90.59580568609246
12.0 17.04555 86.56220710504579 92.57536576215387
12.0 17.091614 74.78697672996579 98.65688696663001
12.0 17.13768 59.301192055187705 100.86157756260059
12.0 17.183744 46.60659969458187 104.21301085211974
12.0 17.22981 31.323219245062024 107.86078482581894
12.0 17.275875 16.05955207962088 109.77503704633834
12.0 17.321941 3.2439650822733874 109.86392558279468
12.0 17.368008 0.035710502160980984 112.91396420364492
12.0 17.414072 6.203186921624192 114.45020358461197
12.0 17.460136 15.677929423201247 112.55605905573069
12.0 17.506203 24.969460811997656 109.2430151210579
12.0 17.552267 34.92684751010726 107.48475280471503
12.0 17.598333 52.969918349518736 104.43920189147175
12.0 17.6444 69.8942077750465 101.47318850230123
12.0 17.690464 86.75888598398622 99.50194579868507
12.0 17.73653 102.33667547653184 97.2678394203011
12.0 17.782595 113.44117471603894 94.71445721602788
12.0 17.82866 119.01824128470469 96.32284018620581
12.0 17.874725 120.25773247468419 97.15714161367688
12.0 17.920792 117.95675963037606 98.23990416814894
12.0 17.966856 107.37264622433959 99.51077008634036
12.0 18.012922 96.74739696208036 102.86221426453669
12.0 18.058987 90.62620487878432 107.26685715596223
12.0 18.105053 76.6170000980086 109.84029535455655
12.0 18.151117 61.426953183631035 110.29909179818767
12.0 18.197184 42.75912817712078 111.69807639211797
12.0 18.24325 28.335843429381324 112.71083190804349
12.0 18.289314 11.757380104541774 115.63404417221349
12.0 18.335379 4.060680312482284 116.41567959236004
12.0 18.381445 2.6455835733869084 118.50258313999379
12.0 18.42751 6.41691278737749 115.6392627236016
12.0 18.473576 16.389154547630884 112.00072484900669
12.0 18.519642 30.27011201070675 109.29545020054472
12.0 18.565706 46.65865868014894 107.02249917703246
12.0 18.61177 64.97162725023196 108.38157870418681
12.0 18.657837 80.57165519591625 109.37407594506008
12.0 18.703901 91.91573987859681 110.0146841219311
12.0 18.749968 105.43400665997613 111.81444157854666
12.0 18.796034 110.40085439670587 109.19923904264297
12.0 18.842098 108.58741865257542 108.61935427836283
12.0 18.888165 107.05257623783748 106.49326685882261
13.0 15.202934 -25.48673108778761 134.58681339478596
13.0 15.249 -23.6432117675617 137.54433141731013
13.0 15.295065 -24.121536825976197 138.410175293022
13.0 15.34113 -24.912292634589143 139.16201003302555
13.0 15.387196 -29.302869419426315 140.116101594689
13.0 15.433261 -36.82736779307417 139.7937020112256
13.0 15.479327 -42.262623512253356 137.22387002389507
13.0 15.525392 -53.61445810053332 135.84891882410898
13.0 15.571457 -61.989816214511286 132.59292564948302
13.0 15.617523 -73.71735910504978 127.26432785351088
13.0 15.663588 -78.8533131450175 121.91722417364633
13.0 15.709653 -80.03979407362077 117.57394488556261
13.0 15.755719 -74.01379375881889 115.100137459681
13.0 15.801784 -58.96200373850871 115.67728731774608
13.0 15.847849 -52.67152189081189 116.65114152458453
13.0 15.893915 -46.95168665287028 115.31512279610347
13.0 15.93998 -44.32400349611475 115.63421339748002
13.0 15.986046 -39.293180845698316 119.28932273208535
13.0 16.03211 -32.760107467437884 123.34088166324699
13.0 16.078176 -24.720116960628648 127.44037326654922
13.0 16.124243 -14.378235119056523 132.60967659644083
13.0 16.170307 -2.379723830970495 138.1701459379221
13.0 16.216372 15.292997177062743 143.7636218747407
13.0 16.262438 29.48155855416559 144.63566856104774
13.0 16.308502 42.104306082421495 148.2435631206367
13.0 16.354568 50.17260142164484 149.5003369465753
13.0 16.400635 46.76944953230644 153.27991782829093
13.0 16.4467 35.93914031824197 154.91746137953572
13.0 16.492765 19.375580417314147 156.52851412485919
13.0 16.53883 -2.28252618290478 157.1995712954605
13.0 16.584894 -24.37818664812109 154.96956805541365
13.0 16.63096 -42.6442427204261 150.78810853754806
13.0 16.677027 -51.507016946780396 145.22947804342024
13.0 16.723091 -54.67696546304084 139.30808730493354
13.0 16.769157 -54.61883759472462 134.5869185579994
13.0 16.815222 -45.189772799147704 130.00558145990138
13.0 16.861288 -37.57745430984722 126.16709957917604
13.0 16.907352 -30.987314700014178 126.21742058758196
13.0 16.953419 -26.267775417344637 127.7040066441028
13.0 16.999483 -19.910571535402944 130.07352705896093
13.0 17.04555 -8.517264568228304 134.7203818322213
13.0 17.091614 2.370013524583218 140.81740289490472
13.0 17.13768 13.491395366279413 143.2559128134922
13.0 17.183744 29.53846533619951 145.50580423733302
13.0 17.22981 42.04988663674037 148.03955393841468
13.0 17.275875 47.96654959087456 149.56072514899805
13.0 17.321941 47.59172436839567 151.15736185335842
13.0 17.368008 44.647149503699715 155.4407862085412
13.0 17.414072 37.90403049493427 158.4030703115453
13.0 17.460136 23.647094824975586 158.88668120122512
13.0 17.506203 -0.17466822605525922 157.0779442919624
13.0 17.552267 -26.44795688875319 154.57861888373762
13.0 17.598333 -40.971371493585444 148.33815827568125
13.0 17.6444 -50.99724207406575 140.78777375852926
13.0 17.690464 -50.62372947768012 135.5147783865023
13.0 17.73653 -42.06706988002384 131.5240377409521
13.0 17.782595 -32.647277208164745 129.1443434358774
13.0 17.82866 -26.320060674510763 130.66512316911766
13.0 17.874725 -21.24921046287558 130.10864924116845
13.0 17.920792 -16.128373493299847 128.79216496522997
13.0 17.966856 -16.36711795856904 127.44013562475934
13.0 18.012922 -10.047707870386475 128.14567531689957
13.0 18.058987 7.639613051737364 132.0692957753086
13.0 18.105053 19.348730214454864 134.08024775168653
13.0 18.151117 33.4297017936919 135.7937226174333
13.0 18.197184 45.7354368953678 139.54529158345198
13.0 18.24325 57.6867864380071 142.3102446095992
13.0 18.289314 60.6450153270962 147.15477937195743
13.0 18.335379 59.68810451230883 150.17483314828445
13.0 18.381445 51.509250941409825 155.27760777820833
13.0 18.42751 35.3823981130614 156.69105822449873
13.0 18.473576 13.412543894829541 156.40095304388313
13.0 18.519642 -11.996436549332667 153.7907033621711
13.0 18.565706 -33.595581829536926 148.2606065717421
13.0 18.61177 -46.71614999867741 144.3047815569804
13.0 18.657837 -55.57614002668477 138.30755400444065
13.0 18.703901 -61.581995774691926 133.13461256237755
13.0 18.749968 -53.45209591554401 132.36413200123332
13.0 18.796034 -50.98969339178285 128.5923814919039
13.0 18.842098 -55.29424793537185 126.69455056343023
13.0 18.888165 -53.69523993861495 128.09561083995771
14.0 15.202934 120.9569076203151 162.96743387475476
14.0 15.249 120.08120924571823 163.1897697622616
14.0 15.295065 117.66487143518134 161.0241828196647
14.0 15.34113 116.3523562087857 158.58295987770765
14.0 15.387196 114.8156851280772 157.76536111380622
14.0 15.433261 115.71671628034618 156.57816266708767
14.0 15.479327 122.24726126873252 153.97683943114757
14.0 15.525392 129.04202326724598 154.12965196355475
14.0 15.571457 139.48292637702264 154.16530058729532
14.0 15.617523 148.41148454437672 153.53790690659073
14.0 15.663588 159.42859537398215 153.95441329883533
14.0 15.709653 170.22778015038818 156.3879160102408
14.0 15.755719 182.71673288246936 155.54019558354716
14.0 15.801784 196.6898390734762 154.45536270847072
14.0 15.847849 201.89349547947685 154.76989944915965
14.0 15.893915 201.2819794663334 152.718148815297
14.0 15.93998 194.21847047446752 150.855340779715
14.0 15.986046 184.48535351838544 149.26572736530602
14.0 16.03211 171.606590420291 147.6872016144078
14.0 16.078176 155.29563101524704 147.03050874227102
14.0 16.124243 137.50560047079804 148.53088044065248
14.0 16.170307 118.97493393555634 152.86336422049513
14.0 16.216372 103.9980630611426 155.85769421491406
14.0 16.262438 88.02743275059046 158.20935169173654
14.0 16.308502 74.8563373798019 162.57996273741313
14.0 16.354568 66.41328442857787 163.8391956913468
14.0 16.400635 59.18515378948076 167.12720459610836
14.0 16.4467 58.89983883879406 166.45758048633576
14.0 16.492765 65.59529749664505 165.34300419382907
14.0 16.53883 76.01357774600972 164.35700371154817
14.0 16.584894 91.19365706562388 163.4503928939535
14.0 16.63096 108.22651498948584 163.36784584520262
14.0 16.677027 127.61122910150637 163.38469123096687
14.0 16.723091 145.28877326002487 162.39286299399313
14.0 16.769157 159.41654859836726 163.5864875087291
14.0 16.815222 173.11940373272398 161.21766199510157
14.0 16.861288 180.38052644513712 156.63385035246105
14.0 16.907352 181.89567285574566 155.01334748685295
14.0 16.953419 177.02167226891086 154.69842112122737
14.0 16.999483 168.15344098788074 152.0514337678996
14.0 17.04555 158.69382926266363 151.7061132850065
14.0 17.091614 144.5509450619621 157.0186230814493
14.0 17.13768 127.61414739265852 158.31331392519715
14.0 17.183744 113.6457690899562 161.1171078298763
14.0 17.22981 98.92302294380434 163.67719818717492
14.0 17.275875 84.36795057906002 166.01424227436678
14.0 17.321941 72.95973446716442 166.76679103015195
14.0 17.368008 70.94952260618086 169.06509813524335
14.0 17.414072 77.30968401050853 169.51513708979437
14.0 17.460136 85.62644132195605 168.68003506698722
14.0 17.506203 93.26304014089084 168.4445634048447
14.0 17.552267 102.39505403926766 169.43691446498335
14.0 17.598333 119.445166083935 168.3525445429142
14.0 17.6444 135.98478718352158 167.7446474663216
14.0 17.690464 154.15830726934303 166.83626411718467
14.0 17.73653 171.819025146948 165.24009505554122
14.0 17.782595 185.33543498823875 162.2788320145533
14.0 17.82866 192.69515907397675 163.25303707618764
14.0 17.874725 193.75823350381555 163.63852589154496
14.0 17.920792 189.64363958852564 164.4903051751396
14.0 17.966856 175.5480302390435 165.5647690184404
14.0 18.012922 161.49854912026575 168.84755514968813
14.0 18.058987 153.3194669609164 171.9642497221952
14.0 18.105053 136.78212486280756 174.01927212175067
14.0 18.151117 119.88113464073093 173.8902200405575
14.0 18.197184 102.11426499302418 173.65733950441435
14.0 18.24325 89.21839460680708 173.011232759276
14.0 18.289314 75.36723734185459 175.15285469522962
14.0 18.335379 69.86478324291583 174.83310413672152
14.0 18.381445 69.89518544579597 176.30778493145166
14.0 18.42751 74.47244010300146 173.41588847119482
14.0 18.473576 83.68458659343045 171.09204028197263
14.0 18.519642 96.48435641842892 170.26343318840972
14.0 18.565706 111.81167913816599 170.16735993776848
14.0 18.61177 130.4221875269697 173.12929016803182
14.0 18.657837 146.86501879930498 176.36431256381425
14.0 18.703901 160.05629652877178 178.66757752337145
14.0 18.749968 176.47824053773496 181.4471649875535
14.0 18.796034 183.01232663317407 178.92866320499115
14.0 18.842098 181.13851030963738 178.72080302050153
14.0 18.888165 180.32159466781906 174.7064709549523
15.0 15.202934 288.23398303231 138.84796343566688
15.0 15.249 286.4103590929388 139.4465770451343
15.0 15.295065 281.0703299184479 137.6210053172251
15.0 15.34113 276.4867025064418 135.43993979030623
15.0 15.387196 269.90079750003645 136.17203048116303
15.0 15.433261 263.51860437089243 136.95140404724594
15.0 15.479327 261.08226964793636 136.86872809947133
15.0 15.525392 254.54932335597292 140.1225427152637
15.0 15.571457 249.6437485812266 144.18428510800902
15.0 15.617523 239.4647222681535 147.21520639191178
15.0 15.663588 231.59827430870322 150.23264882208088
15.0 15.709653 223.8139148289708 153.86468264675892
15.0 15.755719 220.0228347470706 152.995119429857
15.0 15.801784 223.25406659727213 152.13650121224623
15.0 15.847849 224.06029798131576 153.18498527637533
15.0 15.893915 227.2188862164362 152.83084513118703
15.0 15.93998 231.93460562353266 152.62038703031283
15.0 15.986046 240.89496858339908 151.6707696185806
15.0 16.03211 251.91611270136232 149.20465016089312
15.0 16.078176 262.6145995620696 146.07016991550483
15.0 16.124243 272.24711033349513 142.67759789047477
15.0 16.170307 278.91298135322666 141.37341979280862
15.0 16.216372 285.4236202708774 134.30098778812675
15.0 16.262438 286.3898647853441 131.51825967928528
15.0 16.308502 285.2714488291769 128.61789581247908
15.0 16.354568 283.23083575468445 123.51856708892217
15.0 16.400635 276.4579515545451 126.23684918102565
15.0 16.4467 270.1279636572713 127.87431086110426
15.0 16.492765 264.1397344388846 132.30636516640533
15.0 16.53883 256.90546341681085 139.75261250534382
15.0 16.584894 249.96740370282373 147.04944255097925
15.0 16.63096 242.22897438789184 154.6516916518215
15.0 16.677027 236.34278978252067 159.9336258417731
15.0 16.723091 230.503335586322 161.06425452990706
15.0 16.769157 224.80735723572937 162.5687984217306
15.0 16.815222 224.87206587072234 159.09606313628856
15.0 16.861288 226.43013872896884 152.46857478742766
15.0 16.907352 230.9881063110858 148.9879064269313
15.0 16.953419 237.25045566037562 147.11615500729812
15.0 16.999483 245.00086649381694 143.25027113174633
15.0 17.04555 257.3627112481741 139.1435062331771
15.0 17.091614 268.0996900944388 140.28328412284412
15.0 17.13768 273.3311120724796 136.36799366537764
15.0 17.183744 280.775476653627 133.61097460872824
15.0 17.22981 281.90408192015906 128.5925940485926
15.0 17.275875 277.8054184797097 127.69759513915305
15.0 17.321941 270.87733338025845 127.97682258928961
15.0 17.368008 269.2790525313409 128.41466367705354
15.0 17.414072 270.7828110697137 128.99790894889625
15.0 17.460136 269.3666670382453 134.85137774602103
15.0 17.506203 261.1399552435973 145.78782526620856
15.0 17.552267 249.39040891058022 155.94217245453655
15.0 17.598333 242.8834484771785 163.63271058481837
15.0 17.6444 234.30634151953177 170.63391954580183
15.0 17.690464 230.6995467079677 173.10001810845876
15.0 17.73653 231.78282064672803 173.00025216119863
15.0 17.782595 237.1212226234319 169.52883258002308
15.0 17.82866 244.66076111769434 168.22226187614208
15.0 17.874725 253.86287143213067 166.0982400551209
15.0 17.920792 264.9465970242785 164.40966145487093
15.0 17.966856 270.45409205586225 162.9735994065589
15.0 18.012922 281.43310059906986 163.1568910632052
15.0 18.058987 303.2540062396622 161.11673732963433
15.0 18.105053 310.467956882874 158.78203502352213
15.0 18.151117 312.81291875065864 154.99855825338503
15.0 18.197184 308.59938261207196 146.73416226404188
15.0 18.24325 306.21466943644543 139.21003045758337
15.0 18.289314 295.7259781288092 135.6103622584318
15.0 18.335379 290.42572272024296 132.60353257539714
15.0 18.381445 285.5234553699472 134.06681282155546
15.0 18.42751 278.60491714389997 136.10080332670992
15.0 18.473576 271.96542854619213 142.95505756171943
15.0 18.519642 264.4793294943896 151.64925714816124
15.0 18.565706 256.8822424512494 160.44876788694842
15.0 18.61177 251.96810532504915 167.92227756617632
15.0 18.657837 245.23123429501257 173.7505485352676
15.0 18.703901 237.3251048067262 175.23930273617907
15.0 18.749968 238.25567845118866 176.0428357905346
15.0 18.796034 235.24087891855044 171.55632330401855
15.0 18.842098 229.79003500901868 170.3810825714613
15.0 18.888165 231.9072657305667 165.45759200453057
16.0 15.202934 111.90802747868705 124.21582816791533
16.0 15.249 110.83737988413257 124.3763808871603
16.0 15.295065 108.17730041326068 122.24537914439537
16.0 15.34113 106.54545140954222 119.87932731205271
16.0 15.387196 105.02337881048473 118.94186861863572
16.0 15.433261 106.0289754908942 117.68974139400198
16.0 15.479327 112.69685037445363 115.17708236311803
16.0 15.525392 119.85082038849572 115.19944271311918
16.0 15.571457 130.83850322615552 115.04206238706745
16.0 15.617523 140.4365786271712 114.15167792390082
16.0 15.663588 152.04794151703393 114.17794147051113
16.0 15.709653 163.3704361619928 116.0121194035115
16.0 15.755719 175.68799765329825 114.66106110166757
16.0 15.801784 189.0571601511102 112.8871220202446
16.0 15.847849 194.07696874262615 112.80500929402801
16.0 15.893915 193.8395095831127 110.72239179489488
16.0 15.93998 187.12052813165303 109.22758072661654
16.0 15.986046 177.1884158228844 108.18349755475742
16.0 16.03211 163.9921636103662 107.27523025253797
16.0 16.078176 147.38932241410475 107.25630743686852
16.0 16.124243 129.11188584160212 109.22421190544378
16.0 16.170307 110.2764677980163 113.65545882790681
16.0 16.216372 93.97694441603983 116.83895265010663
16.0 16.262438 77.7502861106862 118.92894746058495
16.0 16.308502 63.751922442027116 122.97633470315368
16.0 16.354568 54.210146504676786 124.20472385054262
16.0 16.400635 46.94876606133544 126.94359703995164
16.0 16.4467 46.732983323923854 126.14174279709975
16.0 16.492765 54.012800522953796 124.99482311716217
16.0 16.53883 65.55485199438309 123.9195552378181
16.0 16.584894 81.86024910083724 123.04751647269366
16.0 16.63096 99.97555802597323 122.86484562392033
16.0 16.677027 119.97570968030641 122.71192558519407
16.0 16.723091 137.74288945363867 121.48189216867664
16.0 16.769157 151.97486825563504 122.13637248786797
16.0 16.815222 165.28919019191832 119.35869117521644
16.0 16.861288 172.01773031011095 114.6980420945248
16.0 16.907352 173.00315591276552 113.11166100606268
16.0 16.953419 167.8627821224532 113.08357025534279
16.0 16.999483 158.5954012847722 111.01646344194221
16.0 17.04555 148.32164577085874 111.25932808965923
16.0 17.091614 134.018896935808 116.80749387459497
16.0 17.13768 116.81946397680376 118.38907599757324
16.0 17.183744 102.5755879779059 121.23702071955024
16.0 17.22981 87.00145840855203 123.8362203215305
16.0 17.275875 72.26019605654744 125.81456357723422
16.0 17.321941 60.740476235557374 126.14550653582846
16.0 17.368008 58.29204957736553 128.48288905104064
16.0 17.414072 64.43355518837916 129.34091101498035
16.0 17.460136 73.72982701960517 128.51897794594146
16.0 17.506203 83.29664780738761 127.85020704085373
16.0 17.552267 94.00068299830879 128.4409461444076
16.0 17.598333 112.26554567717058 127.25752282747736
16.0 17.6444 129.9923814154131 126.36239443204776
16.0 17.690464 148.34925071167729 125.17312365420747
16.0 17.73653 165.78408610791368 123.14133612203531
16.0 17.782595 178.61967751839765 119.91904851637767
16.0 17.82866 185.06111190427075 120.66627842742318
16.0 17.874725 185.7814072264938 121.14015850739389
16.0 17.920792 181.778464449099 122.2666079463888
16.0 17.966856 168.33212108775646 123.93998470753904
16.0 18.012922 154.75663174607857 127.54592608374121
16.0 18.058987 146.12821565462977 130.90045427163213
16.0 18.105053 129.81141196308673 133.18615583014565
16.0 18.151117 113.01249564743695 133.2142067857123
16.0 18.197184 94.29382383018608 133.11504180429964
16.0 18.24325 80.29008149847192 132.61871928592828
16.0 18.289314 65.43321820286715 134.43834537584965
16.0 18.335379 59.074753381199216 134.19466466178943
16.0 18.381445 58.727037520326455 135.63692354341816
16.0 18.42751 63.428929530913656 132.91550164865532
16.0 18.473576 73.70262195279767 130.59275671764377
16.0 18.519642 87.82563725841334 129.69627022335402
16.0 18.565706 104.4757223078152 129.46150128873472
16.0 18.61177 123.59738367948884 132.1046509027908
16.0 18.657837 140.52064477564167 134.78987309930127
16.0 18.703901 153.69530270695765 136.57779577457433
16.0 18.749968 169.32157783958388 138.57187556631868
16.0 18.796034 175.56317002112021 135.96904934475089
16.0 18.842098 173.90560329280646 135.77882258801367
16.0 18.888165 172.44181353436022 132.2347399793792
17.0 15.202934 -17.74468230350094 204.60066322859427
17.0 15.249 -14.564241265832276 207.2027814710241
17.0 15.295065 -13.091680280730836 207.246294284908
17.0 15.34113 -12.442324583841545 207.09003128084962
17.0 15.387196 -17.3142164976866 207.62527795313488
17.0 15.433261 -27.369155176597857 207.00221981037632
17.0 15.479327 -37.19838934305277 203.19460332497098
17.0 15.525392 -55.48350855946268 201.05041818492757
17.0 15.571457 -71.7637096958863 195.89098827891377
17.0 15.617523 -90.94427216909861 188.20614845849713
17.0 15.663588 -101.88226696929107 179.3725393757524
17.0 15.709653 -107.18669768636211 171.07260453035693
17.0 15.755719 -101.15603320171027 164.67961432225698
17.0 15.801784 -83.5304826360162 161.67775693736758
17.0 15.847849 -76.22664294671694 161.32543402255786
17.0 15.893915 -68.76738979183122 159.6871525933206
17.0 15.93998 -64.31971385294237 161.31684211811466
17.0 15.986046 -55.97488200249976 167.27453831485204
17.0 16.03211 -44.5583597274453 174.41528268246194
17.0 16.078176 -29.693551935076275 182.2452952970668
17.0 16.124243 -10.33814137147056 191.37984078841532
17.0 16.170307 12.066356170408616 200.7742294310648
17.0 16.216372 43.10690881028004 207.62039934544998
17.0 16.262438 68.27467862551421 209.44586539833833
17.0 16.308502 90.75495464776037 212.58395537360474
17.0 16.354568 105.646558965392 212.38358387687794
17.0 16.400635 104.14691527518595 216.92423222549624
17.0 16.4467 90.93300536054207 219.60312374552157
17.0 16.492765 66.70511337649585 222.30688299591088
17.0 16.53883 33.38082628641066 224.4635802418128
17.0 16.584894 -3.140653642590842 222.32872727513237
17.0 16.63096 -36.05541084360155 216.2178423490927
17.0 16.677027 -56.489308940289284 206.2754193431252
17.0 16.723091 -66.45291828444476 195.36798945913557
17.0 16.769157 -70.56986794223533 186.24919192645552
17.0 16.815222 -60.812818252513274 177.2936403916203
17.0 16.861288 -51.18504183258958 170.96028759214678
17.0 16.907352 -42.56481306018999 170.2779818018042
17.0 16.953419 -35.52399767993892 172.54240341379392
17.0 16.999483 -24.819692473259547 176.44969725682253
17.0 17.04555 -7.509978601147307 182.7514770841475
17.0 17.091614 9.636027179693373 191.4080635869826
17.0 17.13768 29.536026076351675 195.54409927603305
17.0 17.183744 54.56414217539805 198.57890171808998
17.0 17.22981 76.46840892473192 201.006224874634
17.0 17.275875 88.98060173395591 202.9469625593885
17.0 17.321941 92.36036641706092 205.14743737132662
17.0 17.368008 91.11677481127916 210.61782310121646
17.0 17.414072 82.44148526773654 215.16265105215288
17.0 17.460136 61.2222193198682 218.3887736853408
17.0 17.506203 25.740107404790955 219.90019999456297
17.0 17.552267 -13.984282721039072 219.095681431478
17.0 17.598333 -41.89421177042903 210.66733485833333
17.0 17.6444 -62.787617729821065 199.3730080012418
17.0 17.690464 -67.94062984805826 189.48375121698126
17.0 17.73653 -60.837109145945206 181.0030960383548
17.0 17.782595 -50.71195277387119 175.9078038754224
17.0 17.82866 -43.972134163714465 176.61262641845173
17.0 17.874725 -38.10760404113123 176.2153155278561
17.0 17.920792 -31.679962133201 175.84653548490115
17.0 17.966856 -29.892667352798792 177.0542801841696
17.0 18.012922 -19.600905006263808 180.62680798692102
17.0 18.058987 5.452527304624616 186.96887681923337
17.0 18.105053 26.28520978264558 191.9825260669588
17.0 18.151117 51.514873955960425 195.80541070953174
17.0 18.197184 76.84525213813559 200.56331764711808
17.0 18.24325 99.46491723645623 203.2304439083825
17.0 18.289314 109.88347329067977 207.72159217046718
17.0 18.335379 112.33832213985798 210.9026132499102
17.0 18.381445 103.30923673136645 217.2538035312781
17.0 18.42751 81.35549350255577 220.17451976087284
17.0 18.473576 48.400205359032235 222.35269390674026
17.0 18.519642 8.167685873996236 221.4998922662658
17.0 18.565706 -29.39161600566894 215.17821924521385
17.0 18.61177 -56.18519854061595 207.84937497304418
17.0 18.657837 -75.4313365674882 197.3349797251254
17.0 18.703901 -87.48261966491916 187.84589725436848
17.0 18.749968 -80.34849599518634 182.42866227968554
17.0 18.796034 -77.05430790247567 176.1294297647473
17.0 18.842098 -81.85826093196702 173.88503888203374
17.0 18.888165 -77.93930826975213 175.86812554316526
18.0 15.202934 -20.870465134609436 99.9099790988358
18.0 15.249 -17.13809671287807 104.59277300880429
18.0 15.295065 -15.983093717540587 107.19101188245318
18.0 15.34113 -16.303401966779347 109.5890275773105
18.0 15.387196 -21.386739870342467 112.08319367919161
18.0 15.433261 -32.955291512507614 112.97801613910917
18.0 15.479327 -46.08586157485176 111.74550554909226
18.0 15.525392 -67.27402871294102 111.38431271655253
18.0 15.571457 -86.31370894753458 109.2053207928465
18.0 15.617523 -108.28037703647924 104.4784095467638
18.0 15.663588 -120.59543464554804 99.58902093864566
18.0 15.709653 -125.23657347711955 95.53024986135435
18.0 15.755719 -119.75105855219793 94.54621034800176
18.0 15.801784 -101.44559482529064 97.46297464032361
18.0 15.847849 -93.13859793129443 99.54293113748938
18.0 15.893915 -84.82062784333202 98.8990829749376
18.0 15.93998 -79.53256696044268 99.45498233104546
18.0 15.986046 -70.13448629886847 103.45246647692954
18.0 16.03211 -57.20958752930863 107.3821828245877
18.0 16.078176 -39.41290868434166 110.68722812288348
18.0 16.124243 -15.514179067517116 114.09980995573986
18.0 16.170307 13.660678199702527 117.00575389964041
18.0 16.216372 49.29073328397079 119.21907019274276
18.0 16.262438 80.92661703178887 117.17397475985591
18.0 16.308502 107.2465309139423 117.71788184062129
18.0 16.354568 123.21439127261995 116.50841898217165
18.0 16.400635 122.79561230617337 119.97584552797116
18.0 16.4467 108.41393832786304 122.76044828835293
18.0 16.492765 81.26409539956715 127.3488154536446
18.0 16.53883 44.69071084975298 131.89898635424476
18.0 16.584894 3.8069671902651803 132.9200132121949
18.0 16.63096 -33.144489304378496 131.3408682076228
18.0 16.677027 -57.54931074677 127.48372315758895
18.0 16.723091 -71.22777370073356 122.485444328006
18.0 16.769157 -76.71953207254232 118.06279976774731
18.0 16.815222 -68.67957469515018 114.28894313604029
18.0 16.861288 -60.8526245743647 110.94276941759227
18.0 16.907352 -52.592131581332566 111.0993046143735
18.0 16.953419 -45.03113235429049 112.17981405740278
18.0 16.999483 -33.905415571357366 114.49246663867791
18.0 17.04555 -15.430759225513178 118.446897597763
18.0 17.091614 5.7591564431464715 122.70884817201993
18.0 17.13768 29.392645735329 123.09190968816635
18.0 17.183744 58.6935258099763 123.05967544441766
18.0 17.22981 83.47800827064466 122.80920573796267
18.0 17.275875 99.2775857745796 122.62386264147256
18.0 17.321941 104.7410573997696 123.79177828097355
18.0 17.368008 103.03019859818077 127.13553831723127
18.0 17.414072 92.19577186017878 129.99343621574897
18.0 17.460136 69.76400585671854 132.56307662962354
18.0 17.506203 34.15787080870976 133.7992622923343
18.0 17.552267 -6.7085114749736 133.5300481578757
18.0 17.598333 -37.5958588086033 129.67119234245862
18.0 17.6444 -60.89641663903032 123.84236225686335
18.0 17.690464 -69.38770743601982 119.71379223341918
18.0 17.73653 -64.91181065519723 116.8620123121819
18.0 17.782595 -57.36166069268918 115.15501629898299
18.0 17.82866 -51.6907380290034 116.40883987318234
18.0 17.874725 -46.162691141620705 114.81463438297854
18.0 17.920792 -39.00388368431219 111.80486688581243
18.0 17.966856 -34.94935318018194 108.00591045084705
18.0 18.012922 -20.510049795055586 105.85755119436038
18.0 18.058987 8.06745322529833 107.26644795962284
18.0 18.105053 34.385305654661664 106.66902597075573
18.0 18.151117 65.09781598905901 107.05427493641709
18.0 18.197184 93.72538723655252 109.02772329012258
18.0 18.24325 118.20180254117024 110.16593240347494
18.0 18.289314 129.49718774413614 113.8284754260826
18.0 18.335379 131.41139653731145 116.26642657682329
18.0 18.381445 120.76027090345275 121.75039625676733
18.0 18.42751 96.4278521966166 125.5705625512318
18.0 18.473576 61.19546210907609 128.77162016736335
18.0 18.519642 17.979084354356786 128.97030988436805
18.0 18.565706 -22.854587326104294 125.49209062572724
18.0 18.61177 -53.42297418943337 122.18329480079349
18.0 18.657837 -75.05090806238441 115.95549264310004
18.0 18.703901 -89.398814563482 110.2276848281233
18.0 18.749968 -83.90211249653873 110.25697271448315
18.0 18.796034 -82.4909268960074 106.86687448905269
18.0 18.842098 -87.21765579743101 104.59155361195977
18.0 18.888165 -85.26793761838442 106.59784750056966
19.0 15.202934 196.3965210716028 72.69949292727264
19.0 15.249 195.20938801896935 72.7485804147462
19.0 15.295065 192.38418320952582 70.5359590542884
19.0 15.34113 190.41432464102417 67.90900231691968
19.0 15.387196 188.54253883281666 67.5443911390068
19.0 15.433261 188.75330915686445 66.96770459071789
19.0 15.479327 194.33710727060546 64.84060142886324
19.0 15.525392 199.87656766257714 65.90307717796323
19.0 15.571457 209.57047222229727 66.97058261577662
19.0 15.617523 217.76449660128557 67.6419073106432
19.0 15.663588 228.51008317115821 68.8097064985766
19.0 15.709653 239.26264004183133 71.65840943754503
19.0 15.755719 251.57698793682783 69.51637168403482
19.0 15.801784 266.4913017493538 65.83778207285702
19.0 15.847849 272.24277790109534 65.36730260604473
19.0 15.893915 273.4962092264 63.75070280594798
19.0 15.93998 267.5758493627944 63.06861579804866
19.0 15.986046 258.3053941372387 61.884469019671215
19.0 16.03211 246.01213060866866 60.487146306398635
19.0 16.078176 230.6813902282662 60.06841358185087
19.0 16.124243 213.99302771227906 61.16536538793712
19.0 16.170307 197.50249037781035 64.98958961743263
19.0 16.216372 183.22728459155988 64.90277285914902
19.0 16.262438 170.62844875289116 66.20173951540204
19.0 16.308502 159.38087889833443 68.12562780969526
19.0 16.354568 151.4037970621129 66.93294112726872
19.0 16.400635 145.60850401809248 69.82220459522145
19.0 16.4467 144.66993163555787 69.83179678805868
19.0 16.492765 149.30864391304908 70.64362012477811
19.0 16.53883 157.37894666207194 72.7446094379901
19.0 16.584894 169.31805318363894 74.86842385322772
19.0 16.63096 183.41344943784142 77.51041479135466
19.0 16.677027 200.0912345114395 78.96949477079042
19.0 16.723091 215.49535290584376 78.01076868494782
19.0 16.769157 228.39957677152722 78.80646890913013
19.0 16.815222 241.81751391896503 74.65814421166812
19.0 16.861288 249.0149496583159 67.99890039615319
19.0 16.907352 250.5810562631703 64.80177349472798
19.0 16.953419 246.17560755878026 63.974054599850085
19.0 16.999483 237.90559306298394 60.900285371079825
19.0 17.04555 228.91229988432934 59.13915138422055
19.0 17.091614 216.4641354582699 64.3073874987878
19.0 17.13768 201.6118140120107 65.03957070886597
19.0 17.183744 190.45172370181268 66.69508606442211
19.0 17.22981 177.29740101037478 67.08317489254657
19.0 17.275875 165.65253200147785 68.67472639692345
19.0 17.321941 156.6047894599401 69.2742773384653
19.0 17.368008 153.67260855166097 70.74946783968946
19.0 17.414072 157.1337738073166 71.20669560384705
19.0 17.460136 164.1674514327514 72.90819835366011
19.0 17.506203 171.85199479597136 77.1100885238297
19.0 17.552267 179.7032742140828 81.81829737007986
19.0 17.598333 194.96245984831688 83.89773118860646
19.0 17.6444 210.58041911787967 86.12449376053688
19.0 17.690464 227.64923964530954 85.55884009982688
19.0 17.73653 245.46930044066707 82.84571233082245
19.0 17.782595 259.58979171471543 77.43969977187652
19.0 17.82866 266.86573067254506 75.72846739181539
19.0 17.874725 268.87557923550526 74.63018767374327
19.0 17.920792 266.4334238748197 75.06911958051808
19.0 17.966856 253.28910060226679 77.67558380952481
19.0 18.012922 241.14820345495212 81.69951879874438
19.0 18.058987 234.86665690971847 83.0318119798563
19.0 18.105053 220.31896723154273 85.10063670781146
19.0 18.151117 205.89902060566973 84.8558998404589
19.0 18.197184 188.8948862209454 82.41161912269365
19.0 18.24325 176.67469410417462 79.40706373619638
19.0 18.289314 163.50374295160375 79.25450729258831
19.0 18.335379 157.37393263293416 77.65123129777398
19.0 18.381445 155.75581690179874 78.74602405401487
19.0 18.42751 158.11201501249326 77.45225280722667
19.0 18.473576 165.46501153399947 78.45454340778596
19.0 18.519642 176.06718466132403 81.18701134732189
19.0 18.565706 189.4747055744807 84.39893476896958
19.0 18.61177 205.46731157536607 88.44375255353839
19.0 18.657837 220.44272186931673 92.33311095741294
19.0 18.703901 231.94349245496556 94.1724761431581
19.0 18.749968 247.355684404877 94.57662963722692
19.0 18.796034 253.35288470688383 91.07029398000658
19.0 18.842098 250.8954508114907 91.31001892879549
19.0 18.888165 249.00334086099292 86.30359353583614
20.0 15.202934 98.03965135960833 91.88079721744339
20.0 15.249 96.8270692074955 92.09177375122962
20.0 15.295065 93.90941285791888 89.9410730798459
20.0 15.34113 91.92751200725615 87.59369324943565
20.0 15.387196 90.28895625661195 86.54327130437996
20.0 15.433261 91.15408434306013 85.19630268273217
20.0 15.479327 97.6254829905044 82.70331238617803
20.0 15.525392 104.66454731513848 82.64748718625178
20.0 15.571457 115.61386752997662 82.34754283072044
20.0 15.617523 125.14508984565005 81.1181615758216
20.0 15.663588 136.61534309951827 80.75087727825034
20.0 15.709653 147.73792638126434 82.08333395452176
20.0 15.755719 159.22780954867935 80.3681600411388
20.0 15.801784 171.4732497543729 78.28608293888836
20.0 15.847849 176.0825989646331 78.03313919429918
20.0 15.893915 176.2175766608206 75.82998855396914
20.0 15.93998 170.2684669684767 74.53314361566737
20.0 15.986046 160.92935578445255 73.99593197253927
20.0 16.03211 148.39904428066603 73.65571544728463
20.0 16.078176 132.5717376794436 74.11417844460571
20.0 16.124243 114.88870271705112 76.45676917023548
20.0 16.170307 96.70549859257248 80.99159649230252
20.0 16.216372 80.05109876393962 84.3974536714302
20.0 16.262438 64.1729155977789 86.11024873342595
20.0 16.308502 49.92123168473297 89.91161296867524
20.0 16.354568 39.66128969303259 91.03034021007213
20.0 16.400635 32.36716600568664 93.36924774205568
20.0 16.4467 31.94824321923253 92.44566173196509
20.0 16.492765 39.315947513772855 91.39828000930854
20.0 16.53883 51.255680292781165 90.4176137844676
20.0 16.584894 67.83621311993103 89.72019333065688
20.0 16.63096 86.1144036564742 89.58242947586187
20.0 16.677027 105.84676541411959 89.40004140726899
20.0 16.723091 122.88447009986997 88.0029671585012
20.0 16.769157 136.4851661036199 88.27138943502062
20.0 16.815222 148.85646185522165 85.18345617339638
20.0 16.861288 154.78439020390323 80.39379595802912
20.0 16.907352 155.39474879690505 78.90908044390946
20.0 16.953419 150.48529649748056 79.14260000784078
20.0 16.999483 141.5333098955107 77.5261833551775
20.0 17.04555 131.43382634576656 78.3690322895106
20.0 17.091614 118.01581687980591 84.23729832003029
20.0 17.13768 101.44498928808433 85.91533656393568
20.0 17.183744 87.7817043772966 88.7517350475644
20.0 17.22981 72.12181063285594 91.30844839123185
20.0 17.275875 57.59326268881349 92.83984324554432
20.0 17.321941 46.08089838921918 92.6743772347455
20.0 17.368008 43.24073634561166 95.1517232884784
20.0 17.414072 49.00108903789966 96.50199857057422
20.0 17.460136 58.717071154079576 95.77819712333971
20.0 17.506203 69.2680523864402 94.75049969915457
20.0 17.552267 80.54524359279675 95.03411443787525
20.0 17.598333 99.04815093826812 93.75604835919519
20.0 17.6444 116.91000792462428 92.53209709481959
20.0 17.690464 134.6102932391524 91.10790103511289
20.0 17.73653 151.11287063338685 88.76550655611582
20.0 17.782595 162.8666580266622 85.39399881010141
20.0 17.82866 168.43671759759417 86.19935233315752
20.0 17.874725 169.09610031768784 86.7569943633045
20.0 17.920792 165.69965877189975 87.99394549712042
20.0 17.966856 153.60761776472523 89.89018952706162
20.0 18.012922 141.3514550112347 93.67524818626693
20.0 18.058987 133.2850589011648 97.40490927211238
20.0 18.105053 118.01840186380306 99.82788220332621
20.0 18.151117 102.05225442039568 99.88107829676466
20.0 18.197184 83.16353043791834 99.83354417253358
20.0 18.24325 68.68459408370164 99.37847285864059
20.0 18.289314 53.204621171892036 100.93273765472767
20.0 18.335379 46.1285800557983 100.71274435544666
20.0 18.381445 45.287942761101995 102.2814540423937
20.0 18.42751 49.64876759679219 99.6918200622886
20.0 18.473576 60.22029780537909 97.40358840251378
20.0 18.519642 74.73687841057587 96.48847630066642
20.0 18.565706 91.73102051378129 96.13535755415555
20.0 18.61177 110.52592717794006 98.67557380723328
20.0 18.657837 127.0726258234372 100.94362527617875
20.0 18.703901 139.5136541162403 102.29604444690531
20.0 18.749968 153.86592306333213 103.90140319802893
20.0 18.796034 159.46718787223384 101.11660176077578
20.0 18.842098 157.90601849728304 100.8235556064442
20.0 18.888165 156.00188626666448 97.67957687181286
21.0 15.202934 16.434156791158898 211.1318757134621
21.0 15.249 23.388570144548137 214.53754811050726
21.0 15.295065 28.105621358487674 214.6362342870016
21.0 15.34113 29.380702211751593 214.71618605748412
21.0 15.387196 21.61919336350668 215.71425840728966
21.0 15.433261 1.8960617296423379 216.12532514188936
21.0 15.479327 -25.215345553967147 213.87725127940737
21.0 15.525392 -66.38168096301014 212.82296358699287
21.0 15.571457 -108.08845409354716 207.88857209765092
21.0 15.617523 -150.62601773438112 198.64115587145926
21.0 15.663588 -177.50524642842308 186.52493044366923
21.0 15.709653 -190.01272634687444 173.87047909690514
21.0 15.755719 -182.4866634209294 165.18712251599504
21.0 15.801784 -155.9402713847113 161.5674599827155
21.0 15.847849 -144.0341674265647 161.24456854817063
21.0 15.893915 -131.16542235643385 160.28715021113757
21.0 15.93998 -121.87915241532838 163.50797009801823
21.0 15.986046 -105.42067936918438 172.10575990567526
21.0 16.03211 -81.54425520871106 182.21242460405185
21.0 16.078176 -46.74679394017763 192.79353299416715
21.0 16.124243 1.5377023840084718 203.30656744616655
21.0 16.170307 61.05385438416865 211.7816994545973
21.0 16.216372 131.4989469078216 213.051142714584
21.0 16.262438 190.89135944916896 209.2805947684775
21.0 16.308502 237.38624345288707 204.66677098777433
21.0 16.354568 264.12358949466244 198.10262382346292
21.0 16.400635 264.5896495792428 200.95008381134912
21.0 16.4467 244.11383211681164 205.75936580926137
21.0 16.492765 200.9775842533639 214.041619126599
21.0 16.53883 140.37329254276997 224.06725274285708
21.0 16.584894 67.75704538362193 228.81467588349287
21.0 16.63096 -4.156684891664556 226.64637837781905
21.0 16.677027 -58.04277365884051 216.54727093098353
21.0 16.723091 -89.69139857006219 203.05278955167532
21.0 16.769157 -105.02706025487312 190.495303066813
21.0 16.815222 -96.86528487921434 178.9946733130516
21.0 16.861288 -85.487813869426 171.36313528364698
21.0 16.907352 -73.31203540537753 170.19277198123586
21.0 16.953419 -60.95784880752441 172.50201209654747
21.0 16.999483 -40.79168704383008 177.51842647227596
21.0 17.04555 -9.520821509954121 184.12214131319627
21.0 17.091614 27.426944578590778 191.8541272248835
21.0 17.13768 71.98019435039315 193.69362164190042
21.0 17.183744 122.35615535659718 193.21535573206316
21.0 17.22981 166.6613432133836 190.2632640584894
21.0 17.275875 194.92812056989018 188.7215353161264
21.0 17.321941 205.81493064729307 189.57108582431073
21.0 17.368008 208.15215755481282 194.11841207706254
21.0 17.414072 196.4151550741179 200.2615290948372
21.0 17.460136 163.33592328800438 209.61972422574442
21.0 17.506203 106.19633426151044 219.39419583018235
21.0 17.552267 37.094806889324566 224.47838185401233
21.0 17.598333 -25.604346497900725 219.75580954275944
21.0 17.6444 -75.44494919928306 208.92623529219313
21.0 17.690464 -98.57908509712607 197.29770039173786
21.0 17.73653 -98.62531866036254 186.80034774008544
21.0 17.782595 -90.88068310610917 180.60653530033196
21.0 17.82866 -85.25771000078004 180.39350103215074
21.0 17.874725 -78.83673575292619 179.08999191954018
21.0 17.920792 -69.26088503418313 177.73780912836298
21.0 17.966856 -59.969073139535375 178.2768209640269
21.0 18.012922 -34.06143293427627 180.78406639737864
21.0 18.058987 14.872688046221153 186.2046766152114
21.0 18.105053 69.27349191560207 189.8418912948626
21.0 18.151117 132.16863354885882 192.4410601882645
21.0 18.197184 192.21879323741334 192.79426907572355
21.0 18.24325 238.94946255818994 190.94584611043794
21.0 18.289314 260.23231133270775 190.56244552921183
21.0 18.335379 266.45348908621315 192.1151964926434
21.0 18.381445 253.49094262354626 199.42189154912754
21.0 18.42751 216.7436834879607 207.68999075705904
21.0 18.473576 159.79627861696173 218.65819193957765
21.0 18.519642 84.61849850887286 226.05354770702814
21.0 18.565706 4.941199359151428 224.73941726451838
21.0 18.61177 -62.06063933423896 216.7987584409518
21.0 18.657837 -111.28960950069421 202.2239361470208
21.0 18.703901 -141.40167623527933 187.77773948053232
21.0 18.749968 -138.30671258571869 178.8795321134206
21.0 18.796034 -135.04437082725724 170.86992530702557
21.0 18.842098 -140.36279100062507 167.6461308006374
21.0 18.888165 -134.34785638061555 171.01130994399205
