0.0 0.368307001 135.70679938260218 54.686949528028016
0.0 0.412372 135.20959271226744 54.59096457613876
0.0 0.456437 134.37521752941157 53.7709366257658
0.0 0.500503 133.1807200380904 54.18101620571408
0.0 0.544568 131.40364366928836 54.11633960219874
0.0 0.588633 128.77380724853384 54.990512132941824
0.0 0.632699 125.42116252104395 54.564214376127325
0.0 0.676764 120.88079188504184 55.67877935636671
0.0 0.720829 115.8667811876828 57.11425803247993
0.0 0.764895 110.60108911092588 56.67212094745634
0.0 0.80896 105.48313946553144 56.58088997748295
0.0 0.853026 99.92205887695546 57.18979935930293
0.0 0.897091 94.0656489803069 58.230333321702076
0.0 0.941156 90.00621659609114 56.16408509466149
0.0 0.985222 83.55977652377848 55.65317304897646
0.0 1.029287 78.40076214838798 54.8744864123146
0.0 1.073352 72.07233426711394 51.42667582796685
0.0 1.117418 66.19032423756609 50.596022502980304
0.0 1.161483 60.26945435183623 47.81798009906578
0.0 1.205549 57.42396049636918 44.96291080708216
0.0 1.249614 51.362703910173025 43.362305422838624
0.0 1.293679 47.14640473626988 42.55711423560237
0.0 1.337745 42.768829840562525 41.41858007322818
0.0 1.38181 39.76635820213738 38.152899828784435
0.0 1.425875 37.523756039182075 37.65234499240941
0.0 1.469941 36.97109344554188 36.784425886400484
0.0 1.514006 36.16513045947133 36.9496304941811
0.0 1.558071 36.06972938171689 37.00381079296426
0.0 1.602137 37.54953321746771 38.58577237365937
0.0 1.646202 39.90494348409577 38.57088328102541
0.0 1.690268 42.73574615562573 39.14270032089269
0.0 1.734333 48.24872924573922 41.596368595835095
0.0 1.778398 52.26746902891112 43.21103537206133
0.0 1.822464 57.977597633248855 43.155059471247895
0.0 1.866529 63.23740328874508 43.66533695329585
0.0 1.910594 67.4930616721813 43.995411341491035
0.0 1.95466 73.69780629020698 41.99140763910033
0.0 1.998725 79.45656585761078 42.832021066249126
0.0 2.042791 83.79546114644877 42.369542540170244
0.0 2.086856 86.58599525963444 41.360566385948765
0.0 2.130921 92.28169623917641 43.815601719519876
0.0 2.174987 96.98612112454002 42.359048886513946
0.0 2.219052 102.59942428738776 42.49920460272387
0.0 2.263117 108.19538153060853 43.757510099432984
0.0 2.307183 113.57604870924341 45.035820333806186
0.0 2.351248 117.87688400068278 46.30911085352906
0.0 2.395313 125.43044241709565 48.18670829030054
0.0 2.439379 133.00697904894582 47.27717343641962
0.0 2.483444 141.13807389126214 48.81987534009454
0.0 2.52751 148.58516031479235 47.65006761938628
0.0 2.571575 154.080626438324 48.960566931635405
0.0 2.61564 159.87668766190166 48.61026745193011
0.0 2.659706 164.2407084100728 49.2983468382317
0.0 2.703771 168.65672372532322 46.9942123117783
0.0 2.747836 171.88180730721422 47.22657425655568
0.0 2.791902 173.7176958391826 46.36234212306272
0.0 2.835967 175.15470339883322 44.07794954531541
0.0 2.880033 176.0405504505618 44.81375811364716
0.0 2.924098 176.11779017264828 45.504174228218325
0.0 2.968163 175.71939558883741 46.120372622257335
0.0 3.012229 174.5966243510618 47.17446469833279
0.0 3.056294 173.58192837616792 47.3513528405703
0.0 3.100359 172.62471365743463 46.01700933601283
0.0 3.144425 171.03600922967007 46.8782089932649
0.0 3.18849 168.24425661573795 47.116644692294756
0.0 3.232555 164.586286899292 46.69825437153514
0.0 3.276621 157.83177323885917 47.85075730967825
0.0 3.320686 151.80361891683847 48.7860065013302
0.0 3.364751 145.3321735492828 49.32561418207884
0.0 3.408817 139.44328910899972 49.390602967151494
0.0 3.452882 133.79718873801698 49.35027975208983
0.0 3.496948 127.76334073248242 49.47778503201932
0.0 3.541013 122.30937720469349 48.77085095261681
0.0 3.585078 115.78099934683996 47.73941898266483
0.0 3.629144 109.8811914033584 46.644246267136594
0.0 3.673209 102.27453503657196 46.21626773528522
0.0 3.717274 94.99217585959595 45.42967979502669
0.0 3.76134 86.74011197780091 44.13866369059103
0.0 3.805405 79.79638120853826 43.55770797312316
0.0 3.849471 72.84865468431313 42.468097501517576
0.0 3.893536 66.43532204010195 43.13014945587365
1.0 0.368307001 198.48164027278435 96.78830954613224
1.0 0.412372 197.9870713272766 96.65834097863939
1.0 0.456437 197.2898534158322 95.71575350533921
1.0 0.500503 196.15787040374963 95.94547609397817
1.0 0.544568 193.97847911291535 96.38593318734772
1.0 0.588633 191.1609487781642 97.33949689266329
1.0 0.632699 187.8206059255397 96.84718260150834
1.0 0.676764 183.25995980686332 97.79202214034886
1.0 0.720829 178.28256460621992 98.97228612909956
1.0 0.764895 172.83342975844187 98.87023091151885
1.0 0.80896 167.2274210505139 99.58964599788183
1.0 0.853026 161.7246895379775 100.43042295502302
1.0 0.897091 155.73078917617164 102.10243422019308
1.0 0.941156 151.57201091320283 100.80859120130006
1.0 0.985222 145.432599866265 100.75481435852349
1.0 1.029287 140.33216901544557 100.68394700766777
1.0 1.073352 134.25002745088068 98.46908387821904
1.0 1.117418 128.66702935007032 98.34833183893619
1.0 1.161483 123.03897162517059 96.7341340507266
1.0 1.205549 120.63789334424814 94.24176710809924
1.0 1.249614 115.19388434166166 93.53494122977283
1.0 1.293679 111.3693476479999 93.37148532266644
1.0 1.337745 107.48399471942543 92.90410916427332
1.0 1.38181 104.91846003189157 90.51209942146747
1.0 1.425875 102.9847090959399 90.41038905147823
1.0 1.469941 102.50161950991625 89.81843217929128
1.0 1.514006 101.87444890414622 90.03907590582624
1.0 1.558071 101.9474980995768 90.07196437550878
1.0 1.602137 103.30907236841674 91.20215925215697
1.0 1.646202 105.90583565841622 90.4933727081993
1.0 1.690268 108.29056893545717 91.10230668609817
1.0 1.734333 112.7212323997298 93.26722609817246
1.0 1.778398 116.55824980922253 94.11564688303105
1.0 1.822464 121.99661720185856 93.24199402473029
1.0 1.866529 127.06393915461283 92.98937421335877
1.0 1.910594 130.98069231339082 93.050574694136
1.0 1.95466 136.60915804564533 91.17840100002421
1.0 1.998725 141.40442229639245 92.21127755926126
1.0 2.042791 145.74387582491633 91.19167816856361
1.0 2.086856 148.76667097695557 89.67346358983554
1.0 2.130921 153.75816660864365 91.79308299576985
1.0 2.174987 157.8843258043516 90.56926952286487
1.0 2.219052 164.06287136330013 89.29215495170328
1.0 2.263117 168.70703375683144 90.80065549613497
1.0 2.307183 173.52386104128655 91.97006208716898
1.0 2.351248 178.49058032773172 91.78517560118868
1.0 2.395313 186.39120939226427 92.70205993103573
1.0 2.439379 193.53786735891055 92.37303473997775
1.0 2.483444 201.70382365395938 93.89586098935361
1.0 2.52751 209.94703388370323 92.20570130986941
1.0 2.571575 215.89508144180024 93.11817869399879
1.0 2.61564 222.0164207448794 92.8722956790951
1.0 2.659706 226.4794195157206 93.71869802906934
1.0 2.703771 231.28718695837412 91.56598761081982
1.0 2.747836 234.9778661890647 91.59661127233244
1.0 2.791902 237.50367044058945 90.12469770531659
1.0 2.835967 239.39326912853141 87.60895373980875
1.0 2.880033 240.48857624451924 88.14632037228654
1.0 2.924098 240.50285598901763 88.82622461829459
1.0 2.968163 239.92838070941914 89.53470211278889
1.0 3.012229 238.35220845404004 90.86781244835255
1.0 3.056294 237.46922924326483 90.85965678607971
1.0 3.100359 236.90244493875457 89.24147115832514
1.0 3.144425 235.42198189706895 89.94654872275463
1.0 3.18849 232.3359051067154 90.3129107751982
1.0 3.232555 228.27948271702726 90.10267921531621
1.0 3.276621 221.20381748216155 90.72131166919229
1.0 3.320686 214.64046530396735 91.71448528496173
1.0 3.364751 208.10868938007567 91.8446762008795
1.0 3.408817 202.23536868697377 91.71322071512508
1.0 3.452882 196.3337026524842 92.00161115812045
1.0 3.496948 189.95521261850698 92.63326348840064
1.0 3.541013 184.2862932106823 92.48192402682083
1.0 3.585078 177.41265805419036 92.2929218359207
1.0 3.629144 170.82051503429474 92.51187744792304
1.0 3.673209 163.307890276128 92.36348493792242
1.0 3.717274 156.73514338057473 91.32546949091896
1.0 3.76134 149.03171723967654 90.36078512741021
1.0 3.805405 142.27988700016093 90.40181322074848
1.0 3.849471 135.5227759847445 90.16697608647625
1.0 3.893536 129.5551434292051 90.98207005349467
2.0 0.368307001 118.07539270251102 144.5186848477073
2.0 0.412372 117.63995447074917 144.43785341359285
2.0 0.456437 117.09142084309474 143.733642673718
2.0 0.500503 116.14442718901121 144.1831529656393
2.0 0.544568 113.72906951299314 144.056304575041
2.0 0.588633 110.97224571741953 144.94043832474298
2.0 0.632699 107.87229109402577 144.66952089886252
2.0 0.676764 103.57597140257742 145.95964835853897
2.0 0.720829 98.8809482450947 147.61089689038246
2.0 0.764895 93.327340339522 147.37436780771904
2.0 0.80896 87.13184417664705 147.36071187044246
2.0 0.853026 81.32374518718483 148.37328138397436
2.0 0.897091 74.51141908849887 149.8188874090071
2.0 0.941156 69.75842197340825 147.96470251387134
2.0 0.985222 62.92894740645676 148.1051141909159
2.0 1.029287 56.94907167146221 147.7506407565539
2.0 1.073352 49.687589629312086 145.00916128332554
2.0 1.117418 43.01565461304644 144.8134420944053
2.0 1.161483 36.10425413585289 142.70435534447665
2.0 1.205549 33.62744025157666 140.20606506442277
2.0 1.249614 26.81647827766214 139.5281694663512
2.0 1.293679 21.89903174161644 139.34676703970283
2.0 1.337745 16.896032193225007 138.90367159679496
2.0 1.38181 13.6225266583739 136.194464044473
2.0 1.425875 10.960542452017622 136.14400067072688
2.0 1.469941 10.249429733143367 135.4113689860156
2.0 1.514006 9.346594398402491 135.8013638061128
2.0 1.558071 9.353093723552064 136.03645937107888
2.0 1.602137 11.040985416913463 137.45964856062042
2.0 1.646202 14.73257001436669 137.39133765861894
2.0 1.690268 17.201852543367607 137.671187042788
2.0 1.734333 22.080164960507002 139.19033968289312
2.0 1.778398 26.83915247810158 140.4390877707352
2.0 1.822464 33.761000062231766 139.74502243277234
2.0 1.866529 39.93369268929631 139.79113203615034
2.0 1.910594 44.30537712222031 139.7569776654521
2.0 1.95466 50.52105654158188 137.17377651311332
2.0 1.998725 55.362811806170086 137.21584268852538
2.0 2.042791 60.52793277531645 136.51289239223223
2.0 2.086856 64.30450326981814 135.55468654196648
2.0 2.130921 69.64355749344513 137.2080860079266
2.0 2.174987 74.02825385900688 135.23788109212256
2.0 2.219052 81.56275829048569 135.24808904601474
2.0 2.263117 86.15379569835548 135.6237974810848
2.0 2.307183 91.15926252687584 136.23153951119696
2.0 2.351248 97.26811571455629 137.4868107741284
2.0 2.395313 105.66398384990917 138.98364437362082
2.0 2.439379 112.24745130571132 137.60857216755844
2.0 2.483444 119.96505791621743 138.7183171596894
2.0 2.52751 128.03860124886154 137.6234392028963
2.0 2.571575 133.81164275383776 138.84052414247125
2.0 2.61564 139.31872375081662 138.45021423250935
2.0 2.659706 143.28474072203477 139.00796640640843
2.0 2.703771 147.48273136210656 136.9022898117129
2.0 2.747836 150.87121728041964 137.2050870416097
2.0 2.791902 153.5068713094808 136.61676238855478
2.0 2.835967 155.30434698266004 134.67199604072852
2.0 2.880033 156.39055998603277 135.39281027469252
2.0 2.924098 156.44023549775508 135.98297212484385
2.0 2.968163 155.8886199463463 136.46257462879277
2.0 3.012229 154.35493747279156 137.24665606680313
2.0 3.056294 153.6103667539656 137.4607269094005
2.0 3.100359 153.13040658256162 136.3880021737425
2.0 3.144425 151.77587835146295 137.26667012756062
2.0 3.18849 148.87552196730024 137.43298799812408
2.0 3.232555 145.06091336391952 136.9890041629272
2.0 3.276621 139.16125853296325 138.10438709414854
2.0 3.320686 133.15440732854256 138.9476240593885
2.0 3.364751 127.39678241734214 139.63133695254126
2.0 3.408817 121.97528878407952 139.92180830679604
2.0 3.452882 116.07758966129113 140.0307997571153
2.0 3.496948 109.53459600995187 140.30690872218074
2.0 3.541013 103.58083978290762 139.797752556766
2.0 3.585078 96.22807467051025 139.03630903446904
2.0 3.629144 88.72433886912562 137.98793012635247
2.0 3.673209 80.99378015403288 137.94939996259487
2.0 3.717274 74.50995060652197 137.8509483124633
2.0 3.76134 66.34127375385165 137.33289432388085
2.0 3.805405 58.7687698072376 137.23745071115513
2.0 3.849471 50.96525550667686 136.6791046287631
2.0 3.893536 44.33672539458883 137.8438125924017
3.0 0.368307001 -10.805664205835367 125.29937353272828
3.0 0.412372 -10.741489479450616 125.37115453617017
3.0 0.456437 -10.182718665970844 125.03696280831248
3.0 0.500503 -9.889133062698534 125.66128266095086
3.0 0.544568 -10.547330283657507 124.40146575443384
3.0 0.588633 -11.168285068268561 124.84676004474308
3.0 0.632699 -11.386153487523764 124.62404390079267
3.0 0.676764 -12.665328250094568 126.0419654062695
3.0 0.720829 -14.083774867469547 127.93551430695578
3.0 0.764895 -15.801890100236646 127.15839993193028
3.0 0.80896 -17.198385993270726 125.86555507801752
3.0 0.853026 -18.76578007714819 126.29201831119221
3.0 0.897091 -20.18602243342952 126.51657866415178
3.0 0.941156 -18.702211346470087 123.77705256887826
3.0 0.985222 -19.387733293182155 123.54200393968938
3.0 1.029287 -18.61384993674678 122.651895364518
3.0 1.073352 -19.657111958677586 119.17615815889518
3.0 1.117418 -19.73111310737495 118.86916089284968
3.0 1.161483 -20.38589108313101 116.28601663061237
3.0 1.205549 -17.48690321937193 113.97964951835601
3.0 1.249614 -18.753966624019814 113.2251700631523
3.0 1.293679 -18.29204823556465 113.25451996392692
3.0 1.337745 -18.866075988761143 112.98277575877621
3.0 1.38181 -18.45153458628964 110.60219365817355
3.0 1.425875 -18.79306440239993 110.71808541001658
3.0 1.469941 -18.010045854269976 110.17238571861877
3.0 1.514006 -18.53979629855072 110.65830561607967
3.0 1.558071 -19.449232518657258 110.83181679691683
3.0 1.602137 -19.380718655945277 112.20895313816784
3.0 1.646202 -18.52316819859732 112.31269851942581
3.0 1.690268 -19.628061966240224 112.17555421193566
3.0 1.734333 -19.36225556551906 113.04839677813553
3.0 1.778398 -20.225787847659696 114.32059243111584
3.0 1.822464 -19.37078894275457 114.21891438186843
3.0 1.866529 -20.298408974741836 115.0849433522523
3.0 1.910594 -23.073172305873328 115.7367822028874
3.0 1.95466 -24.498759827518843 113.4420635212074
3.0 1.998725 -27.03904765940592 113.1901141747299
3.0 2.042791 -29.622187241203868 113.33263038104623
3.0 2.086856 -34.417978168930034 113.18309675305605
3.0 2.130921 -36.63782512233453 114.1723246278355
3.0 2.174987 -39.718974884788814 111.68266379507635
3.0 2.219052 -39.92927993797931 113.8456324230367
3.0 2.263117 -42.726469117320875 112.88036366684763
3.0 2.307183 -45.292425334110774 112.82881237152723
3.0 2.351248 -47.40965239859292 116.57454640961835
3.0 2.395313 -44.803130960532044 118.9647548388381
3.0 2.439379 -43.96846542745413 115.47600908139016
3.0 2.483444 -41.31786576589584 115.23979865872762
3.0 2.52751 -37.39545811880653 114.94445536115212
3.0 2.571575 -36.82062189210965 116.30037486571045
3.0 2.61564 -35.151936196986455 115.15853691830515
3.0 2.659706 -35.36655992375217 114.95277224224294
3.0 2.703771 -33.926175996403614 112.9758053110279
3.0 2.747836 -32.825308313756324 113.6009771994529
3.0 2.791902 -32.19882434262925 115.04337975842444
3.0 2.835967 -31.72042017724332 114.53609398764985
3.0 2.880033 -31.411683930819645 115.63892022908938
3.0 2.924098 -31.7233612720324 116.09328945445996
3.0 2.968163 -31.803311408787167 116.17413796471634
3.0 3.012229 -32.34663642002603 115.90646655561297
3.0 3.056294 -30.96933347428458 116.76970509490174
3.0 3.100359 -28.296488096993624 116.99860882287413
3.0 3.144425 -26.401394600778683 118.44533748955692
3.0 3.18849 -25.607301814695905 118.65410865444052
3.0 3.232555 -25.28773643289659 118.36441077619929
3.0 3.276621 -27.775147602989023 120.96142866005135
3.0 3.320686 -29.340476390141955 121.95095641625147
3.0 3.364751 -29.930556812367595 123.97145118989883
3.0 3.408817 -29.265000063884212 125.10378199193539
3.0 3.452882 -28.529036262447036 124.73841902149444
3.0 3.496948 -28.38450615520023 124.19021540141156
3.0 3.541013 -26.61760705589671 122.80380815331759
3.0 3.585078 -27.076037882076697 121.04137586758114
3.0 3.629144 -27.141924092649152 118.28174570071533
3.0 3.673209 -27.547522087185527 118.58166091176359
3.0 3.717274 -25.96557723726994 120.07269227679824
3.0 3.76134 -25.787386827849645 120.53612820445757
3.0 3.805405 -24.7629271047548 120.54837374994572
3.0 3.849471 -23.859769164366963 119.63617281162945
3.0 3.893536 -21.491492438540277 120.99986347411405
4.0 0.368307001 202.48059174874436 151.89474384057755
4.0 0.412372 202.02133672095175 151.7452070437292
4.0 0.456437 201.43575953150022 150.768784385321
4.0 0.500503 200.4967950208732 150.9722755364472
4.0 0.544568 197.92502340016512 151.35575179216173
4.0 0.588633 195.1229673734788 152.24890341996655
4.0 0.632699 191.91852560371612 151.63495168174967
4.0 0.676764 187.6475545441396 152.47272316362375
4.0 0.720829 183.0418731635566 153.54497332386856
4.0 0.764895 177.45344040898362 153.29633896044618
4.0 0.80896 171.32413290087865 153.96477154266944
4.0 0.853026 165.8654862033913 154.80596972836494
4.0 0.897091 159.61200448193048 156.60462563183103
4.0 0.941156 155.0281522189019 155.3338885758992
4.0 0.985222 148.8806330295743 155.39038920289
4.0 1.029287 143.50029916501234 155.47858337112055
4.0 1.073352 136.93241250038145 153.3655400745017
4.0 1.117418 131.1753336680192 153.45970955078485
4.0 1.161483 125.12915941300831 152.00584136154853
4.0 1.205549 122.8097768461809 149.5411150894867
4.0 1.249614 117.23111400535896 149.11285130886182
4.0 1.293679 113.28155955436348 149.23072269266734
4.0 1.337745 109.296159718019 149.00965722630326
4.0 1.38181 106.55660595206231 146.75890524306635
4.0 1.425875 104.56191985513777 146.84938461615013
4.0 1.469941 103.99300531489156 146.33983865604435
4.0 1.514006 103.4063586563548 146.6485914671952
4.0 1.558071 103.55590695063226 146.71732192954227
4.0 1.602137 105.05517671925791 147.83602168116718
4.0 1.646202 108.13214928215386 147.00247274977144
4.0 1.690268 110.256922386375 147.5869944413368
4.0 1.734333 114.26945582374985 149.65462720395192
4.0 1.778398 118.37103557898014 150.3609108561392
4.0 1.822464 124.07989646019654 149.21018889747722
4.0 1.866529 129.39463802314683 148.7610319229899
4.0 1.910594 133.23408507141508 148.69688940184548
4.0 1.95466 138.44468208858072 146.61717017553187
4.0 1.998725 142.60684158928404 147.52611070282035
4.0 2.042791 147.14666057076334 146.2979581539333
4.0 2.086856 150.4651277196487 144.53731401612026
4.0 2.130921 155.20908025949106 146.5005708905575
4.0 2.174987 158.83396788875612 145.0250903711534
4.0 2.219052 165.83014912775587 143.59286921593377
4.0 2.263117 169.79979610035292 144.91462493330724
4.0 2.307183 174.29831975741584 145.9257969914127
4.0 2.351248 180.21384009131353 145.62422411314284
4.0 2.395313 188.5572481252471 146.64942146481627
4.0 2.439379 194.8747839636066 146.3898904964449
4.0 2.483444 202.7702723289981 148.14847094621393
4.0 2.52751 211.20008094196578 146.71591785256678
4.0 2.571575 217.35910792048492 147.82015775038727
4.0 2.61564 223.2230909503955 147.7972100344374
4.0 2.659706 227.45936793567225 148.79460449550086
4.0 2.703771 231.93332767763144 146.81735639262325
4.0 2.747836 235.75215886817827 147.0389674909854
4.0 2.791902 238.7460278549126 145.69226093320884
4.0 2.835967 240.7009097563557 143.25891286453157
4.0 2.880033 242.00099304284194 143.87040239460086
4.0 2.924098 242.04952699990915 144.53627629213202
4.0 2.968163 241.42102966109726 145.2087099664414
4.0 3.012229 239.6451225867912 146.43793042739844
4.0 3.056294 238.9879149970454 146.47172260392506
4.0 3.100359 238.67830807251 144.95317036814012
4.0 3.144425 237.4857563584985 145.74942385239046
4.0 3.18849 234.38366513843897 146.05553961853929
4.0 3.232555 230.22671991455653 145.72542058531604
4.0 3.276621 223.78394268384997 145.98379284236137
4.0 3.320686 217.33793603976716 146.7240005796574
4.0 3.364751 211.34650620759163 146.64508500126135
4.0 3.408817 205.84409989802901 146.4094559135157
4.0 3.452882 199.8762381866172 146.63839344791816
4.0 3.496948 193.31302316585234 147.2182419243219
4.0 3.541013 187.41204215087183 147.07342496430627
4.0 3.585078 180.132591617905 146.84770944239543
4.0 3.629144 172.71129581921662 147.06323105325416
4.0 3.673209 165.31771217354012 146.86454210560453
4.0 3.717274 159.37632485300261 145.87581101703393
4.0 3.76134 151.93527999557654 145.00507035426267
4.0 3.805405 145.09412986047968 145.19050798784846
4.0 3.849471 138.1049348715383 145.12137589229414
4.0 3.893536 132.36114351557163 146.12663640290694
5.0 0.368307001 158.94229878924472 174.49767732284542
5.0 0.412372 158.50849728671747 174.3761850897377
5.0 0.456437 157.99713183378444 173.49657525512237
5.0 0.500503 157.11857692921419 173.84831500282263
5.0 0.544568 154.45173516669743 173.96137691394028
5.0 0.588633 151.66038155919554 174.90262513575414
5.0 0.632699 148.5791473406025 174.43961256612428
5.0 0.676764 144.4220690439507 175.5923533761503
5.0 0.720829 139.93039172939763 177.06688280039947
5.0 0.764895 134.32567640621122 176.82371073975335
5.0 0.80896 127.89728717832611 177.19674420257888
5.0 0.853026 122.27408491415515 178.26281490238546
5.0 0.897091 115.55923249134496 180.1102231211505
5.0 0.941156 110.6377923321996 178.50590088806047
5.0 0.985222 104.11078517156115 178.7630195564373
5.0 1.029287 98.20869233183228 178.75780703062776
5.0 1.073352 91.10134070192481 176.3579990207446
5.0 1.117418 84.73073473642289 176.4967512510723
5.0 1.161483 78.0499401599922 174.79993793561147
5.0 1.205549 75.65559129914965 172.21120199967763
5.0 1.249614 69.38580220806392 171.87884255977932
5.0 1.293679 64.8148342661054 172.04790801742047
5.0 1.337745 60.24387574151752 171.90061851124827
5.0 1.38181 57.18273684543666 169.40868197311343
5.0 1.425875 54.8042737076432 169.569948252544
5.0 1.469941 54.103393558326665 168.95957073024033
5.0 1.514006 53.37785300043989 169.39219142606876
5.0 1.558071 53.530584829512094 169.5836970011613
5.0 1.602137 55.16991896542545 170.88976306575586
5.0 1.646202 58.84671883403245 170.29580391016015
5.0 1.690268 61.06464421326011 170.7174611026268
5.0 1.734333 65.267618554471 172.47447962917678
5.0 1.778398 69.89276510887669 173.3794819522531
5.0 1.822464 76.42520501976419 172.17046893245978
5.0 1.866529 82.39838927300411 171.79645498141187
5.0 1.910594 86.60149106299991 171.6589639517993
5.0 1.95466 92.29041073658739 169.03603663582948
5.0 1.998725 96.582094015165 169.4198689624418
5.0 2.042791 101.70662141819521 168.2772183517886
5.0 2.086856 105.64936639135527 166.75743004788745
5.0 2.130921 110.63085828858954 168.52042006038292
5.0 2.174987 114.5810751613465 166.55735633591968
5.0 2.219052 122.34836041550231 165.67669708125285
5.0 2.263117 126.39395110541186 166.41668820374633
5.0 2.307183 131.0868792313739 167.13466852309554
5.0 2.351248 137.6642047325 167.5682233591097
5.0 2.395313 146.20712750051243 168.82687990395374
5.0 2.439379 152.3353888384358 167.87493974178662
5.0 2.483444 159.9705014018803 169.3351928777464
5.0 2.52751 168.29743314003161 168.00773325730435
5.0 2.571575 174.36188579732834 169.24101329915774
5.0 2.61564 179.93482324819684 169.02422679362235
5.0 2.659706 183.95566092297958 169.83834530277178
5.0 2.703771 188.1910382165821 167.709431439828
5.0 2.747836 191.8329503959632 168.02219681498448
5.0 2.791902 194.87429436549638 167.0742501500804
5.0 2.835967 196.83648659019752 164.82433020443847
5.0 2.880033 198.09465243080044 165.54653449985128
5.0 2.924098 198.14997967109875 166.19558863350667
5.0 2.968163 197.51449686216836 166.77639525704623
5.0 3.012229 195.74635767566522 167.77728956416934
5.0 3.056294 195.07894867805442 167.92977898897595
5.0 3.100359 194.72785211844385 166.62147985584667
5.0 3.144425 193.47125084206814 167.5405586611357
5.0 3.18849 190.39873930184078 167.77607469710222
5.0 3.232555 186.33371620359122 167.35026547890678
5.0 3.276621 180.46621694251996 168.05121865893392
5.0 3.320686 174.27356905209626 168.85459378433896
5.0 3.364751 168.60852167202788 169.18701185864168
5.0 3.408817 163.25145775004898 169.24924326659718
5.0 3.452882 157.21295046248656 169.45169807161363
5.0 3.496948 150.50485647944924 169.93540356032594
5.0 3.541013 144.36951669320393 169.63107378885198
5.0 3.585078 136.83006217707938 169.16928393241466
5.0 3.629144 128.90993870141972 168.7778579847106
5.0 3.673209 121.33846284390064 168.73761575503408
5.0 3.717274 115.32853274604474 168.28597669330549
5.0 3.76134 107.58358195717808 167.71617480610712
5.0 3.805405 100.21180504917157 167.9102417659117
5.0 3.849471 92.59505562940463 167.74125800678945
5.0 3.893536 86.3313688554991 169.03310218561901
6.0 0.368307001 226.49632147110356 27.129302492560335
6.0 0.412372 225.93642367710137 26.998282329576448
6.0 0.456437 225.13145694631385 25.835123258974292
6.0 0.500503 223.6956775708596 26.093693501410634
6.0 0.544568 221.89095348590936 26.862545675884714
6.0 0.588633 218.8656661961492 28.154474350288464
6.0 0.632699 215.22875856143554 27.6875353625345
6.0 0.676764 210.03479641214653 28.975161636659028
6.0 0.720829 204.311834566772 30.519540126882536
6.0 0.764895 198.83314845454856 30.73175061142507
6.0 0.80896 193.68804261840208 32.026923377382104
6.0 0.853026 187.98207269419757 33.13798661800789
6.0 0.897091 182.18044455068053 35.26827735785727
6.0 0.941156 178.63482002462925 33.94690969047329
6.0 0.985222 172.51767101059983 33.922651461060084
6.0 1.029287 167.8269859895042 33.947676047413445
6.0 1.073352 162.5152736841066 31.63678459810347
6.0 1.117418 157.24898282313038 31.56883123015989
6.0 1.161483 152.32411707722957 29.92750824041524
6.0 1.205549 150.0660745255733 26.928594597102215
6.0 1.249614 144.99152084532543 26.116791460215758
6.0 1.293679 141.49209694118647 25.881868652776582
6.0 1.337745 137.907593977779 25.32544112328841
6.0 1.38181 135.8123549371227 22.606634781555528
6.0 1.425875 134.06949181292046 22.432356738468272
6.0 1.469941 133.77730035221495 21.732787012854757
6.0 1.514006 133.13296975595034 21.91528506685409
6.0 1.558071 133.12992314644907 21.865145860480563
6.0 1.602137 134.22888802991616 23.04446508982669
6.0 1.646202 136.23878122367162 21.869388326926398
6.0 1.690268 138.84266697944645 22.681370221013697
6.0 1.734333 143.52097456515114 25.40594720838116
6.0 1.778398 146.88023627567034 26.235224906345167
6.0 1.822464 151.89078652212203 25.113042372886678
6.0 1.866529 156.53017107069337 24.73585681480072
6.0 1.910594 160.39523864171903 24.959172554929864
6.0 1.95466 166.51581230120797 23.03568302948202
6.0 1.998725 171.8918859897386 24.687892943260334
6.0 2.042791 175.91844040430843 23.48398832338385
6.0 2.086856 178.49391492178373 21.717262065836454
6.0 2.130921 183.56661360747356 24.413750879830236
6.0 2.174987 188.25450783892558 23.363399919960607
6.0 2.219052 193.47746559193502 21.36437225889048
6.0 2.263117 198.7805005854012 23.609749192890103
6.0 2.307183 203.86092589694678 25.222671510184053
6.0 2.351248 207.60922677195853 24.588557195737916
6.0 2.395313 215.16193413812297 25.102465288965092
6.0 2.439379 223.65276419744222 24.63532789665044
6.0 2.483444 232.51820846628715 25.96557004165168
6.0 2.52751 241.17201624187373 23.157617792328832
6.0 2.571575 247.1246216052137 23.7811435560337
6.0 2.61564 254.0439242975888 23.02423236857517
6.0 2.659706 259.0191924189526 23.81980051799274
6.0 2.703771 264.79389174047486 20.84702333702636
6.0 2.747836 268.6291488429677 20.49041466084495
6.0 2.791902 270.8087190479583 18.369050175002382
6.0 2.835967 272.9194128786746 15.087157718629749
6.0 2.880033 273.796698644797 15.609767836897086
6.0 2.924098 273.697365038022 16.48353662099802
6.0 2.968163 273.0995604346135 17.44356888102038
6.0 3.012229 271.5582939440718 19.31995182531162
6.0 3.056294 270.3879342464668 19.242659474796056
6.0 3.100359 269.6946465394175 17.044674103050887
6.0 3.144425 267.8015472761605 17.81236830610226
6.0 3.18849 264.5421841206005 18.46400522772763
6.0 3.232555 260.3686495889345 18.53571781279198
6.0 3.276621 251.78963770519547 19.868473922033033
6.0 3.320686 244.5448988419811 21.61104062014201
6.0 3.364751 236.91402160271412 22.079066383690655
6.0 3.408817 230.32710001363466 22.082353028363347
6.0 3.452882 224.30745138028243 22.660581164472926
6.0 3.496948 217.93392502779747 23.71956606447203
6.0 3.541013 212.48797895690691 23.71633777803052
6.0 3.585078 205.96424040670786 23.895144304654433
6.0 3.629144 200.27302765762732 24.75028252314633
6.0 3.673209 192.45126767086032 24.865513468778452
6.0 3.717274 185.10788891115422 23.506095085814554
6.0 3.76134 177.09677732786707 22.437007268257368
6.0 3.805405 170.48618853048572 22.65013783643863
6.0 3.849471 164.10327312492961 22.56396630671827
6.0 3.893536 157.9364274919246 23.40456813156623
