0.0 21.390900999 174.34795274100216 86.68964826285112
0.0 21.434965 159.20187589947574 85.92326431542656
0.0 21.47903 149.32522967059492 84.43459123100685
0.0 21.523096 142.22719986573534 84.41467604569347
0.0 21.567162 139.00779229600687 85.49269571585363
0.0 21.611227 133.92101180433602 84.93303984047918
0.0 21.655293 128.95746829709407 83.95915940893923
0.0 21.699358 124.63015547044286 82.3365852785622
0.0 21.743423 121.58249104160583 81.1337155370558
0.0 21.787489 119.55457140696664 75.30273501246661
0.0 21.831554 123.09519185719451 67.48154665531501
0.0 21.87562 126.90524378771488 62.4471438468476
0.0 21.919685 129.8865620548954 61.59238692426452
0.0 21.96375 132.57728274805143 60.956864007609695
0.0 22.007816 137.57923856907135 60.890698380286004
0.0 22.051882 143.12218328168504 64.13193938652714
0.0 22.095945 150.0083804474882 69.31157906272128
0.0 22.140013 154.5365307237695 75.07299745249121
0.0 22.184076 157.71858638015064 81.66239930362629
0.0 22.228142 161.44030434945904 85.2700810654972
0.0 22.272207 167.42617850279993 88.21148918910167
0.0 22.316273 173.4195528712199 96.18903471321113
0.0 22.360338 179.13464577350265 100.72717615529432
0.0 22.404404 181.42427493964834 110.77546528000164
0.0 22.44847 179.4444287758515 119.8286868863265
0.0 22.492535 177.27842670295223 128.3928992090655
0.0 22.5366 176.47130569179166 133.37134393272058
0.0 22.580666 177.7937797670932 134.30929126876686
0.0 22.624731 178.72869405878149 132.43472655711486
0.0 22.668797 180.73239901694467 129.20064386685573
0.0 22.712862 182.22479406108675 129.68675724920715
0.0 22.756927 184.7414042176886 127.31787725440245
0.0 22.800991 188.03359979409572 121.08970826806177
0.0 22.845058 188.8039010390317 114.6594815223074
0.0 22.889124 191.34687106164134 110.18349405184792
0.0 22.933187 194.41822959941834 102.42592581154072
0.0 22.977255 197.03886736144344 97.91067933089242
0.0 23.021318 198.57908123559176 97.49937724332376
0.0 23.065384 201.9076527319807 100.13822314254526
0.0 23.10945 204.91409953607047 99.71023765796095
0.0 23.153515 206.39388855668787 97.9263920195556
0.0 23.19758 208.36403612266702 88.32995389881042
0.0 23.241646 212.32947540539817 81.87301383637295
0.0 23.285711 218.3979276770675 77.73071482099344
0.0 23.329777 225.33962586068054 70.48233018339303
0.0 23.373842 222.82521459651684 60.75804511659387
0.0 23.417908 227.20785934932698 56.14062410390577
0.0 23.461973 219.4101403243209 45.62288631252534
0.0 23.506039 218.1202407669979 39.494809667549816
0.0 23.550102 205.72069059129225 35.84821424566282
0.0 23.59417 197.9956979999614 27.994928942550253
0.0 23.638233 193.98523837411267 27.717331474393095
0.0 23.6823 193.40992358578856 24.651915446118064
0.0 23.726364 193.6943781668306 21.83754982356315
0.0 23.77043 191.7740995079243 24.38083801452056
0.0 23.814495 188.0293916944746 28.13216315124067
0.0 23.85856 184.97093205964157 30.29531042961105
0.0 23.902626 183.1480508383879 34.81202285283672
0.0 23.946692 181.16417953601942 39.81881686840107
0.0 23.990757 180.3441657861418 45.66714905905171
0.0 24.034822 179.26701065773688 53.369544073056744
0.0 24.078888 178.22088354959288 57.91839186917186
0.0 24.122953 179.79739273578664 65.04617995440096
0.0 24.167019 182.9745226477811 69.8420052022388
0.0 24.211084 189.40363554008118 76.08604370254034
0.0 24.25515 195.77096930455906 82.16504759182956
0.0 24.299215 201.92171219087393 83.91401941262373
0.0 24.34328 203.67900686593643 84.24686180091314
0.0 24.387344 202.88335389534868 85.90566830119182
0.0 24.431412 198.75146061039266 91.81717537572762
0.0 24.475475 194.55231695763692 93.8282890496522
0.0 24.519543 195.69934622814742 95.27267923870632
0.0 24.563606 197.18703559927712 92.64803370798724
0.0 24.607672 198.94539846600117 91.44589735608294
0.0 24.651737 199.35063920742815 91.84289382843953
0.0 24.695803 198.26302643762756 90.8850776614219
0.0 24.739868 197.14373939366345 87.34303319454457
0.0 24.783934 194.31061831484686 86.02501313959368
0.0 24.828 190.82561458269203 84.23097118411286
0.0 24.872065 185.3339022599071 82.23809577614928
0.0 24.91613 180.71375117583798 81.29881653287924
1.0 21.390900999 106.20704802404764 119.07774298959762
1.0 21.434965 92.6638162667667 118.07801179063766
1.0 21.47903 84.0477260608709 116.54124592559755
1.0 21.523096 77.15283547092214 114.73783358836334
1.0 21.567162 73.9473883440135 113.51498265676877
1.0 21.611227 69.08807906274704 111.62275749332493
1.0 21.655293 64.48308978026878 109.98869411824452
1.0 21.699358 60.05585529838723 106.88883302239202
1.0 21.743423 57.07958793315761 104.77346801416581
1.0 21.787489 55.47909490746122 99.03882481035497
1.0 21.831554 60.10541479365573 92.0290736081147
1.0 21.87562 64.72908349285854 87.58357253417876
1.0 21.919685 68.05186177987616 86.62932644590997
1.0 21.96375 70.93818620364274 86.11952132160634
1.0 22.007816 76.2514757434125 86.35475395841844
1.0 22.051882 81.73274316443772 88.9888099551138
1.0 22.095945 88.25579333353724 92.78677826434581
1.0 22.140013 92.21930998856884 97.03026327199368
1.0 22.184076 94.40771731057143 100.83349454497944
1.0 22.228142 97.39041938131261 102.5562482361058
1.0 22.272207 102.44309180762325 102.86898090393595
1.0 22.316273 107.613485588842 107.83169353221295
1.0 22.360338 112.36859818225162 108.42574788029229
1.0 22.404404 114.27039096293217 116.27350422564564
1.0 22.44847 112.12953641806112 124.47272681934334
1.0 22.492535 109.68345241414262 132.35803591990413
1.0 22.5366 108.45850422516249 136.8262627862644
1.0 22.580666 109.27760093013606 137.37864436391033
1.0 22.624731 109.78245768015053 135.53939869097877
1.0 22.668797 111.30671650689717 130.03395039002226
1.0 22.712862 112.28818704299741 126.98334029979178
1.0 22.756927 114.4250956949785 122.11907626955737
1.0 22.800991 117.1731945207304 115.11574573034068
1.0 22.845058 117.531853271384 107.66243829226984
1.0 22.889124 119.41597475061616 103.15575488252588
1.0 22.933187 121.65690311971235 95.73765784990432
1.0 22.977255 123.60331127519243 91.20305428499687
1.0 23.021318 124.74595353850216 91.43509887763355
1.0 23.065384 127.71392566223463 95.64592181415318
1.0 23.10945 130.426054151724 98.49211211310421
1.0 23.153515 132.06368975637287 99.98657338144436
1.0 23.19758 134.08772853481906 94.39457145678972
1.0 23.241646 138.05904646368754 91.2111108100184
1.0 23.285711 144.02759168552495 90.32581138747156
1.0 23.329777 150.93256566422374 88.66622541421994
1.0 23.373842 149.87051524233314 84.28021927657363
1.0 23.417908 155.56866093692273 86.19497190706207
1.0 23.461973 150.67669832461064 81.39970038245646
1.0 23.506039 151.42119026483002 80.16442326555936
1.0 23.550102 143.58748111291675 80.83260902038239
1.0 23.59417 139.2973288418688 77.59104472295996
1.0 23.638233 138.510552222685 80.22877474667797
1.0 23.6823 139.46762478350539 79.24680559996402
1.0 23.726364 140.22656792529574 77.42673053870107
1.0 23.77043 138.3453903121391 78.88774315943748
1.0 23.814495 135.81435165138106 82.21982211758042
1.0 23.85856 133.7732270834133 84.33104469572655
1.0 23.902626 131.75393172706745 87.49573439115085
1.0 23.946692 129.96743802934938 91.76787735172364
1.0 23.990757 129.21255905150724 97.12751552594487
1.0 24.034822 128.3800633461495 104.74804755280131
1.0 24.078888 126.55558372987917 109.07874981422032
1.0 24.122953 126.64116150685678 115.55980120155785
1.0 24.167019 128.20293730792156 120.42444531620677
1.0 24.211084 131.97729597644172 126.07512495011996
1.0 24.25515 135.9585030122161 132.10589673651947
1.0 24.299215 139.51276153506473 133.8577560662189
1.0 24.34328 139.65149447267308 134.5736472733351
1.0 24.387344 136.64835684400813 134.94820194510922
1.0 24.431412 130.92487764668604 138.9064531586255
1.0 24.475475 125.33009831132729 138.81274634760322
1.0 24.519543 126.2817288534056 139.7334041920785
1.0 24.563606 128.37523876535167 136.97846605607657
1.0 24.607672 130.3865447283006 134.04468819163588
1.0 24.651737 131.9291611631606 132.88038601919502
1.0 24.695803 132.87482514372786 130.90941735020553
1.0 24.739868 133.96805385501418 126.37337961621567
1.0 24.783934 133.44379459610715 123.74285765188375
1.0 24.828 132.2886574202037 120.64026857539645
1.0 24.872065 129.09152412902313 117.16231086927714
1.0 24.91613 126.5496873194786 114.80866670483877
2.0 21.390900999 183.15884667963167 202.77240810626878
2.0 21.434965 164.66845479544668 194.32435223893785
2.0 21.47903 152.8759775899602 186.71647400429836
2.0 21.523096 142.30857736239125 181.75435519985385
2.0 21.567162 135.8325634665731 178.47446168550917
2.0 21.611227 129.5558742637907 173.38749133056518
2.0 21.655293 125.15639994841536 168.17923999499848
2.0 21.699358 121.13942930655459 162.60339431777604
2.0 21.743423 119.88991134304705 157.97567186198071
2.0 21.787489 121.27253533886545 148.91180006820252
2.0 21.831554 129.01867624907914 138.72677643316254
2.0 21.87562 136.69824440026787 132.44698002582464
2.0 21.919685 142.80340053496244 131.2612365408328
2.0 21.96375 148.93857389707813 130.93971770440936
2.0 22.007816 157.7640769582338 131.73030966439157
2.0 22.051882 166.4433013461111 136.65317544511555
2.0 22.095945 175.8707673102909 144.5998684678068
2.0 22.140013 182.62881459554973 153.95661350227073
2.0 22.184076 186.2344644835225 165.0491614127385
2.0 22.228142 190.83660158928447 173.190123811107
2.0 22.272207 196.19181057557927 181.7481031278315
2.0 22.316273 201.01383585128866 196.796193764797
2.0 22.360338 202.5431511070556 208.54636980477306
2.0 22.404404 203.3905742147927 226.5021307983528
2.0 22.44847 201.13099051528073 242.92133616089853
2.0 22.492535 198.42489493436597 259.1635492835302
2.0 22.5366 196.7686910204231 270.77565089716376
2.0 22.580666 197.00296613153748 276.57645741721245
2.0 22.624731 197.12760527012844 277.499434988008
2.0 22.668797 193.32594185318766 275.58906817453305
2.0 22.712862 187.01360157131123 278.86437289086524
2.0 22.756927 183.51941152158878 276.91568164435404
2.0 22.800991 184.0505392460037 269.2286107910073
2.0 22.845058 181.55541288496116 260.59763952794896
2.0 22.889124 183.49746493788066 255.68545533460465
2.0 22.933187 186.15599430890325 246.0927763357138
2.0 22.977255 188.17999831415446 240.6974265967568
2.0 23.021318 191.14567616578103 240.6448301592108
2.0 23.065384 198.33986672426812 244.8945892076762
2.0 23.10945 208.1037677989197 244.6719495747459
2.0 23.153515 215.8608376391715 240.8194493297363
2.0 23.19758 222.9842291618175 225.86850618174898
2.0 23.241646 230.6350438015809 215.23817180770934
2.0 23.285711 240.58572837219907 207.8508460184387
2.0 23.329777 254.6656843893489 197.09280919461554
2.0 23.373842 256.31594303730583 180.95549412333045
2.0 23.417908 269.03737167376767 172.56931218278586
2.0 23.461973 263.630003047349 155.06613096382998
2.0 23.506039 264.36709878208364 144.60097702555447
2.0 23.550102 252.46432860002773 134.00434188474028
2.0 23.59417 244.2153120036129 121.37842270106763
2.0 23.638233 239.26722797722582 117.43658495279921
2.0 23.6823 234.98720321644 113.02767798659423
2.0 23.726364 229.28774461054383 110.21987399240568
2.0 23.77043 219.41258073450106 113.0519795964477
2.0 23.814495 209.81694856372374 116.74905387366319
2.0 23.85856 201.4450939176394 119.62466782038902
2.0 23.902626 193.0923959511848 125.55038947071446
2.0 23.946692 186.48148001150793 132.50465446752943
2.0 23.990757 181.94381530511288 141.2204666515828
2.0 24.034822 178.95011897063688 152.9154035334938
2.0 24.078888 175.1625771785763 162.57174585558707
2.0 24.122953 173.89339034225168 176.21902447319152
2.0 24.167019 175.56589050646085 189.15835786964715
2.0 24.211084 179.44864630087682 205.43755185935618
2.0 24.25515 184.96540043676404 223.39943926105053
2.0 24.299215 189.81458557186926 236.6211352176118
2.0 24.34328 192.0589154377542 247.0846135354061
2.0 24.387344 188.02095051262563 256.3384061515586
2.0 24.431412 180.4928482279562 268.4491433264367
2.0 24.475475 172.635545985021 270.9935436520222
2.0 24.519543 175.78992025963936 270.6294519330051
2.0 24.563606 180.96511942441586 260.53904527705595
2.0 24.607672 183.09710544751889 249.2352692024047
2.0 24.651737 185.13414253536476 239.2300315321392
2.0 24.695803 186.49403928982835 227.2627531060665
2.0 24.739868 187.00974971787093 212.47792746521196
2.0 24.783934 185.43245655661087 201.43358066839008
2.0 24.828 183.03488799579637 190.90634055551723
2.0 24.872065 178.41695051597415 181.15229086927945
2.0 24.91613 174.7218761372326 173.909807360169
3.0 21.390900999 126.61018507513879 49.86573444619172
3.0 21.434965 112.45825634326054 49.74192447705981
3.0 21.47903 103.10591431844736 48.931088591709305
3.0 21.523096 97.37461087645433 48.39166499414381
3.0 21.567162 95.86987152757965 48.81594380215944
3.0 21.611227 91.78682586587783 48.024071331173815
3.0 21.655293 87.34039875401255 47.14887931628436
3.0 21.699358 83.88142128944467 44.96072387188988
3.0 21.743423 81.36448863951166 43.52926457258133
3.0 21.787489 78.97531645822289 37.57346244392148
3.0 21.831554 81.90327556635337 29.95244055118
3.0 21.87562 85.37689680329957 25.06253040813386
3.0 21.919685 88.541512584528 24.166238447103105
3.0 21.96375 91.20349620930627 23.442632269523592
3.0 22.007816 96.19813160487428 23.47243316574182
3.0 22.051882 102.38437657685965 26.499455592298855
3.0 22.095945 110.43093595884507 31.073283394957382
3.0 22.140013 116.09726996134758 35.96496284388817
3.0 22.184076 121.21530593585432 40.87531248614336
3.0 22.228142 126.27075161618168 43.08006626737426
3.0 22.272207 134.1108643059672 44.12280567050883
3.0 22.316273 142.3032966553318 50.50780802193407
3.0 22.360338 150.94298409431983 52.70777569191353
3.0 22.404404 154.9643312959792 61.880591559930394
3.0 22.44847 153.9016677817639 70.6168974673655
3.0 22.492535 152.5144460275178 78.82351154322718
3.0 22.5366 152.30948455334635 83.28977324775671
3.0 22.580666 154.03677537472393 83.60488871514123
3.0 22.624731 155.14692399260207 81.23645098910532
3.0 22.668797 159.06806954025404 76.6466788018801
3.0 22.712862 163.3749110736599 75.50837107130764
3.0 22.756927 167.99244918251404 71.84468389690907
3.0 22.800991 172.1123856108991 64.53744165153239
3.0 22.845058 174.02163468447708 56.96055870234839
3.0 22.889124 176.60393865331 51.58055032476394
3.0 22.933187 179.5070217096776 42.57371246218014
3.0 22.977255 182.0601425571442 37.07201944418035
3.0 23.021318 182.6878073612347 36.611996725899466
3.0 23.065384 184.0350085091039 39.997073204797815
3.0 23.10945 183.76898794842757 40.80367879594373
3.0 23.153515 182.151317158329 40.5709527251779
3.0 23.19758 180.88256214533877 32.07026465276246
3.0 23.241646 181.99284373119656 26.919943563923173
3.0 23.285711 185.05387215785186 24.556710874828212
3.0 23.329777 187.26851547995452 20.249605496154555
3.0 23.373842 181.04574345301143 13.69696395901966
3.0 23.417908 180.43392374151958 14.1540815583465
3.0 23.461973 169.46550324349565 7.763846179630408
3.0 23.506039 165.25029515480387 5.860543370794634
3.0 23.550102 151.236575330557 7.071953339318299
3.0 23.59417 141.60308876993972 3.4596085885353545
3.0 23.638233 136.78224922795712 7.363667060840925
3.0 23.6823 135.61709263832367 6.774919478568476
3.0 23.726364 135.74493343207294 5.060259131881459
3.0 23.77043 134.73970354170422 7.246330853304187
3.0 23.814495 131.8053026165062 11.70906327105338
3.0 23.85856 129.27272046264235 14.51404555584444
3.0 23.902626 128.36193913438998 18.284211450480257
3.0 23.946692 126.96533762249156 23.106403412446987
3.0 23.990757 126.4990997718892 28.88508050097879
3.0 24.034822 125.51361325570946 36.82608242156657
3.0 24.078888 124.2639896335102 40.61439001506875
3.0 24.122953 125.65553470634579 46.55772405100121
3.0 24.167019 128.04133707526793 50.40485048790582
3.0 24.211084 133.6465055721497 54.93860027970601
3.0 24.25515 138.80113195102118 59.70086093136272
3.0 24.299215 143.51062846240737 59.92900899491536
3.0 24.34328 144.04837342329355 59.23220904205038
3.0 24.387344 143.13509964918157 58.57566157433692
3.0 24.431412 139.8607317089224 62.21816362983164
3.0 24.475475 136.78411489119097 62.09709105605661
3.0 24.519543 138.2227715773253 63.389334551001525
3.0 24.563606 139.981842932006 61.289632957535936
3.0 24.607672 143.01074531695716 59.735822142624315
3.0 24.651737 144.94047635593665 60.38604603531182
3.0 24.695803 145.36226730804245 60.36570612436246
3.0 24.739868 145.79799700907043 57.80144594233991
3.0 24.783934 144.82119889553047 57.33852309152739
3.0 24.828 143.19058911193287 56.36122996427516
3.0 24.872065 139.66474458935465 54.953512894866634
3.0 24.91613 136.82881285824328 54.59342363827774
4.0 21.390900999 51.69354906821657 96.39674225446811
4.0 21.434965 37.07311105113381 95.79796557023856
4.0 21.47903 27.784598005092924 94.82358145249921
4.0 21.523096 20.95481695590435 92.04383808547736
4.0 21.567162 18.691125660926783 89.47809352393497
4.0 21.611227 13.873970459860836 86.87352437312313
4.0 21.655293 8.887663377272258 84.98568651626815
4.0 21.699358 4.1862108698839675 80.79682544886917
4.0 21.743423 0.8441789365685896 78.01721410917341
4.0 21.787489 -1.744281507873421 72.26336538210042
4.0 21.831554 2.886011980982043 66.01205033032649
4.0 21.87562 7.704653693384488 62.114839035295276
4.0 21.919685 11.325198657498312 61.13784550659845
4.0 21.96375 14.18371629256689 60.64601347047432
4.0 22.007816 19.902649372372966 61.155920408548326
4.0 22.051882 26.229751656898376 63.37588042253464
4.0 22.095945 34.0979855238227 66.15443733233583
4.0 22.140013 38.94616694347234 69.09066332369107
4.0 22.184076 42.3250076469279 70.42213279004395
4.0 22.228142 46.16607548917531 70.37690418631672
4.0 22.272207 52.73909249646627 68.4444880476249
4.0 22.316273 60.04634609279999 71.24541730474861
4.0 22.360338 67.18509087845197 68.97207366045882
4.0 22.404404 70.73006312554375 75.49635239477709
4.0 22.44847 69.10447497543186 83.02901159201032
4.0 22.492535 67.04434037605583 90.27825914484892
4.0 22.5366 65.95228087291609 94.17777694819969
4.0 22.580666 66.6928883001102 94.317718626505
4.0 22.624731 66.67238553179226 92.2955322735325
4.0 22.668797 69.10273901559104 85.23753579366752
4.0 22.712862 71.96221251131661 79.83851567840577
4.0 22.756927 75.3077332926204 73.29477264765396
4.0 22.800991 77.92055929110256 65.37989898209621
4.0 22.845058 78.14202672196126 56.53703643561331
4.0 22.889124 79.49650701968422 51.426639820003196
4.0 22.933187 80.74800938899847 43.294548819604096
4.0 22.977255 82.28114741867269 38.12663468779911
4.0 23.021318 83.05192604165316 38.75340842982404
4.0 23.065384 85.65825418060113 44.634732285074506
4.0 23.10945 86.89552559046636 50.08057910408252
4.0 23.153515 87.16995820894901 54.1665258476198
4.0 23.19758 87.16860084527701 51.15336804272002
4.0 23.241646 90.1160403613933 50.52409754359155
4.0 23.285711 95.52887795742767 52.47990573673899
4.0 23.329777 100.94181598755821 55.11444102733824
4.0 23.373842 98.22981981245717 54.63835756666628
4.0 23.417908 102.76382857254298 61.84567687752425
4.0 23.461973 96.52550507873569 61.45407522189329
4.0 23.506039 96.85130350877117 64.15414579936206
4.0 23.550102 88.65573602068633 69.13516199672573
4.0 23.59417 84.22276706088759 69.86876324657239
4.0 23.638233 84.12558631268544 75.6577751425942
4.0 23.6823 85.8521573132707 76.4216412875825
4.0 23.726364 87.40106851277066 75.18555623371498
4.0 23.77043 86.35534333464557 75.96944133729367
4.0 23.814495 84.65250299219281 79.54105885025093
4.0 23.85856 83.3199766701376 81.94589957407283
4.0 23.902626 81.9300360734498 84.20840160712541
4.0 23.946692 80.58878068670462 88.08771151554738
4.0 23.990757 80.15492183217508 93.1248997120881
4.0 24.034822 79.3430635821835 100.70388885677437
4.0 24.078888 77.20891210422413 104.38414465755005
4.0 24.122953 76.98907456486815 109.68341931773286
4.0 24.167019 78.06254091489178 113.64620183727958
4.0 24.211084 81.47668070850611 117.59779004834414
4.0 24.25515 84.91135999215942 122.31304769689775
4.0 24.299215 87.92263680817196 122.8087420890503
4.0 24.34328 87.28698033717161 122.91249148172577
4.0 24.387344 83.77070076344756 121.62490814050703
4.0 24.431412 77.60904675646803 123.72140733255333
4.0 24.475475 71.77484260866022 121.91317952740303
4.0 24.519543 72.79666829174509 122.54871358691918
4.0 24.563606 75.13849771448577 120.23883650342866
4.0 24.607672 78.04023912983146 116.86040711788178
4.0 24.651737 80.5608200975266 115.6849584303832
4.0 24.695803 82.49031862317055 114.38079445211577
4.0 24.739868 84.7318823979633 110.66810453895266
4.0 24.783934 85.38252184121478 108.65394604387139
4.0 24.828 85.39814904343422 106.16657588823894
4.0 24.872065 83.27173503567315 103.14688141459908
4.0 24.91613 81.79050452015314 101.18426056470986
5.0 21.390900999 222.58409710304696 130.18457339797095
5.0 21.434965 200.22075316475843 124.95581449768994
5.0 21.47903 185.65690668977396 120.12627663537089
5.0 21.523096 174.59453465374645 118.26859068479058
5.0 21.567162 168.51232996310827 117.77446158447603
5.0 21.611227 161.75288143876398 114.99111536372811
5.0 21.655293 156.4184891815834 111.58488914205562
5.0 21.699358 152.27451585677102 108.10834865040414
5.0 21.743423 150.5798636098798 105.02225898999195
5.0 21.787489 150.8444272738162 97.12656359686036
5.0 21.831554 157.44812476174633 87.48296948185485
5.0 21.87562 164.44777551772137 81.52965080842512
5.0 21.919685 170.43753597765811 80.73973943837645
5.0 21.96375 176.48855702714403 80.50956222315052
5.0 22.007816 185.38837594132372 81.13703445978669
5.0 22.051882 194.78367034584124 86.17270046755726
5.0 22.095945 205.61612404760368 94.45971717577882
5.0 22.140013 213.7461236264233 104.22163503163452
5.0 22.184076 219.508872574922 116.36969900163807
5.0 22.228142 225.96355468260577 125.2685973869088
5.0 22.272207 234.18394523667143 135.18059109427838
5.0 22.316273 241.9970199876831 151.52200694146106
5.0 22.360338 247.33182098712078 166.10323224382878
5.0 22.404404 250.14455936011174 185.04200996412322
5.0 22.44847 248.39707113466457 201.40204683998357
5.0 22.492535 246.3197766927179 217.25929465738068
5.0 22.5366 245.56500280850565 228.89789771592618
5.0 22.580666 246.95974538299882 235.52202978357212
5.0 22.624731 247.72901588454198 237.57464575719243
5.0 22.668797 245.8170875635439 239.3109363092818
5.0 22.712862 242.10015562607092 246.33966036846837
5.0 22.756927 240.28618186630908 247.88576225165454
5.0 22.800991 241.49042255710162 242.5861151000523
5.0 22.845058 239.18624460816943 235.95025063758357
5.0 22.889124 241.7728261004006 231.70562026580058
5.0 22.933187 244.81151958570652 222.74349201707707
5.0 22.977255 247.6200695734432 217.62803273442387
5.0 23.021318 251.37902122615031 216.60202202572447
5.0 23.065384 259.77151748214004 218.82697864301767
5.0 23.10945 269.6620539647384 215.26021187171108
5.0 23.153515 276.5538991638073 207.9459926004826
5.0 23.19758 282.12539171305303 190.0963422380725
5.0 23.241646 289.2106939623756 176.84450328106848
5.0 23.285711 299.2498593123252 166.43545445107972
5.0 23.329777 312.8743420112648 150.5764506240347
5.0 23.373842 310.8094137645596 129.93507966791321
5.0 23.417908 320.8264281073553 114.89122892203243
5.0 23.461973 309.47483054921037 93.14925272380314
5.0 23.506039 306.2518066280825 78.16729169313976
5.0 23.550102 286.12382874580453 65.13385706314045
5.0 23.59417 272.07734630168966 49.69023070247416
5.0 23.638233 261.6225759068993 43.88481931412
5.0 23.6823 254.50086064891153 37.993725857119834
5.0 23.726364 247.46917957445567 34.515567253768
5.0 23.77043 236.88696364237978 38.49697285454365
5.0 23.814495 225.07052961308682 43.32876390712516
5.0 23.85856 214.86513357108817 46.991062931894774
5.0 23.902626 206.42282567333822 54.01353421733736
5.0 23.946692 199.1889366077662 61.45637258841067
5.0 23.990757 194.13447175687378 70.04846156044091
5.0 24.034822 190.28033570244165 80.7627606232319
5.0 24.078888 186.99156248992801 88.98667927951291
5.0 24.122953 187.1377140575003 100.4998580562484
5.0 24.167019 190.27845561447958 110.40126012395275
5.0 24.211084 197.15840433941966 123.0554585279364
5.0 24.25515 205.30713573953608 136.54506202001866
5.0 24.299215 213.43729708850637 146.32789672727245
5.0 24.34328 217.97826498944 154.0972501512037
5.0 24.387344 217.99232443117648 162.0303106445831
5.0 24.431412 213.9987852777771 172.14520309133573
5.0 24.475475 209.55830212215253 174.86724172525498
5.0 24.519543 213.3752082632122 174.48153596389213
5.0 24.563606 217.6952774820948 167.1508515202695
5.0 24.607672 219.935651225834 160.7344288866774
5.0 24.651737 220.57786892532883 155.88448697369472
5.0 24.695803 219.14951918644863 149.6562881487052
5.0 24.739868 216.90700758050107 141.23126707155868
5.0 24.783934 212.78443483182392 135.79135573893197
5.0 24.828 208.06160888515208 130.5096632671211
5.0 24.872065 201.42257660329923 125.72190058323423
5.0 24.91613 196.03020052561223 122.6600934807483
6.0 21.390900999 180.98047851624293 130.96868876010475
6.0 21.434965 165.91757736158908 128.8359559452429
6.0 21.47903 156.2234510518794 126.29603522427557
6.0 21.523096 148.22838896645234 125.54717257294152
6.0 21.567162 143.82046948592043 126.05637225749129
6.0 21.611227 138.13966279914206 124.87071199493248
6.0 21.655293 132.99915098044625 123.29503233135011
6.0 21.699358 128.00224372261647 121.18511293957566
6.0 21.743423 124.62620135665115 119.55384082589505
6.0 21.787489 122.85322653952073 113.43002061216691
6.0 21.831554 126.92845105819484 105.5074512585147
6.0 21.87562 131.05353086725918 100.42595428770329
6.0 21.919685 133.95164498368345 99.48250890625295
6.0 21.96375 136.64810613946207 98.85276191555343
6.0 22.007816 141.67727457781822 98.83375147898543
6.0 22.051882 146.74141107829445 102.08088523961075
6.0 22.095945 152.6785852387784 107.30384665884016
6.0 22.140013 156.1988777151017 113.13320983127994
6.0 22.184076 157.62916757794156 119.7847152946016
6.0 22.228142 160.01352857074158 123.50932403585112
6.0 22.272207 164.09903124102505 126.56053890161813
6.0 22.316273 168.1031503609721 134.5236300751549
6.0 22.360338 171.1023282429717 138.80228652770268
6.0 22.404404 171.9978797424512 148.6716220048029
6.0 22.44847 169.41607352573695 157.64061522213035
6.0 22.492535 166.69075781826402 166.2327991145481
6.0 22.5366 165.3046971196647 171.2257104413699
6.0 22.580666 166.04420515262808 172.08483625323552
6.0 22.624731 166.58804060389394 170.0386790307937
6.0 22.668797 166.89297679211197 166.08895633630317
6.0 22.712862 166.14500925000598 165.7707122191152
6.0 22.756927 166.98634363132794 162.67620160562288
6.0 22.800991 169.42853132733737 156.13684264812372
6.0 22.845058 169.3183495610458 149.36921270431625
6.0 22.889124 171.5224272174565 145.08905713662773
6.0 22.933187 174.3148845366106 137.70350640870987
6.0 22.977255 176.63667687080053 133.55706916153954
6.0 23.021318 178.50304467464954 133.6606077670642
6.0 23.065384 182.75726093532148 137.09167482053383
6.0 23.10945 187.59962887583666 137.7968727853916
6.0 23.153515 191.1004504719325 136.94101303558784
6.0 23.19758 195.07511386319456 128.3396343369474
6.0 23.241646 200.73946651113195 122.76132241005813
6.0 23.285711 208.59018004838092 119.51014532349826
6.0 23.329777 218.54759397248532 113.53104568631564
6.0 23.373842 219.25774511705933 104.37451553070338
6.0 23.417908 227.98365890893598 100.39040154033145
6.0 23.461973 223.90051594488065 89.7625658404327
6.0 23.506039 225.97324732453598 83.60099076260809
6.0 23.550102 217.3472170311441 78.63422469067733
6.0 23.59417 212.8257864575386 70.09352979696813
6.0 23.638233 211.5945472898659 68.63458395222482
6.0 23.6823 212.59459920583828 65.21707959110124
6.0 23.726364 213.49280252843323 62.49072015089046
6.0 23.77043 211.16523837611058 65.00411979068524
6.0 23.814495 207.76489438847045 68.17639074216852
6.0 23.85856 205.06606767938828 69.98263760893256
6.0 23.902626 202.67307285038927 74.55747550174769
6.0 23.946692 200.62021131535167 79.48715796293716
6.0 23.990757 199.92632995369584 85.35250519640827
6.0 24.034822 199.3908513514134 93.01370884868923
6.0 24.078888 198.32103129869608 98.16729764014129
6.0 24.122953 199.69608603530486 106.20183809147652
6.0 24.167019 203.0355746625818 112.1498381918303
6.0 24.211084 209.25120975723917 120.09417744803558
6.0 24.25515 215.90895627371117 127.87367163208
6.0 24.299215 222.05377274102494 131.4066006130263
6.0 24.34328 223.89101535163408 132.89387440057013
6.0 24.387344 221.79335189950794 135.70755172098134
6.0 24.431412 216.1938698076343 142.28814923494284
6.0 24.475475 210.14573638682333 144.58609815244608
6.0 24.519543 211.05312803060966 145.93713757386502
6.0 24.563606 212.41578793975026 142.62296379134588
6.0 24.607672 212.9992939666835 140.65275593204007
6.0 24.651737 212.59230359990028 139.81234017535357
6.0 24.695803 211.07464654201692 137.1687768175138
6.0 24.739868 209.38918317209806 131.81863415369747
6.0 24.783934 205.9319385396899 128.65849840348278
6.0 24.828 201.8113394789793 125.03862359894615
6.0 24.872065 195.54636780669892 121.22715141226578
6.0 24.91613 190.28932982521974 118.65590520368303
7.0 21.390900999 218.84648477038016 26.481561725169133
7.0 21.434965 201.7500142752652 28.231963227203707
7.0 21.47903 190.60779221568677 28.196065626267544
7.0 21.523096 183.76222952327873 30.5766537723998
7.0 21.567162 181.2314675826985 34.23185480232127
7.0 21.611227 175.96401043985173 35.67506952481394
7.0 21.655293 170.22634373871418 36.22684363588497
7.0 21.699358 165.64571012629267 36.553599297853005
7.0 21.743423 161.84136301933253 36.85559352584083
7.0 21.787489 158.68994801228146 31.3120566726998
7.0 21.831554 161.06056690965718 22.592985081868434
7.0 21.87562 163.8108836849013 16.811927273803835
7.0 21.919685 165.95595944110735 15.973261141347285
7.0 21.96375 167.74875830162384 15.104737339922526
7.0 22.007816 171.85142192328024 14.498531598269228
7.0 22.051882 176.90117376616732 17.95919850593369
7.0 22.095945 183.8032923189585 23.727347981107478
7.0 22.140013 188.38382163413576 30.103549813223246
7.0 22.184076 192.3886076252791 38.03164927915867
7.0 22.228142 196.78265314524677 42.00950404495247
7.0 22.272207 204.3767980531994 45.31089922559212
7.0 22.316273 211.95761219783708 54.04203613524997
7.0 22.360338 220.47024043613536 59.44926676112238
7.0 22.404404 223.67881058516957 69.82097525760105
7.0 22.44847 221.56470532142927 78.54944147252981
7.0 22.492535 219.40995285797024 86.6180781547249
7.0 22.5366 219.03798640926397 90.85221277344186
7.0 22.580666 221.27243870879425 90.847548054205
7.0 22.624731 222.99498593643912 87.86964057979041
7.0 22.668797 227.63057429074777 84.9697994165471
7.0 22.712862 232.25660496520823 86.89954098534194
7.0 22.756927 237.5182362435419 85.42261903083377
7.0 22.800991 242.89954474862728 78.8793430980509
7.0 22.845058 245.46897374485957 72.6439365583625
7.0 22.889124 249.25742979144368 67.59247734178994
7.0 22.933187 253.91875519284943 58.80600434265347
7.0 22.977255 257.8319556561133 53.87988054994978
7.0 23.021318 259.3329189248502 53.10755201565336
7.0 23.065384 261.9211061935389 54.85028679315771
7.0 23.10945 263.2859762863539 52.23062064117516
7.0 23.153515 262.7560631615638 48.69007757995288
7.0 23.19758 263.66352563531393 36.19977736498035
7.0 23.241646 267.27722440102957 27.339975078917536
7.0 23.285711 273.19313873717465 20.760859789944263
7.0 23.329777 279.03997290119156 8.90292061981874
7.0 23.373842 273.8360572586428 -4.325308619462702
7.0 23.417908 274.82585179030946 -13.469522821551429
7.0 23.461973 262.997578323372 -27.51883261871429
7.0 23.506039 259.13726248249117 -37.073997562521974
7.0 23.550102 240.99189551819867 -41.46406298988624
7.0 23.59417 229.75901668986313 -52.54838524210163
7.0 23.638233 222.4470128161645 -53.6024110237711
7.0 23.6823 221.48142345396792 -58.89232438015584
7.0 23.726364 223.20881343965226 -63.92594323421967
7.0 23.77043 223.4356988388037 -60.774640536371656
7.0 23.814495 219.83033989441302 -56.17986473764855
7.0 23.85856 217.1337175577334 -54.21416699792305
7.0 23.902626 217.23531025333077 -48.73190453767151
7.0 23.946692 216.07956684624259 -43.02370653365091
7.0 23.990757 215.86050457841705 -36.68161432091795
7.0 24.034822 214.3381325363554 -28.245054136030912
7.0 24.078888 214.36504776594563 -23.989125250860425
7.0 24.122953 217.54117417461734 -16.631968801241573
7.0 24.167019 222.27065497682884 -13.048237130409527
7.0 24.211084 231.5995722270164 -7.967828740719555
7.0 24.25515 240.06880787284274 -3.549739680030747
7.0 24.299215 249.3354463886371 -4.727931888180644
7.0 24.34328 252.64890808586966 -6.792988822120008
7.0 24.387344 254.68040089979965 -5.195536809905839
7.0 24.431412 251.6105170258771 3.6962498290614625
7.0 24.475475 248.89488947682653 8.571600895511878
7.0 24.519543 249.59800903921516 11.28335093769473
7.0 24.563606 250.31312167473985 9.19611658383828
7.0 24.607672 252.59211384300286 9.998995786947821
7.0 24.651737 252.0609834742224 12.967546032639728
7.0 24.695803 249.06287292129517 14.158648939216068
7.0 24.739868 246.50511614114356 12.163612696861266
7.0 24.783934 241.75826943301067 13.288929348907889
7.0 24.828 236.38838375128663 13.833791685580689
7.0 24.872065 228.9800692556786 14.405662715893177
7.0 24.91613 222.54766051485797 15.860281075568562
8.0 21.390900999 131.54348604197983 145.24469893590734
8.0 21.434965 117.9748898385085 143.51445221659944
8.0 21.47903 109.385854740681 141.28106290421906
8.0 21.523096 101.87776138083846 139.55478904647828
8.0 21.567162 97.73487875095536 138.65059257182983
8.0 21.611227 92.4598867376011 136.75646760790522
8.0 21.655293 87.76933976805397 134.936355971441
8.0 21.699358 83.02032585512629 132.00084865670317
8.0 21.743423 79.9314118340595 129.91770077353559
8.0 21.787489 78.70425749344537 123.90036262568393
8.0 21.831554 83.63448826480474 116.36392524689096
8.0 21.87562 88.40761921032873 111.56727963749316
8.0 21.919685 91.64902003483685 110.56376318265808
8.0 21.96375 94.59399102176269 110.02749822451696
8.0 22.007816 99.89062453094309 110.17783662471113
8.0 22.051882 104.99933723039553 113.05790052600973
8.0 22.095945 110.80991244237207 117.40319819341035
8.0 22.140013 114.12848600044909 122.31869861079245
8.0 22.184076 115.20278184941839 127.25595030522621
8.0 22.228142 117.37991708980337 129.790057211114
8.0 22.272207 121.21277470797152 131.08626710957842
8.0 22.316273 124.91881971447778 137.09106401046495
8.0 22.360338 127.78474593894457 138.79685567020854
8.0 22.404404 128.55444770989646 147.34565754186642
8.0 22.44847 125.90370172471896 155.98856659003928
8.0 22.492535 123.01012773039743 164.34449565744467
8.0 22.5366 121.45190014344394 169.15459140952285
8.0 22.580666 122.06630393547847 169.83779114428575
8.0 22.624731 122.58858794073578 167.91247864103406
8.0 22.668797 123.07588749333623 162.57806548922375
8.0 22.712862 122.43438874586863 160.077609697943
8.0 22.756927 123.46058552974922 155.45517624426685
8.0 22.800991 125.95461414263886 148.452078601864
8.0 22.845058 125.95550925515784 141.13888584494595
8.0 22.889124 127.94500556043428 136.78477980113146
8.0 22.933187 130.4900208060248 129.52341962602603
8.0 22.977255 132.53820024395625 125.2334623134999
8.0 23.021318 134.04093334538325 125.55191449923267
8.0 23.065384 137.72882493378947 129.63279320855014
8.0 23.10945 141.9352304764249 132.03494971263837
8.0 23.153515 145.0413656099685 132.9466054168176
8.0 23.19758 148.7642053575023 126.5468133033513
8.0 23.241646 154.03229716200053 122.62677793247688
8.0 23.285711 161.24212098292438 120.96539430540183
8.0 23.329777 170.28693687683244 118.00409611569677
8.0 23.373842 171.1579253468268 112.07682408034911
8.0 23.417908 179.2999241897585 112.056023090008
8.0 23.461973 176.24503577933734 105.20068815871326
8.0 23.506039 178.52675391756694 102.21786917026677
8.0 23.550102 172.0024488756986 100.57643741983397
8.0 23.59417 168.8707809665819 95.2610396369261
8.0 23.638233 168.81623825331513 96.16855898680828
8.0 23.6823 170.08594853198716 94.24784301788833
8.0 23.726364 170.7789780219778 92.1303614299671
8.0 23.77043 168.33598147600347 93.92275488203911
8.0 23.814495 165.48950661373237 97.04195807446828
8.0 23.85856 163.20976582774608 98.95290231865897
8.0 23.902626 160.64984785976625 102.62226193728522
8.0 23.946692 158.59194683936954 107.15218250664654
8.0 23.990757 157.71964452042914 112.79673785253478
8.0 24.034822 157.05144349652372 120.62169367051516
8.0 24.078888 155.32366639555005 125.56446729493842
8.0 24.122953 155.48962898847125 133.06472831457205
8.0 24.167019 157.39384638841184 138.86936251892752
8.0 24.211084 161.38242589667803 146.03800900455113
8.0 24.25515 165.85381349186443 153.44362048237548
8.0 24.299215 169.79427265838203 156.4320576458719
8.0 24.34328 170.3648371118729 157.84607556073323
8.0 24.387344 167.08747850643456 159.382688392938
8.0 24.431412 160.88344509218214 164.57526134743327
8.0 24.475475 154.57110634294187 165.36516853664273
8.0 24.519543 155.4215629850326 166.4208543807832
8.0 24.563606 157.40257917955046 163.11678849625946
8.0 24.607672 158.6199891690262 159.99394075136888
8.0 24.651737 159.42568460517333 158.34286912665087
8.0 24.695803 159.74341926736486 155.39547894779915
8.0 24.739868 160.09268779470557 149.69465922248062
8.0 24.783934 158.7446530728919 146.0505425509491
8.0 24.828 156.7536546261272 141.9365849435334
8.0 24.872065 152.67141122861136 137.5210410748055
8.0 24.91613 149.32686380099258 134.35943231204777
9.0 21.390900999 81.3830894289664 8.383210445266544
9.0 21.434965 66.78304334976686 7.956570860514976
9.0 21.47903 56.98103046935969 7.210075931982734
9.0 21.523096 52.132710030192584 5.75266846682982
9.0 21.567162 52.43489444127647 5.5100263472167725
9.0 21.611227 49.12037899366378 4.155784650887247
9.0 21.655293 44.91333489860597 2.9816024757005635
9.0 21.699358 42.128818109734574 -0.2905035636071141
9.0 21.743423 40.06376317754231 -2.3750821209546764
9.0 21.787489 36.78009783705266 -9.353354367023405
9.0 21.831554 38.741237833201836 -17.449083369043255
9.0 21.87562 41.77515173723268 -22.60441752786831
9.0 21.919685 45.336445718288864 -23.645102586974875
9.0 21.96375 48.09750460047935 -24.63680336665775
9.0 22.007816 53.42651182454121 -24.452196692984945
9.0 22.051882 60.9711582269754 -21.259987592133776
9.0 22.095945 71.16106874293655 -16.680529920936824
9.0 22.140013 78.72979818922065 -12.216022687415293
9.0 22.184076 86.58384689995607 -8.610011619877135
9.0 22.228142 93.48391542237819 -7.691453404604493
9.0 22.272207 103.78195350366353 -8.421651481443515
9.0 22.316273 115.06463483023718 -2.7962637393341785
9.0 22.360338 127.24806393354017 -2.698406485502945
9.0 22.404404 133.59982571536125 6.627321381378825
9.0 22.44847 133.71718902267324 15.793082344379515
9.0 22.492535 133.3219170294397 24.343765159573877
9.0 22.5366 133.8028545712906 28.561910890885283
9.0 22.580666 135.89675867630143 28.041313427778412
9.0 22.624731 136.99530483167547 24.526833431117026
9.0 22.668797 142.80503006048895 17.67047617412047
9.0 22.712862 150.21463652325232 14.483515054658477
9.0 22.756927 157.12877292413017 8.654495904760976
9.0 22.800991 162.08543961197745 -1.3107453515256506
9.0 22.845058 165.1851048054395 -11.839209299732014
9.0 22.889124 167.81300503401246 -19.376923816636776
9.0 22.933187 170.4526313143082 -31.702467902366077
9.0 22.977255 172.9389864188033 -39.41402847167162
9.0 23.021318 172.51994873692084 -39.66885606402519
9.0 23.065384 171.70129902027819 -33.99081140774579
9.0 23.10945 167.71192449551774 -30.7775868601997
9.0 23.153515 162.5792183122658 -28.451770142412478
9.0 23.19758 157.30359777787416 -36.43494800102735
9.0 23.241646 155.1725473929825 -39.90231421526035
9.0 23.285711 155.2428257523938 -39.30499551503407
9.0 23.329777 152.74432394667397 -39.462231604794965
9.0 23.373842 142.1774446918444 -42.66759924438056
9.0 23.417908 137.2354120069737 -35.348603092430274
9.0 23.461973 122.24259019995009 -37.77282291934531
9.0 23.506039 115.37713710378974 -34.7361326366074
9.0 23.550102 99.02654112580609 -28.480048144687313
9.0 23.59417 86.98419242939626 -27.810661470802934
9.0 23.638233 81.79207520854067 -19.10948160694644
9.0 23.6823 80.5201427934459 -16.844360685141964
9.0 23.726364 80.88012935604637 -17.153555953391557
9.0 23.77043 80.84843756535659 -14.950866179013245
9.0 23.814495 78.7202154259911 -9.383041069272869
9.0 23.85856 76.68687425344132 -5.608525064096486
9.0 23.902626 76.6761954317828 -2.2032093403060484
9.0 23.946692 75.90570056796247 2.7999012066987636
9.0 23.990757 76.00420950355316 8.912690526168303
9.0 24.034822 75.3847868836364 17.483312531328227
9.0 24.078888 73.9705944338321 20.768120207921903
9.0 24.122953 75.59751064441156 25.95079199005424
9.0 24.167019 77.75809992670162 29.24986322971663
9.0 24.211084 83.52625619255477 32.707410535435116
9.0 24.25515 88.53593033122796 36.79611659847519
9.0 24.299215 92.64334008397849 36.03411488055699
9.0 24.34328 92.18787436375969 34.51997069446077
9.0 24.387344 90.9036193291591 31.705338588017717
9.0 24.431412 88.01955109342036 33.1585344451838
9.0 24.475475 85.36175822358977 30.693735415688185
9.0 24.519543 87.27865905961144 31.852085138068617
9.0 24.563606 89.26099889484722 30.051718258448744
9.0 24.607672 93.45778557191423 28.06544207874207
9.0 24.651737 96.74128598674784 28.901635313799023
9.0 24.695803 98.26955560825695 29.622104210956714
9.0 24.739868 99.69073921501806 27.76112051345557
9.0 24.783934 99.97047128920063 27.929565383390603
9.0 24.828 99.54181218442882 27.524894493333978
9.0 24.872065 97.15885353129752 26.37292364031232
9.0 24.91613 95.49963135985467 26.38639897828658
