0.0 7.298831 135.47563154601335 47.95243162966257
0.0 7.342897 134.49045720697472 48.45895509020119
0.0 7.386962 135.5889544866041 46.720804663998166
0.0 7.431027 135.23594639861554 45.421185286342265
0.0 7.475093 135.41606995767538 45.04874235576238
0.0 7.519158 135.143854294852 43.153962851168146
0.0 7.563223 135.5968590972559 42.808831488210785
0.0 7.607289 135.45610450777426 41.41474595254978
0.0 7.651354 135.9014072660811 41.44438534183771
0.0 7.69542 137.6859154110571 40.73241168981034
0.0 7.739485 138.37604182028988 40.447244762147946
0.0 7.78355 139.60245319928126 39.66326765602681
0.0 7.827616 142.37286115151434 38.59879617726335
0.0 7.871681 146.4253123542773 37.772883908260404
0.0 7.915746 147.06298655121935 38.02001144918208
0.0 7.959812 149.54134131525683 38.036176202309946
0.0 8.003877 152.12954739874328 38.635209405854006
0.0 8.047942 154.98101713274093 39.096911281222255
0.0 8.092008 157.35970846026447 38.92423274055728
0.0 8.136073 160.64737404836313 40.19114849752306
0.0 8.180139 163.96446602401502 41.384458310371826
0.0 8.224204 168.00266956196603 43.62176785462676
0.0 8.268269 171.5332161522214 46.06722716683311
0.0 8.312335 175.89751775000494 48.35039465705398
0.0 8.3564 180.44080990629735 51.47279004141743
0.0 8.400465 183.03265077072396 55.00231133358583
0.0 8.444531 185.9590811858135 57.43217568779192
0.0 8.488596 189.68170512557595 60.85984398937583
0.0 8.532661 191.70576507788454 64.28519855120747
0.0 8.576727 193.17723392108022 65.91875381776208
0.0 8.620792 193.9188057466835 66.84188609627299
0.0 8.664858 192.68143790441567 66.82413505309546
0.0 8.708923 189.92810617265496 64.93445803462063
0.0 8.752988 185.73005915119208 62.09104241886937
0.0 8.797054 181.5207107925903 57.40298559175231
0.0 8.841119 177.81877993971167 54.13512577453712
0.0 8.885184 170.43623732040766 51.36662687305582
0.0 8.92925 163.4338398490422 46.721374146959555
0.0 8.973315 156.66304827024362 42.020402389414464
0.0 9.01738 149.01395715153936 39.319375656968404
0.0 9.061446 141.88971836461033 36.08533939316983
0.0 9.105511 131.91091126614188 32.0625677328809
0.0 9.149577 124.45937385134279 29.84737170831918
0.0 9.193642 116.2345522888849 29.161919699716368
0.0 9.237707 110.61672744486789 25.552929980268317
0.0 9.281773 106.78909895620062 26.31291601372265
0.0 9.325838 103.7929962609534 23.798931910059697
0.0 9.369903 100.84788835416724 21.5783463237524
0.0 9.413969 96.68955343299375 21.291660691627545
0.0 9.458034 91.47207590000727 26.637866444949832
0.0 9.5021 87.75997087985147 28.248306071053236
0.0 9.546165 85.0743865401215 32.74168603225869
0.0 9.59023 82.78930881908013 33.9901157782606
0.0 9.634296 81.13897135113089 32.32159135593778
0.0 9.678361 82.15229101639775 30.473669239153324
0.0 9.722426 85.36385109695841 29.58911112383818
0.0 9.766492 90.57888334623533 25.487542586359588
0.0 9.810557 97.10749929643686 21.518430672378027
0.0 9.854622 102.46841193391843 18.606772914105626
0.0 9.898688 105.85163563394366 16.120484189665248
0.0 9.942753 108.05954167558846 14.958346046469545
0.0 9.986819 114.55849858708143 15.477525995002775
0.0 10.030884 123.07858330837475 17.255756765096763
0.0 10.074949 129.4012475057501 17.22944086581992
0.0 10.119015 137.46873246280646 16.59904076119302
0.0 10.16308 144.2125726030041 17.39816909895149
0.0 10.207145 148.20018018876226 21.95443900948802
0.0 10.251211 153.88898597393705 24.38693714786669
0.0 10.295276 157.8820383152125 29.460158449507247
0.0 10.339341 162.48483361941342 31.686659820207556
0.0 10.383407 166.54226565931853 37.11416162545641
0.0 10.427472 170.64260857308136 40.63510089629438
0.0 10.471538 174.15018118366586 45.56363469663161
0.0 10.515603 178.06592071197517 51.413110819031935
0.0 10.559668 180.55472986324574 55.206103143306315
0.0 10.603734 182.61967934211248 58.48246544660826
0.0 10.647799 183.22030150430598 63.62973051407762
0.0 10.691864 184.1346869639292 65.83203460134918
0.0 10.73593 184.78946337586845 68.23636992214465
0.0 10.779995 185.18700601153873 67.77140833494155
0.0 10.824061 184.5941018425724 68.31607595889669
1.0 7.298831 199.80927866624532 93.16943293199762
1.0 7.342897 199.27968136360698 93.16865888611339
1.0 7.386962 199.51697564672284 92.81179196811547
1.0 7.431027 199.0195416915948 91.82546435773644
1.0 7.475093 199.41132269609318 91.26116017451574
1.0 7.519158 199.22560708912965 89.44987917066682
1.0 7.563223 199.74951037164183 89.08752002998321
1.0 7.607289 200.2207492493946 86.99447373063471
1.0 7.651354 200.7442313749691 87.02420174969095
1.0 7.69542 201.22064252294922 88.24858480042573
1.0 7.739485 201.84736541180703 88.11255791239824
1.0 7.78355 202.0696863953342 88.78547132218432
1.0 7.827616 202.38765021750794 90.82612807618095
1.0 7.871681 204.87628191432128 92.02969840161086
1.0 7.915746 203.32772870710357 94.37785812136725
1.0 7.959812 203.03530523210495 96.98634222063293
1.0 8.003877 202.55160487479387 100.14191902001116
1.0 8.047942 202.76626565372115 102.67159032744335
1.0 8.092008 201.73769536459037 104.77795384482484
1.0 8.136073 202.13574588920665 107.8723121652501
1.0 8.180139 201.8512786923453 111.10418027122338
1.0 8.224204 201.24489661377655 115.59939449847367
1.0 8.268269 201.00598652275295 119.6211448243414
1.0 8.312335 201.39476834783966 123.4358371179905
1.0 8.3564 201.36489547425623 127.97022533234164
1.0 8.400465 200.9499798370326 132.21178744891827
1.0 8.444531 200.61953927422977 135.34099934868001
1.0 8.488596 199.90189560182907 139.50235539773112
1.0 8.532661 199.4274501500022 143.20617536985083
1.0 8.576727 200.14449686985995 144.9769854415674
1.0 8.620792 201.12522589158962 145.94649341707287
1.0 8.664858 202.1890789411268 145.6819052886978
1.0 8.708923 204.2933344954785 143.0666332305135
1.0 8.752988 205.4425820448818 138.93898400224035
1.0 8.797054 204.7111081705113 133.0813633150189
1.0 8.841119 205.75031020634495 128.18291400053894
1.0 8.885184 204.7926400467403 122.33963598439982
1.0 8.92925 204.2918540337207 114.10334260334574
1.0 8.973315 202.87339199712846 105.87131180047692
1.0 9.01738 200.48367006829844 98.9138998066886
1.0 9.061446 199.49410843050103 89.96392493191081
1.0 9.105511 194.65216869443495 80.19622192902365
1.0 9.149577 191.20756405223202 72.61649548690632
1.0 9.193642 186.54378963843047 66.21720164773936
1.0 9.237707 183.25465180844725 58.91173662870097
1.0 9.281773 181.16014146559615 55.81995572532168
1.0 9.325838 179.73607490545328 50.164226432721854
1.0 9.369903 178.88125452946454 42.53313527637853
1.0 9.413969 176.2416621328731 37.062696060590355
1.0 9.458034 171.793718558941 35.95249804121658
1.0 9.5021 168.49966026979368 32.748220264303406
1.0 9.546165 165.6398348468517 32.97710986100593
1.0 9.59023 163.32015599182785 32.02194863631942
1.0 9.634296 161.83434233549755 29.649075341331383
1.0 9.678361 163.00938368585994 30.114343089581258
1.0 9.722426 165.94632277695317 33.78483167694721
1.0 9.766492 170.8287682697025 35.62552298713051
1.0 9.810557 176.37854937346916 38.11840062016231
1.0 9.854622 180.52856996207132 40.80359825740524
1.0 9.898688 182.64765021131683 43.05494996911546
1.0 9.942753 182.21866806801407 48.603741527390284
1.0 9.986819 184.75819387517984 56.263137357802044
1.0 10.030884 187.32737637052367 66.17325386537085
1.0 10.074949 188.95778614304277 71.72054727437458
1.0 10.119015 192.98395925448693 75.42365668628877
1.0 10.16308 195.05062831829957 80.29132795490538
1.0 10.207145 192.77980863063175 88.85989490318141
1.0 10.251211 193.11105471721547 94.41203959836167
1.0 10.295276 192.27085712255533 101.56829045953938
1.0 10.339341 191.51326564736854 106.04669904660553
1.0 10.383407 190.18342940575687 112.98199248461906
1.0 10.427472 188.5883739364195 117.87031183640447
1.0 10.471538 185.08817306575745 123.80588565774464
1.0 10.515603 182.44754948490964 130.03970034027142
1.0 10.559668 180.51237370393463 133.80498360359834
1.0 10.603734 177.31503942844515 136.73695912645317
1.0 10.647799 174.50527461951944 141.2749461171889
1.0 10.691864 174.2060433712426 143.28855455743292
1.0 10.73593 174.94966947339768 145.67772028879634
1.0 10.779995 176.7860827763166 145.48524789687323
1.0 10.824061 178.0622063231672 146.21334778841927
2.0 7.298831 111.88137142030347 138.49681379884638
2.0 7.342897 111.68573410236172 139.3652204248415
2.0 7.386962 111.00512618625511 137.2900766294601
2.0 7.431027 110.38806661408353 136.04833748770284
2.0 7.475093 110.87021867939175 135.7855582496445
2.0 7.519158 110.70761753225652 134.07241173679589
2.0 7.563223 111.21231468304761 133.74684048239095
2.0 7.607289 112.2182519579631 132.68258942055698
2.0 7.651354 112.688002239673 132.74386582836843
2.0 7.69542 111.85939908730623 131.45680646639187
2.0 7.739485 112.40626136643785 131.11635801210255
2.0 7.78355 111.72454488895272 129.91296058686757
2.0 7.827616 110.1950352054568 127.61301135357628
2.0 7.871681 111.42697829122274 125.81327576299418
2.0 7.915746 108.91869618834731 124.79773111954337
2.0 7.959812 107.47061700598258 123.04471470268369
2.0 8.003877 106.01071773134868 121.52150677999859
2.0 8.047942 105.51897258815231 120.0596665993708
2.0 8.092008 104.01942539896785 117.3775331839523
2.0 8.136073 104.05958137194902 116.27908766643111
2.0 8.180139 103.5792991452849 114.48818729666081
2.0 8.224204 103.09084109490199 112.68121192240145
2.0 8.268269 103.22090336544893 111.66148066699331
2.0 8.312335 104.21493010282441 110.26409469347577
2.0 8.3564 105.22927541774355 108.9736934368675
2.0 8.400465 105.6753439071227 109.32752409993417
2.0 8.444531 106.43209939114114 108.47990067344098
2.0 8.488596 107.43323714616373 107.3584303201571
2.0 8.532661 108.06177922148402 107.95188190657514
2.0 8.576727 109.11454984469538 108.68701240736351
2.0 8.620792 109.96656595570306 109.75243115433591
2.0 8.664858 110.00696839235803 111.88196581279455
2.0 8.708923 110.15642865756072 114.74371033025581
2.0 8.752988 109.61277875193711 117.08483354606648
2.0 8.797054 108.17116105508747 116.09587291779077
2.0 8.841119 108.30732393113777 117.33534153579281
2.0 8.885184 106.9204777973062 120.25808281136861
2.0 8.92925 106.72523933135463 121.39532609904016
2.0 8.973315 106.32915283726412 121.33388880172187
2.0 9.01738 105.6869745496191 122.7056545622312
2.0 9.061446 107.70291854928828 123.72288566060004
2.0 9.105511 106.69462898366051 123.11842009221942
2.0 9.149577 107.16379360049937 122.99503232399192
2.0 9.193642 107.0472930890003 123.7425064238222
2.0 9.237707 106.99110090477365 121.06803241861526
2.0 9.281773 108.07610022085996 121.93603287510601
2.0 9.325838 109.35874834602579 119.65550702914052
2.0 9.369903 113.00486397888811 117.12925856140197
2.0 9.413969 114.96985927485237 116.12076838653749
2.0 9.458034 116.68882716905675 119.45223080014188
2.0 9.5021 118.13672940361879 119.4271492571172
2.0 9.546165 119.70906886496469 121.9301104422694
2.0 9.59023 119.79411994571718 122.2152941883187
2.0 9.634296 119.08213511897856 120.42331926945417
2.0 9.678361 117.86314855973154 119.72962636639276
2.0 9.722426 116.19544406693684 120.5395866819815
2.0 9.766492 115.03926198353412 118.6391502139247
2.0 9.810557 114.26463153280558 116.44890479688863
2.0 9.854622 113.23344992157038 114.73388149050952
2.0 9.898688 111.34025510905133 113.08796612247009
2.0 9.942753 105.81703343482195 112.38263219793355
2.0 9.986819 102.85376254303475 112.02998160892574
2.0 10.030884 99.59283881506579 111.2306900918724
2.0 10.074949 97.78347521146637 108.83855331738094
2.0 10.119015 99.40085465067803 105.89133524078922
2.0 10.16308 99.62895294418132 103.63403308931495
2.0 10.207145 95.91620752022426 103.2597080093542
2.0 10.251211 95.60122461197263 101.35964245526709
2.0 10.295276 94.62455142310462 101.89889694969162
2.0 10.339341 94.21658018373152 99.41041636476312
2.0 10.383407 93.74773250757283 99.37066721489369
2.0 10.427472 93.5707475456648 97.27123166786839
2.0 10.471538 92.41720167407443 94.81985874005537
2.0 10.515603 92.65385888109117 93.38176832650925
2.0 10.559668 93.03301637583597 92.16655984944657
2.0 10.603734 92.91878330705458 89.48051071227718
2.0 10.647799 92.48589798563992 90.21836005306955
2.0 10.691864 93.08636228349397 90.87698010104619
2.0 10.73593 93.89112311626593 93.13775659116938
2.0 10.779995 94.74622200561858 94.37179323609112
2.0 10.824061 94.85637670240492 96.85217023346968
3.0 7.298831 44.38130224168419 111.49234725405887
3.0 7.342897 43.708030074947715 113.10869651053407
3.0 7.386962 43.29133467355146 109.89599880055172
3.0 7.431027 42.56994633487516 108.46738664638893
3.0 7.475093 43.01039010821773 108.4238443273021
3.0 7.519158 42.7179326904807 106.73079233570544
3.0 7.563223 43.34159565714204 106.42028989738021
3.0 7.607289 44.339648923358645 106.1166417593221
3.0 7.651354 44.961521518276115 106.13747088535752
3.0 7.69542 44.754482416174056 103.03043666863941
3.0 7.739485 45.678994475753655 102.52759399202031
3.0 7.78355 45.52605131649057 99.97244871045405
3.0 7.827616 45.23632009285624 94.62814911940114
3.0 7.871681 48.13300722269297 90.79646619637296
3.0 7.915746 46.492156518835436 87.45495313592416
3.0 7.959812 46.704259360321366 82.92740180991946
3.0 8.003877 47.30084468426958 78.50029986902707
3.0 8.047942 48.756829933237384 74.74858062100914
3.0 8.092008 49.35552356524694 69.32101329466971
3.0 8.136073 51.787385849093795 66.1076771068067
3.0 8.180139 54.04118436924724 61.73295348732264
3.0 8.224204 57.153662165596 57.015317588868626
3.0 8.268269 60.494995337642514 53.94952453466876
3.0 8.312335 64.97233054362295 50.71367578115906
3.0 8.3564 69.99936051575634 47.58276082544017
3.0 8.400465 73.33165603088331 46.90804108718008
3.0 8.444531 76.98287084629592 45.02350826796614
3.0 8.488596 81.88070836790274 42.68399704119148
3.0 8.532661 85.05310234736842 42.79859093960788
3.0 8.576727 87.09958562139758 43.644552454038404
3.0 8.620792 88.01633023541183 45.0755645035723
3.0 8.664858 86.44071372947539 48.00243870251812
3.0 8.708923 82.85963311318788 52.5490399266943
3.0 8.752988 77.9916516315734 56.84840030674202
3.0 8.797054 73.14279521359812 57.08145636014295
3.0 8.841119 69.41728482097143 60.51589947043177
3.0 8.885184 62.730704161113735 66.82710208947282
3.0 8.92925 57.14432779017631 72.10266406778315
3.0 8.973315 52.175302341234996 76.03880403344182
3.0 9.01738 47.15585518083613 81.90819045301104
3.0 9.061446 45.10240756951859 89.27128107237614
3.0 9.105511 39.78220282155501 94.91648254995592
3.0 9.149577 37.618898172631425 100.3840051152058
3.0 9.193642 35.21885796919293 106.90071059265526
3.0 9.237707 33.877865067436616 108.0832184061037
3.0 9.281773 34.30827129555152 112.50013282626753
3.0 9.325838 35.343984551029244 113.07863944033564
3.0 9.369903 39.34688682959852 115.10643692523129
3.0 9.413969 41.45017579158689 118.42293077716604
3.0 9.458034 43.304397608152186 127.13751048263953
3.0 9.5021 45.27614317450304 131.00661160628528
3.0 9.546165 47.41434984444098 136.98709427426397
3.0 9.59023 47.711088065220714 139.1068434156988
3.0 9.634296 47.02066629394947 137.85529002921737
3.0 9.678361 45.252022132057974 135.34899262008463
3.0 9.722426 42.684567159390916 132.4666784584231
3.0 9.766492 41.09894750343103 125.5322490936927
3.0 9.810557 40.32915182313284 117.7362106011749
3.0 9.854622 39.40147700856955 111.23861662236335
3.0 9.898688 37.52235925906649 105.68342750966956
3.0 9.942753 31.487537815904716 99.20929925130677
3.0 9.986819 29.680504917644807 91.92535028808032
3.0 10.030884 28.838944148216143 82.52636818202178
3.0 10.074949 29.590785137416216 74.1637331898631
3.0 10.119015 34.62192637135645 66.78003632537394
3.0 10.16308 38.27148267413923 60.1979167462967
3.0 10.207145 38.183685879950126 54.1605297607084
3.0 10.251211 41.97451107728931 48.22893956843691
3.0 10.295276 44.92170558771165 45.514927907636654
3.0 10.339341 48.72969794596358 39.72468401376287
3.0 10.383407 53.05649972493289 36.946405139681396
3.0 10.427472 57.73383450019796 32.29451203734812
3.0 10.471538 62.680619442222536 26.869913335680202
3.0 10.515603 69.09272742776965 23.612361046622485
3.0 10.559668 73.71523013254847 21.522290278472784
3.0 10.603734 78.40634070267251 17.845192100206752
3.0 10.647799 81.65918923573898 18.68089760814302
3.0 10.691864 83.72133067306164 19.606154807291947
3.0 10.73593 84.89379331548714 22.46536531167267
3.0 10.779995 84.53449616577649 24.028260527889632
3.0 10.824061 83.23065550931094 27.045467964551733
4.0 7.298831 158.1406780052962 177.34741436402155
4.0 7.342897 158.4173138972215 178.04509316651834
4.0 7.386962 156.52104506552266 176.76582108785897
4.0 7.431027 155.70170084892519 175.53404871459023
4.0 7.475093 156.29076886991209 175.11107703904068
4.0 7.519158 156.08486277407872 173.1481390806568
4.0 7.563223 156.6244373990226 172.77339548079257
4.0 7.607289 158.1733121619944 170.97956094268818
4.0 7.651354 158.84186015384182 171.06356567363278
4.0 7.69542 156.7541422289434 171.07670785281098
4.0 7.739485 157.42810687998346 170.77668240033438
4.0 7.78355 155.91723053270155 170.48940761652796
4.0 7.827616 152.25695623440112 170.16960091713509
4.0 7.871681 152.34526958329434 169.6383555335551
4.0 7.915746 148.2263715103868 169.99574570509455
4.0 7.959812 144.68165009172864 169.92143009726848
4.0 8.003877 141.11674469651666 170.12373521387792
4.0 8.047942 138.7316046319793 170.05230774658708
4.0 8.092008 134.62525341639773 168.6621808892989
4.0 8.136073 132.62175364919278 168.87387865537872
4.0 8.180139 129.5409009972901 168.45346887870264
4.0 8.224204 125.63655999219627 168.26108965299275
4.0 8.268269 123.04671296929465 168.45712415106004
4.0 8.312335 121.1504139962972 168.14556938778298
4.0 8.3564 118.796578412555 167.86689498698132
4.0 8.400465 116.99284959961491 168.95897656920422
4.0 8.444531 115.36000061151275 168.60187291016888
4.0 8.488596 113.07391916807549 167.97697884367196
4.0 8.532661 111.80908012955746 168.94237111809048
4.0 8.576727 112.30599049964458 169.85083390711242
4.0 8.620792 113.27584554860881 171.02075048216577
4.0 8.664858 114.89651666385026 173.18539587379755
4.0 8.708923 118.56501737360063 175.79871813241448
4.0 8.752988 121.97504851160437 177.44760353310986
4.0 8.797054 123.37052921810215 175.4190133717447
4.0 8.841119 127.08302905103672 175.46203311953732
4.0 8.885184 130.54846434475985 176.37165382907293
4.0 8.92925 135.38283803794357 174.73384881039894
4.0 8.973315 139.08946781789842 171.72467311998653
4.0 9.01738 142.3931093998101 169.81517448355316
4.0 9.061446 149.00000830741203 166.40507927198425
4.0 9.105511 151.4875812956651 161.0659927878066
4.0 9.149577 154.73588963350764 156.69151406950445
4.0 9.193642 157.29277097216846 153.0195284201069
4.0 9.237707 158.41890945295714 147.10488991840955
4.0 9.281773 160.7923210881823 145.21292888549962
4.0 9.325838 162.8423278652761 140.3864640216414
4.0 9.369903 167.55143637815314 133.9861653527963
4.0 9.413969 170.4529125436342 129.3193149539445
4.0 9.458034 173.20282909547652 128.34191859106724
4.0 9.5021 174.86021575849384 125.02329684465775
4.0 9.546165 176.7335366719992 124.64306173186428
4.0 9.59023 176.7956147979409 123.30778760912096
4.0 9.634296 175.77500515035413 120.93641800220858
4.0 9.678361 174.5159177962345 121.75745504661316
4.0 9.722426 172.72319330574015 125.66427598268562
4.0 9.766492 171.20643624521614 127.836599710106
4.0 9.810557 169.51733070112243 130.12731684239247
4.0 9.854622 167.5063586249955 132.24394441499632
4.0 9.898688 164.6503517573184 133.69031212031098
4.0 9.942753 157.45589662126045 137.2458122925559
4.0 9.986819 152.11749061244154 141.93723131260523
4.0 10.030884 144.91831488169058 147.13183090150713
4.0 10.074949 140.08308108623416 148.70049557789454
4.0 10.119015 139.11289639597365 148.83376185546663
4.0 10.16308 136.26548216254804 149.59877222057688
4.0 10.207145 128.47527687569527 152.7204859911568
4.0 10.251211 124.58385645886598 153.39432267017227
4.0 10.295276 120.27244988682686 156.22218883834051
4.0 10.339341 116.17535778831646 155.65150443064928
4.0 10.383407 111.77240284314878 157.4470506316209
4.0 10.427472 107.46046549954731 156.74440970915612
4.0 10.471538 101.13205488862116 155.64807557207584
4.0 10.515603 96.27597487719304 155.07326754479766
4.0 10.559668 93.23887755856752 154.18783950588033
4.0 10.603734 89.1395863253768 151.60377054201183
4.0 10.647799 85.76486895730025 152.41942342788968
4.0 10.691864 85.35242834927179 153.11366022980673
4.0 10.73593 85.98968927400433 155.4441046987692
4.0 10.779995 87.9477566895868 156.75187256659896
4.0 10.824061 89.3009074985593 159.3995995024591
5.0 7.298831 198.767005112852 148.61272922393994
5.0 7.342897 198.7518620886599 148.62088649616294
5.0 7.386962 197.85315248946927 148.1971968811972
5.0 7.431027 197.10438452732666 147.1462545198929
5.0 7.475093 197.6522353897335 146.62773250605986
5.0 7.519158 197.38971374822077 144.79559247995095
5.0 7.563223 197.89656532591204 144.46552776005214
5.0 7.607289 198.8774351942029 142.39066614918897
5.0 7.651354 199.35898006826267 142.46543179011977
5.0 7.69542 198.20722869003805 143.6038618462277
5.0 7.739485 198.6207740239718 143.45156523021438
5.0 7.78355 197.5854720978565 144.00149124889373
5.0 7.827616 195.1864266392442 145.67788001192133
5.0 7.871681 195.66820048083676 146.65763133098775
5.0 7.915746 192.23076500416053 148.48301947388973
5.0 7.959812 189.4458400109191 150.37924400009246
5.0 8.003877 186.3567907955079 152.64846259745084
5.0 8.047942 184.36951495530604 154.35931599240192
5.0 8.092008 180.87950587198463 155.30417406328948
5.0 8.136073 179.08845751975676 157.3680446040296
5.0 8.180139 176.28328979379168 159.26045925991787
5.0 8.224204 172.65112874177902 161.8954459905545
5.0 8.268269 170.0423140902493 164.29898558951047
5.0 8.312335 167.9903192406356 166.2820942467559
5.0 8.3564 165.37098482009299 168.61274256985905
5.0 8.400465 163.30166711902828 171.37040820606117
5.0 8.444531 161.30646126142466 172.809462307773
5.0 8.488596 158.4700539678333 174.58522671628523
5.0 8.532661 156.76639227662523 176.90650133229988
5.0 8.576727 157.0163692671679 178.19155908478848
5.0 8.620792 157.9724678088739 179.23224034776453
5.0 8.664858 159.92246437638772 180.23068787462014
5.0 8.708923 164.15950411561386 180.19825232734388
5.0 8.752988 168.05164927973775 178.82789273517872
5.0 8.797054 169.51477710442026 174.64248669428082
5.0 8.841119 173.30029445813977 171.93394784389602
5.0 8.885184 176.6622848023321 168.92159900326715
5.0 8.92925 180.82716633602286 163.1432670994548
5.0 8.973315 183.63559948915952 156.63501340461653
5.0 9.01738 185.8625434189909 151.18212972436524
5.0 9.061446 190.4573144861795 143.5615552053912
5.0 9.105511 191.08903069157145 134.44909043955747
5.0 9.149577 192.27574518141145 127.10059735582759
5.0 9.193642 192.280257594566 120.53526337731232
5.0 9.237707 191.93482561407748 113.09116999116642
5.0 9.281773 192.66731154475335 109.6527982407033
5.0 9.325838 193.46902640423752 103.83484805973586
5.0 9.369903 196.2075515403444 95.76267188991076
5.0 9.413969 196.98643044454215 89.52161601574055
5.0 9.458034 196.74693337714814 86.64219750478209
5.0 9.5021 196.47575191139924 82.11441146545286
5.0 9.546165 196.23170709578164 80.73685022807065
5.0 9.59023 195.2581037680847 78.9840535514442
5.0 9.634296 194.22004519798878 76.5308545742963
5.0 9.678361 194.04085766294378 77.8663618366104
5.0 9.722426 194.2578350674214 82.86433188777075
5.0 9.766492 195.36577332298538 86.58684585634239
5.0 9.810557 196.65142831549926 90.7989141188324
5.0 9.854622 197.0137021332442 94.69251855298687
5.0 9.898688 195.9109270923455 97.70669734017054
5.0 9.942753 190.99420174819053 103.71496622302193
5.0 9.986819 188.1949739325358 111.5044513171716
5.0 10.030884 184.2149274953362 120.95576207035944
5.0 10.074949 181.04524722914567 125.75847968577064
5.0 10.119015 180.93583670994283 128.63923435275757
5.0 10.16308 178.97665631412877 132.21126558304772
5.0 10.207145 172.3746291415821 138.82738002933058
5.0 10.251211 168.9792743569624 142.48267997620263
5.0 10.295276 165.09139308364317 147.82616151191084
5.0 10.339341 161.12689764059766 150.08268884120452
5.0 10.383407 156.80671550543562 154.68121603178585
5.0 10.427472 152.32272381400261 156.8886052356137
5.0 10.471538 145.59964385262793 159.3953978054293
5.0 10.515603 140.1373376016989 162.1671637128255
5.0 10.559668 136.47316850484918 163.4525726710197
5.0 10.603734 131.51730801267448 163.32476324232636
5.0 10.647799 127.53330219798883 165.7812788666803
5.0 10.691864 126.76985193705067 166.9991300434498
5.0 10.73593 127.36861906929254 169.38804533861767
5.0 10.779995 129.5568779084632 170.04820993500374
5.0 10.824061 131.293191243512 171.90333318595486
6.0 7.298831 258.92175994518686 10.574215693553944
6.0 7.342897 253.60681967416824 6.689752812133664
6.0 7.386962 270.864654771048 2.5024618944308137
6.0 7.431027 271.96455611961886 2.022623241860187
6.0 7.475093 272.681339059684 1.6180569805550329
6.0 7.519158 273.17457995178603 2.0523248181136964
6.0 7.563223 272.57830219999965 2.1139764810333594
6.0 7.607289 266.7910486893162 0.5157772209233953
6.0 7.651354 259.4378230977754 2.480247664796675
6.0 7.69542 267.057507458972 2.4546128068359785
6.0 7.739485 258.5115447372345 2.8692324722618037
6.0 7.78355 258.3460082686946 3.2827859399414083
6.0 7.827616 266.82624458100963 5.203966927243992
6.0 7.871681 259.65532935275303 7.308194679409924
6.0 7.915746 261.6557304053614 11.95045027425593
6.0 7.959812 264.235087652283 13.959169747774064
6.0 8.003877 258.7029001501371 16.987646181950055
6.0 8.047942 256.5474223498691 17.577990729052857
6.0 8.092008 266.92456473315156 20.412958249957555
6.0 8.136073 263.3217054903533 19.992575051462453
6.0 8.180139 262.3212770528254 23.37533912473479
6.0 8.224204 263.6007174330183 24.66164909005201
6.0 8.268269 260.28841955610727 23.49061592793418
6.0 8.312335 258.3280219925254 19.29817189017318
6.0 8.3564 258.60000421649124 15.294684117792904
6.0 8.400465 253.73460522623006 13.229300364375334
6.0 8.444531 253.1364588377126 10.521497638350855
6.0 8.488596 254.3705839270833 6.990678171178518
6.0 8.532661 248.7590927634054 4.896827170591902
6.0 8.576727 244.98809176371918 -1.0703852951774733
6.0 8.620792 244.4029726837835 -6.934320653697576
6.0 8.664858 241.77245490738693 -8.811988898733565
6.0 8.708923 238.66044477523099 -13.69731159415147
6.0 8.752988 237.9024388154809 -15.566790734089501
6.0 8.797054 239.46908560908312 -14.877715130730548
6.0 8.841119 239.07697649559506 -15.588045422498844
6.0 8.885184 239.98746038269928 -12.124567398227382
6.0 8.92925 238.84797643717854 -12.926529571481476
6.0 8.973315 240.8880940061807 -14.168937951614408
6.0 9.01738 244.73630052031396 -11.070073657866125
6.0 9.061446 241.33765055681278 -19.119899054472302
6.0 9.105511 254.84501512886155 -23.42405559370848
6.0 9.149577 256.8111521938972 -26.043583390002713
6.0 9.193642 246.61166790554975 -22.956989673340647
6.0 9.237707 254.3566894558016 -24.843207548374036
6.0 9.281773 248.74618209138268 -20.560835891540176
6.0 9.325838 251.1167631267254 -18.396538726652924
6.0 9.369903 256.40509877807796 -19.957439950650155
6.0 9.413969 254.14648317294942 -16.347431850862318
6.0 9.458034 245.19284293533275 -8.59678945154631
6.0 9.5021 252.62741766143242 -10.214108750410144
6.0 9.546165 249.2074856319754 -6.998246224398261
6.0 9.59023 250.58733595696384 -4.515308024943863
6.0 9.634296 261.30249479510456 -7.0102965275908735
6.0 9.678361 260.9192756552301 -5.4446455104043645
6.0 9.722426 259.74592593470004 -1.3452372066274891
6.0 9.766492 255.83144505857862 -0.606291058553432
6.0 9.810557 260.70044243838316 -3.5214477896419747
6.0 9.854622 260.70364902525336 -4.357220247888604
6.0 9.898688 257.0547201126567 -4.676267315705703
6.0 9.942753 251.98879048684122 3.307017921953012
6.0 9.986819 246.89410131651758 8.680350536489016
6.0 10.030884 254.09313477701596 16.354492061443146
6.0 10.074949 248.44151224053306 18.769155706209563
6.0 10.119015 235.3815308416632 13.109908017588067
6.0 10.16308 230.34162074493085 3.986594630515526
6.0 10.207145 226.3355279559787 12.512131211222323
6.0 10.251211 219.96924055502186 8.429079543291653
6.0 10.295276 212.2235359821895 8.820914444173248
6.0 10.339341 208.32077181799158 3.9597583825542757
6.0 10.383407 203.632548648943 2.2986221468693073
6.0 10.427472 203.57906023010085 -3.6843233953800874
6.0 10.471538 200.9263042235378 -3.2864153254486235
6.0 10.515603 201.83356012665752 -6.321112568557099
6.0 10.559668 202.18044937116412 -10.946522988341925
6.0 10.603734 205.1960039140671 -18.036077610892065
6.0 10.647799 205.55983203174927 -23.185701525394354
6.0 10.691864 203.29258976055033 -27.759731229409013
6.0 10.73593 202.23550225348995 -28.677794743426603
6.0 10.779995 200.74151999777072 -27.91157756232075
6.0 10.824061 198.7986390219124 -25.50234132274615
7.0 7.298831 110.95466906278872 40.6419534265372
7.0 7.342897 109.72914022355292 36.511527412656704
7.0 7.386962 126.27252200597638 29.65758833067027
7.0 7.431027 127.84245861232749 28.70718383966754
7.0 7.475093 128.59674653159956 29.03696629362398
7.0 7.519158 128.99543321770759 30.11400935334045
7.0 7.563223 127.59976192035788 30.577591926304223
7.0 7.607289 119.02731472550755 31.59075861486467
7.0 7.651354 112.04698112947072 33.550000267565636
7.0 7.69542 119.38416394583265 29.029070890596845
7.0 7.739485 108.65579871660593 29.3391421064993
7.0 7.78355 108.45473438629809 26.227689410167187
7.0 7.827616 116.31409264120516 20.568407743024036
7.0 7.871681 105.02879158073216 18.1629155753313
7.0 7.915746 108.49150284480261 16.566464087500005
7.0 7.959812 109.69329448083869 10.688141577521508
7.0 8.003877 102.78975652536127 5.087617089303551
7.0 8.047942 98.92464117685057 -1.8099379880255007
7.0 8.092008 106.10691781436803 -8.499924353430195
7.0 8.136073 100.3875358922706 -17.534415445263704
7.0 8.180139 99.19644074486172 -23.776442920684225
7.0 8.224204 101.03390304377992 -35.41784071299875
7.0 8.268269 97.86252063299581 -47.45633568537797
7.0 8.312335 95.59238802782502 -63.68687614576559
7.0 8.3564 95.90852104577816 -81.93133383688541
7.0 8.400465 93.02846984201221 -92.20615878834519
7.0 8.444531 93.52361196464965 -104.77636328370993
7.0 8.488596 97.43654451285242 -121.59515241628345
7.0 8.532661 94.24329769500804 -129.8988821596663
7.0 8.576727 89.31706942138064 -139.50812546349465
7.0 8.620792 86.6684744683652 -146.70611648834708
7.0 8.664858 81.06839300138408 -142.9267635028273
7.0 8.708923 71.66860018193938 -136.57291573089378
7.0 8.752988 64.56060527396838 -125.98121852437426
7.0 8.797054 60.800936095633574 -118.03087161703955
7.0 8.841119 55.7816561897099 -105.91067575550638
7.0 8.885184 52.21730636163441 -84.36503965280112
7.0 8.92925 47.89763504501581 -65.31106457907477
7.0 8.973315 48.423499494104874 -49.124978741265835
7.0 9.01738 55.052008747007065 -26.902200119672106
7.0 9.061446 49.4348479926122 -12.770191058095575
7.0 9.105511 71.66174429953004 3.9190272734879636
7.0 9.149577 79.47989494772284 19.308757143107293
7.0 9.193642 80.67955696798424 38.04614604761371
7.0 9.237707 92.9802618295548 48.943898755127805
7.0 9.281773 95.52206786671039 61.59451042271953
7.0 9.325838 101.07516088008546 73.95692733816111
7.0 9.369903 109.86651326487782 88.54000239665294
7.0 9.413969 117.24472106369333 101.96449875578416
7.0 9.458034 125.41375380306532 113.79709773543324
7.0 9.5021 141.01749781960172 120.09584448935972
7.0 9.546165 147.0821238951299 126.24160580853219
7.0 9.59023 153.83880479595223 130.51361264224792
7.0 9.634296 165.13106697200107 131.69304735124294
7.0 9.678361 161.069466479504 130.23823807471175
7.0 9.722426 152.76548379206076 127.82469889645371
7.0 9.766492 136.81283922173873 121.43961679058819
7.0 9.810557 126.74499417146409 111.74663857247432
7.0 9.854622 117.31636603805352 101.02506638597154
7.0 9.898688 108.36971611504495 90.47894406284809
7.0 9.942753 102.61079141283696 80.94046048198534
7.0 9.986819 91.37684699826295 68.13168378830579
7.0 10.030884 93.70835812335152 53.187061198102256
7.0 10.074949 83.48892579131277 38.830962939556635
7.0 10.119015 60.946158696378866 18.584368268721313
7.0 10.16308 47.98334875594413 -8.160841168625653
7.0 10.207145 51.35994530464955 -18.201496936238126
7.0 10.251211 43.45502757656728 -39.8731915567716
7.0 10.295276 41.504252393721345 -52.62338370581609
7.0 10.339341 38.88668931410343 -73.92890453729314
7.0 10.383407 39.27435827368731 -90.01674014458726
7.0 10.427472 42.086185420330736 -113.89513982389586
7.0 10.471538 48.074273658355615 -130.77299878904637
7.0 10.515603 58.175697128186435 -150.17885106019042
7.0 10.559668 64.14789576917389 -167.45600676444886
7.0 10.603734 74.03214564270549 -192.60237645155516
7.0 10.647799 80.62306374802543 -208.27936776109806
7.0 10.691864 80.03617764687628 -216.38079813515048
7.0 10.73593 79.17348361523152 -215.23143296625167
7.0 10.779995 75.12770524123638 -209.0539471005556
7.0 10.824061 70.91603854558298 -199.39314468387724
