21.390900999
21.434965999
21.479030999
21.523097000
21.567162000
21.611226999
21.655293000
21.699358000
21.743423000
21.787489000
21.831554000
21.875619999
21.919685000
21.963750000
22.007815999
22.051880999
22.095945999
22.140011999
22.184076999
22.228141999
22.272207999
22.316272999
22.360339000
22.404403999
22.448468999
22.492535000
22.536600000
22.580665000
22.624731000
22.668796000
22.712862000
22.756927000
22.800992000
22.845057999
22.889122999
22.933188000
22.977253999
23.021318999
23.065383999
23.109449999
23.153514999
23.197580999
23.241645999
23.285710999
23.329777000
23.373842000
23.417907000
23.461973000
23.506038000
23.550103000
23.594169000
23.638234000
23.682299999
23.726365000
23.770430000
23.814495999
23.858560999
23.902625999
23.946691999
23.990756999
24.034822999
24.078887999
24.122952999
24.167019000
24.211084000
24.255148999
24.299215000
24.343280000
24.387345000
24.431411000
24.475476000
24.519542000
24.563607000
24.607672000
24.651737999
24.695802999
24.739868000
24.783933999
24.827998999
24.872063999
24.916129999
