0.368307001
0.412372001
0.456437000
0.500503000
0.544568000
0.588633001
0.632699001
0.676764001
0.720829000
0.764895000
0.808960000
0.853026001
0.897091001
0.941156001
0.985222001
1.029287000
1.073352000
1.117418001
1.161483001
1.205549001
1.249614000
1.293679000
1.337745001
1.381810001
1.425875001
1.469941000
1.514006001
1.558071001
1.602137000
1.646202000
1.690268001
1.734333001
1.778398000
1.822464001
1.866529001
1.910594001
1.954660000
1.998725000
2.042791001
2.086856000
2.130921000
2.174987001
2.219052001
2.263117001
2.307183001
2.351248001
2.395313001
2.439379000
2.483444000
2.527510001
2.571575000
2.615640000
2.659706001
2.703771001
2.747836001
2.791902000
2.835967001
2.880033000
2.924098000
2.968163000
3.012229001
3.056294001
3.100359000
3.144425001
3.188490001
3.232555001
3.276621000
3.320686001
3.364751001
3.408817000
3.452882000
3.496948001
3.541013001
3.585078000
3.629144001
3.673209001
3.717274001
3.761340000
3.805405000
3.849471001
3.893536000
